0.756378 	-9.1394e-05 	8.71366e-05 	-1.34155e-06
0.757879 	-0.000201505 	0.000180966 	-2.60116e-06
0.75938 	-0.000311616 	0.000274795 	-3.86076e-06
0.76088 	-0.000421727 	0.000368624 	-5.12037e-06
0.762381 	-0.000509539 	0.000446787 	-6.27785e-06
0.763882 	-0.000587026 	0.000509903 	-7.14495e-06
0.765383 	-0.000667006 	0.000572612 	-7.95538e-06
0.766883 	-0.000746986 	0.000635321 	-8.76581e-06
0.768384 	-0.000826966 	0.00069803 	-9.57624e-06
0.769885 	-0.000904334 	0.000757813 	-1.04509e-05
0.771386 	-0.00097189 	0.000807206 	-1.10764e-05
0.772886 	-0.00104038 	0.000855993 	-1.16525e-05
0.774387 	-0.00110886 	0.000904781 	-1.22287e-05
0.775888 	-0.00117735 	0.000953568 	-1.28048e-05
0.777389 	-0.00125227 	0.000999421 	-1.31493e-05
0.778889 	-0.00130902 	0.00104333 	-1.38239e-05
0.78039 	-0.00136965 	0.00108416 	-1.41222e-05
0.781891 	-0.00143028 	0.001125 	-1.44204e-05
0.783392 	-0.00149091 	0.00116584 	-1.47187e-05
0.784892 	-0.00155154 	0.00120668 	-1.5017e-05
0.786393 	-0.00161372 	0.0012451 	-1.51054e-05
0.787894 	-0.00166219 	0.00128058 	-1.53165e-05
0.789395 	-0.00170701 	0.00131105 	-1.53356e-05
0.790895 	-0.00175183 	0.00134151 	-1.53547e-05
0.792396 	-0.00179665 	0.00137198 	-1.53738e-05
0.793897 	-0.00184147 	0.00140245 	-1.53929e-05
0.795398 	-0.00188031 	0.00142458 	-1.51385e-05
0.796898 	-0.00190949 	0.00144849 	-1.52155e-05
0.798399 	-0.00194328 	0.00147262 	-1.50117e-05
0.7999 	-0.00197706 	0.00149675 	-1.48079e-05
0.801401 	-0.00201085 	0.00152088 	-1.46041e-05
0.802901 	-0.00204464 	0.00154501 	-1.44003e-05
0.804402 	-0.00207842 	0.00156914 	-1.41964e-05
0.805903 	-0.00212079 	0.00159618 	-1.37954e-05
0.807404 	-0.00214936 	0.00162018 	-1.36247e-05
0.808904 	-0.00217431 	0.00164024 	-1.32843e-05
0.810405 	-0.00219925 	0.00166031 	-1.2944e-05
0.811906 	-0.0022242 	0.00168037 	-1.26036e-05
0.813407 	-0.00224915 	0.00170044 	-1.22633e-05
0.814907 	-0.0022741 	0.0017205 	-1.19229e-05
0.816408 	-0.00229962 	0.0017386 	-1.14106e-05
0.817909 	-0.00232317 	0.00175974 	-1.1212e-05
0.81941 	-0.00232887 	0.00176982 	-1.08449e-05
0.82091 	-0.00233456 	0.00177989 	-1.04777e-05
0.822411 	-0.00234026 	0.00178997 	-1.01106e-05
0.823912 	-0.00234595 	0.00180004 	-9.74349e-06
0.825413 	-0.00235165 	0.00181012 	-9.37637e-06
0.826913 	-0.00235734 	0.0018202 	-9.00925e-06
0.828414 	-0.00235812 	0.00182468 	-8.43596e-06
0.829915 	-0.00236719 	0.00183847 	-8.32078e-06
0.831416 	-0.00235081 	0.00183804 	-8.0111e-06
0.832916 	-0.00233443 	0.00183761 	-7.70142e-06
0.834417 	-0.00231804 	0.00183718 	-7.39174e-06
0.835918 	-0.00230166 	0.00183675 	-7.08206e-06
0.837419 	-0.00228527 	0.00183632 	-6.77238e-06
0.838919 	-0.00226889 	0.00183588 	-6.4627e-06
0.84042 	-0.00225251 	0.00183545 	-6.15302e-06
0.841921 	-0.00224915 	0.00183876 	-5.8804e-06
0.843422 	-0.00220796 	0.0018282 	-5.62105e-06
0.844922 	-0.00216678 	0.00181765 	-5.36169e-06
0.846423 	-0.00212559 	0.00180709 	-5.10234e-06
0.847924 	-0.0020844 	0.00179653 	-4.84299e-06
0.849425 	-0.00204322 	0.00178597 	-4.58363e-06
0.850925 	-0.00200203 	0.00177541 	-4.32428e-06
0.852426 	-0.00196085 	0.00176485 	-4.06493e-06
0.853927 	-0.00191966 	0.00175429 	-3.80557e-06
0.855428 	-0.00188633 	0.00174398 	-3.49986e-06
0.856928 	-0.00183001 	0.00172922 	-3.28227e-06
0.858429 	-0.00176162 	0.00170972 	-3.02025e-06
0.85993 	-0.00169322 	0.00169021 	-2.75823e-06
0.861431 	-0.00162483 	0.00167071 	-2.4962e-06
0.862931 	-0.00155644 	0.00165121 	-2.23418e-06
0.864432 	-0.00148805 	0.0016317 	-1.97216e-06
0.865933 	-0.00141966 	0.0016122 	-1.71014e-06
0.867434 	-0.00135126 	0.00159269 	-1.44811e-06
0.868934 	-0.00128287 	0.00157319 	-1.18609e-06
0.870435 	-0.00123271 	0.00155709 	-7.67625e-07
0.871936 	-0.00113531 	0.00153053 	-4.17728e-07
0.873437 	-0.00103792 	0.00150397 	-6.7831e-08
0.874937 	-0.000940532 	0.00147741 	2.82066e-07
0.876438 	-0.000843141 	0.00145084 	6.31963e-07
0.877939 	-0.00074575 	0.00142428 	9.8186e-07
0.87944 	-0.000648359 	0.00139772 	1.33176e-06
0.88094 	-0.000550968 	0.00137116 	1.68165e-06
0.882441 	-0.000453577 	0.00134459 	2.03155e-06
0.883942 	-0.000356186 	0.00131803 	2.38145e-06
0.885443 	-0.000234711 	0.00128171 	2.82882e-06
0.886943 	-0.000168171 	0.00126571 	3.46849e-06
0.888444 	-4.08072e-05 	0.00123474 	4.01943e-06
0.889945 	8.65565e-05 	0.00120376 	4.57037e-06
0.891446 	0.00021392 	0.00117279 	5.12131e-06
0.892946 	0.000341284 	0.00114181 	5.67225e-06
0.894447 	0.000468647 	0.00111084 	6.22319e-06
0.895948 	0.000596011 	0.00107986 	6.77413e-06
0.897449 	0.000723375 	0.00104889 	7.32507e-06
0.898949 	0.000850738 	0.00101791 	7.87601e-06
0.90045 	0.000978102 	0.000986937 	8.42695e-06
0.901951 	0.00110547 	0.000955963 	8.97789e-06
0.903452 	0.00121659 	0.000926545 	9.84827e-06
0.904952 	0.00137239 	0.000894428 	1.05351e-05
0.906453 	0.00152819 	0.000862311 	1.1222e-05
0.907954 	0.00168398 	0.000830194 	1.19088e-05
0.909455 	0.00183978 	0.000798078 	1.25957e-05
0.910955 	0.00199558 	0.000765961 	1.32825e-05
0.912456 	0.00215138 	0.000733844 	1.39694e-05
0.913957 	0.00230718 	0.000701727 	1.46562e-05
0.915458 	0.00246297 	0.00066961 	1.53431e-05
0.916958 	0.00261877 	0.000637493 	1.60299e-05
0.918459 	0.00277457 	0.000605377 	1.67168e-05
0.91996 	0.00293037 	0.00057326 	1.74036e-05
0.921461 	0.00306894 	0.000541619 	1.82506e-05
0.922961 	0.00324898 	0.000511723 	1.87757e-05
0.924462 	0.00342903 	0.000481827 	1.93007e-05
0.925963 	0.00360908 	0.000451932 	1.98258e-05
0.927464 	0.00378912 	0.000422036 	2.03509e-05
0.928964 	0.00396917 	0.00039214 	2.0876e-05
0.930465 	0.00414921 	0.000362244 	2.14011e-05
0.931966 	0.00432926 	0.000332348 	2.19262e-05
0.933467 	0.0045093 	0.000302452 	2.24513e-05
0.934967 	0.00468935 	0.000272557 	2.29763e-05
0.936468 	0.00486939 	0.000242661 	2.35014e-05
0.937969 	0.00504944 	0.000212765 	2.40265e-05
0.93947 	0.00522949 	0.000182869 	2.45516e-05
0.94097 	0.00539817 	0.000152702 	2.51098e-05
0.942471 	0.00559484 	0.000127987 	2.52346e-05
0.943972 	0.00579152 	0.000103273 	2.53593e-05
0.945473 	0.00598819 	7.85585e-05 	2.54841e-05
0.946973 	0.00618486 	5.38441e-05 	2.56088e-05
0.948474 	0.00638154 	2.91297e-05 	2.57336e-05
0.949975 	0.00657821 	4.41525e-06 	2.58583e-05
0.951476 	0.00677488 	-2.02992e-05 	2.5983e-05
0.952976 	0.00697155 	-4.50136e-05 	2.61078e-05
0.954477 	0.00716823 	-6.9728e-05 	2.62325e-05
0.955978 	0.0073649 	-9.44424e-05 	2.63573e-05
0.957479 	0.00756157 	-0.000119157 	2.6482e-05
0.958979 	0.00775825 	-0.000143871 	2.66068e-05
0.96048 	0.00795492 	-0.000168586 	2.67315e-05
0.961981 	0.00814711 	-0.000192389 	2.67733e-05
0.963482 	0.00834969 	-0.000209909 	2.65977e-05
0.964982 	0.00855226 	-0.000227428 	2.64222e-05
0.966483 	0.00875483 	-0.000244948 	2.62466e-05
0.967984 	0.00895741 	-0.000262468 	2.60711e-05
0.969485 	0.00915998 	-0.000279987 	2.58955e-05
0.970985 	0.00936255 	-0.000297507 	2.572e-05
0.972486 	0.00956513 	-0.000315027 	2.55444e-05
0.973987 	0.0097677 	-0.000332546 	2.53689e-05
0.975488 	0.00997027 	-0.000350066 	2.51933e-05
0.976988 	0.0101728 	-0.000367586 	2.50178e-05
0.978489 	0.0103754 	-0.000385105 	2.48422e-05
0.97999 	0.010578 	-0.000402625 	2.46667e-05
0.981491 	0.0107806 	-0.000420145 	2.44911e-05
0.982991 	0.0109831 	-0.000437664 	2.43156e-05
0.984492 	0.0111822 	-0.000451178 	2.41273e-05
0.985993 	0.0113787 	-0.000460731 	2.39347e-05
0.987494 	0.0115751 	-0.000470323 	2.37416e-05
0.988994 	0.0117716 	-0.000479915 	2.35485e-05
0.990495 	0.011968 	-0.000489507 	2.33554e-05
0.991996 	0.0121645 	-0.000499099 	2.31623e-05
0.993497 	0.0123609 	-0.000508691 	2.29692e-05
0.994997 	0.0125574 	-0.000518283 	2.27761e-05
0.996498 	0.0127539 	-0.000527875 	2.2583e-05
0.997999 	0.0129503 	-0.000537467 	2.23899e-05
0.9995 	0.0131468 	-0.000547059 	2.21968e-05
1.001 	0.0133432 	-0.000556651 	2.20037e-05
1.0025 	0.0135397 	-0.000566243 	2.18106e-05
1.004 	0.0137361 	-0.000575835 	2.16175e-05
1.0055 	0.0139326 	-0.000585427 	2.14244e-05
1.007 	0.0141291 	-0.000595019 	2.12313e-05
1.0085 	0.014313 	-0.000597051 	2.11383e-05
1.01001 	0.0144922 	-0.000599098 	2.0912e-05
1.01151 	0.0146715 	-0.000601144 	2.06858e-05
1.01301 	0.0148507 	-0.000603191 	2.04595e-05
1.01451 	0.01503 	-0.000605238 	2.02332e-05
1.01601 	0.0152092 	-0.000607285 	2.00069e-05
1.01751 	0.0153885 	-0.000609332 	1.97807e-05
1.01901 	0.0155677 	-0.000611378 	1.95544e-05
1.02051 	0.015747 	-0.000613425 	1.93281e-05
1.02201 	0.0159262 	-0.000615472 	1.91018e-05
1.02351 	0.0161055 	-0.000617519 	1.88756e-05
1.02501 	0.0162847 	-0.000619566 	1.86493e-05
1.02651 	0.016464 	-0.000621612 	1.8423e-05
1.02801 	0.0166432 	-0.000623659 	1.81967e-05
1.02951 	0.0168225 	-0.000625706 	1.79705e-05
1.03102 	0.0170018 	-0.000627753 	1.77442e-05
1.03252 	0.0171694 	-0.00062891 	1.75314e-05
1.03402 	0.0173283 	-0.000622493 	1.72074e-05
1.03552 	0.0174817 	-0.000618579 	1.67116e-05
1.03702 	0.0176351 	-0.000614666 	1.62159e-05
1.03852 	0.0177885 	-0.000610752 	1.57202e-05
1.04002 	0.0179418 	-0.000606839 	1.52244e-05
1.04152 	0.0180952 	-0.000602925 	1.47287e-05
1.04302 	0.0182486 	-0.000599012 	1.42329e-05
1.04452 	0.018402 	-0.000595098 	1.37372e-05
1.04602 	0.0185553 	-0.000591185 	1.32414e-05
1.04752 	0.0187087 	-0.000587271 	1.27457e-05
1.04902 	0.0188621 	-0.000583358 	1.22499e-05
1.05053 	0.0190154 	-0.000579444 	1.17542e-05
1.05203 	0.0191688 	-0.000575531 	1.12584e-05
1.05353 	0.0193222 	-0.000571617 	1.07627e-05
1.05503 	0.0194756 	-0.000567704 	1.02669e-05
1.05653 	0.0196289 	-0.00056379 	9.7712e-06
1.05803 	0.0197823 	-0.000559877 	9.27545e-06
1.05953 	0.0198791 	-0.000554588 	8.64347e-06
1.06103 	0.0200329 	-0.000544002 	7.81172e-06
1.06253 	0.020155 	-0.000536423 	7.15003e-06
1.06403 	0.020277 	-0.000528844 	6.48833e-06
1.06553 	0.020399 	-0.000521265 	5.82664e-06
1.06703 	0.0205211 	-0.000513686 	5.16494e-06
1.06853 	0.0206431 	-0.000506107 	4.50325e-06
1.07004 	0.0207651 	-0.000498528 	3.84155e-06
1.07154 	0.0208872 	-0.000490949 	3.17986e-06
1.07304 	0.0210092 	-0.00048337 	2.51816e-06
1.07454 	0.0211312 	-0.000475792 	1.85647e-06
1.07604 	0.0212533 	-0.000468213 	1.19477e-06
1.07754 	0.0213753 	-0.000460634 	5.33075e-07
1.07904 	0.0214974 	-0.000453055 	-1.2862e-07
1.08054 	0.0216194 	-0.000445476 	-7.90315e-07
1.08204 	0.0217414 	-0.000437897 	-1.45201e-06
1.08354 	0.0218635 	-0.000430318 	-2.11371e-06
1.08504 	0.0219855 	-0.000422739 	-2.7754e-06
1.08654 	0.0221075 	-0.00041516 	-3.4371e-06
1.08804 	0.0221507 	-0.000409235 	-4.0409e-06
1.08954 	0.0222778 	-0.000395962 	-5.0863e-06
1.09105 	0.022368 	-0.000387062 	-5.65262e-06
1.09255 	0.0224582 	-0.000378162 	-6.21894e-06
1.09405 	0.0225484 	-0.000369262 	-6.78525e-06
1.09555 	0.0226386 	-0.000360362 	-7.35157e-06
1.09705 	0.0227288 	-0.000351462 	-7.91789e-06
1.09855 	0.022819 	-0.000342562 	-8.48421e-06
1.10005 	0.0229092 	-0.000333661 	-9.05053e-06
1.10155 	0.0229994 	-0.000324761 	-9.61685e-06
1.10305 	0.0230896 	-0.000315861 	-1.01832e-05
1.10455 	0.0231798 	-0.000306961 	-1.07495e-05
1.10605 	0.02327 	-0.000298061 	-1.13158e-05
1.10755 	0.0233602 	-0.000289161 	-1.18821e-05
1.10905 	0.0234504 	-0.000280261 	-1.24484e-05
1.11056 	0.0235406 	-0.000271361 	-1.30148e-05
1.11206 	0.0236308 	-0.000262461 	-1.35811e-05
1.11356 	0.023721 	-0.000253561 	-1.41474e-05
1.11506 	0.0238112 	-0.000244661 	-1.47137e-05
1.11656 	0.0239014 	-0.000235761 	-1.528e-05
1.11806 	0.0239159 	-0.000231454 	-1.52986e-05
1.11956 	0.023993 	-0.000219731 	-1.59125e-05
1.12106 	0.024065 	-0.000209933 	-1.63779e-05
1.12256 	0.0241269 	-0.000201464 	-1.67298e-05
1.12406 	0.0241889 	-0.000192995 	-1.70816e-05
1.12556 	0.0242508 	-0.000184526 	-1.74335e-05
1.12706 	0.0243127 	-0.000176057 	-1.77854e-05
1.12856 	0.0243746 	-0.000167588 	-1.81372e-05
1.13007 	0.0244365 	-0.000159119 	-1.84891e-05
1.13157 	0.0244985 	-0.00015065 	-1.88409e-05
1.13307 	0.0245604 	-0.000142181 	-1.91928e-05
1.13457 	0.0246223 	-0.000133712 	-1.95446e-05
1.13607 	0.0246842 	-0.000125243 	-1.98965e-05
1.13757 	0.0247461 	-0.000116774 	-2.02483e-05
1.13907 	0.024808 	-0.000108305 	-2.06002e-05
1.14057 	0.02487 	-9.98365e-05 	-2.09521e-05
1.14207 	0.0249319 	-9.13676e-05 	-2.13039e-05
1.14357 	0.0249938 	-8.28986e-05 	-2.16558e-05
1.14507 	0.0250557 	-7.44296e-05 	-2.20076e-05
1.14657 	0.0251176 	-6.59607e-05 	-2.23595e-05
1.14807 	0.0251796 	-5.74917e-05 	-2.27113e-05
1.14957 	0.0251855 	-5.45062e-05 	-2.23445e-05
1.15108 	0.0252125 	-4.77967e-05 	-2.20943e-05
1.15258 	0.0252736 	-3.69061e-05 	-2.22132e-05
1.15408 	0.0253133 	-2.98095e-05 	-2.2236e-05
1.15558 	0.0253529 	-2.2713e-05 	-2.22587e-05
1.15708 	0.0253925 	-1.56165e-05 	-2.22815e-05
1.15858 	0.0254322 	-8.52002e-06 	-2.23043e-05
1.16008 	0.0254718 	-1.42351e-06 	-2.2327e-05
1.16158 	0.0255115 	5.67299e-06 	-2.23498e-05
1.16308 	0.0255511 	1.27695e-05 	-2.23726e-05
1.16458 	0.0255907 	1.9866e-05 	-2.23953e-05
1.16608 	0.0256304 	2.69625e-05 	-2.24181e-05
1.16758 	0.02567 	3.4059e-05 	-2.24409e-05
1.16908 	0.0257096 	4.11555e-05 	-2.24636e-05
1.17059 	0.0257493 	4.8252e-05 	-2.24864e-05
1.17209 	0.0257889 	5.53485e-05 	-2.25092e-05
1.17359 	0.0258286 	6.24451e-05 	-2.2532e-05
1.17509 	0.0258682 	6.95416e-05 	-2.25547e-05
1.17659 	0.0259078 	7.66381e-05 	-2.25775e-05
1.17809 	0.0259475 	8.37346e-05 	-2.26003e-05
1.17959 	0.0259871 	9.08311e-05 	-2.2623e-05
1.18109 	0.0260267 	9.79276e-05 	-2.26458e-05
1.18259 	0.0260336 	0.000100563 	-2.22757e-05
1.18409 	0.0260301 	0.000102154 	-2.16887e-05
1.18559 	0.0260713 	0.000111721 	-2.11808e-05
1.18709 	0.0261022 	0.000118837 	-2.08173e-05
1.18859 	0.0261262 	0.000124313 	-2.05504e-05
1.1901 	0.0261501 	0.00012979 	-2.02836e-05
1.1916 	0.0261741 	0.000135266 	-2.00167e-05
1.1931 	0.0261981 	0.000140742 	-1.97499e-05
1.1946 	0.0262221 	0.000146219 	-1.9483e-05
1.1961 	0.026246 	0.000151695 	-1.92162e-05
1.1976 	0.02627 	0.000157172 	-1.89493e-05
1.1991 	0.026294 	0.000162648 	-1.86825e-05
1.2006 	0.0263179 	0.000168124 	-1.84156e-05
1.2021 	0.0263419 	0.000173601 	-1.81488e-05
1.2036 	0.0263659 	0.000179077 	-1.7882e-05
1.2051 	0.0263899 	0.000184554 	-1.76151e-05
1.2066 	0.0264138 	0.00019003 	-1.73483e-05
1.2081 	0.0264378 	0.000195506 	-1.70814e-05
1.2096 	0.0264618 	0.000200983 	-1.68146e-05
1.21111 	0.0264858 	0.000206459 	-1.65477e-05
1.21261 	0.0265097 	0.000211936 	-1.62809e-05
1.21411 	0.0265337 	0.000217412 	-1.6014e-05
1.21561 	0.0265577 	0.000222888 	-1.57472e-05
1.21711 	0.026567 	0.000225707 	-1.54716e-05
1.21861 	0.0265599 	0.000225572 	-1.51865e-05
1.22011 	0.0265737 	0.000230428 	-1.45808e-05
1.22161 	0.0265976 	0.000237707 	-1.38195e-05
1.22311 	0.0266141 	0.000242566 	-1.33224e-05
1.22461 	0.0266282 	0.000246597 	-1.29155e-05
1.22611 	0.0266423 	0.000250629 	-1.25085e-05
1.22761 	0.0266563 	0.000254661 	-1.21016e-05
1.22911 	0.0266704 	0.000258693 	-1.16947e-05
1.23062 	0.0266845 	0.000262724 	-1.12878e-05
1.23212 	0.0266985 	0.000266756 	-1.08809e-05
1.23362 	0.0267126 	0.000270788 	-1.0474e-05
1.23512 	0.0267266 	0.00027482 	-1.00671e-05
1.23662 	0.0267407 	0.000278851 	-9.66016e-06
1.23812 	0.0267548 	0.000282883 	-9.25325e-06
1.23962 	0.0267688 	0.000286915 	-8.84634e-06
1.24112 	0.0267829 	0.000290947 	-8.43943e-06
1.24262 	0.026797 	0.000294978 	-8.03251e-06
1.24412 	0.026811 	0.00029901 	-7.6256e-06
1.24562 	0.0268251 	0.000303042 	-7.21869e-06
1.24712 	0.0268392 	0.000307074 	-6.81178e-06
1.24862 	0.0268532 	0.000311105 	-6.40487e-06
1.25013 	0.0268673 	0.000315137 	-5.99796e-06
1.25163 	0.0268814 	0.000319169 	-5.59104e-06
1.25313 	0.0268915 	0.000322242 	-5.25205e-06
1.25463 	0.0268879 	0.000321996 	-5.14797e-06
1.25613 	0.0268853 	0.000322045 	-5.013e-06
1.25763 	0.0268995 	0.000327758 	-4.28165e-06
1.25913 	0.0269138 	0.000333471 	-3.5503e-06
1.26063 	0.0269238 	0.000337188 	-3.00853e-06
1.26213 	0.0269323 	0.000340145 	-2.53895e-06
1.26363 	0.0269407 	0.000343102 	-2.06937e-06
1.26513 	0.0269492 	0.000346059 	-1.59979e-06
1.26663 	0.0269576 	0.000349016 	-1.13021e-06
1.26813 	0.0269661 	0.000351972 	-6.60626e-07
1.26963 	0.0269745 	0.000354929 	-1.91044e-07
1.27114 	0.0269829 	0.000357886 	2.78537e-07
1.27264 	0.0269914 	0.000360843 	7.48118e-07
1.27414 	0.0269998 	0.0003638 	1.2177e-06
1.27564 	0.0270083 	0.000366757 	1.68728e-06
1.27714 	0.0270167 	0.000369714 	2.15686e-06
1.27864 	0.0270252 	0.00037267 	2.62644e-06
1.28014 	0.0270336 	0.000375627 	3.09603e-06
1.28164 	0.0270421 	0.000378584 	3.56561e-06
1.28314 	0.0270505 	0.000381541 	4.03519e-06
1.28464 	0.027059 	0.000384498 	4.50477e-06
1.28614 	0.0270674 	0.000387455 	4.97435e-06
1.28764 	0.0270758 	0.000390412 	5.44393e-06
1.28914 	0.0270843 	0.000393368 	5.91351e-06
1.29065 	0.0270927 	0.000396325 	6.38309e-06
1.29215 	0.0270924 	0.000396258 	6.56427e-06
1.29365 	0.027091 	0.000395832 	6.71124e-06
1.29515 	0.0270929 	0.000396994 	7.01602e-06
1.29665 	0.0271022 	0.000401715 	7.67426e-06
1.29815 	0.0271115 	0.000406435 	8.33251e-06
1.29965 	0.0271188 	0.000409779 	8.86345e-06
1.30115 	0.0271244 	0.000411997 	9.29033e-06
1.30265 	0.0271301 	0.000414215 	9.71721e-06
1.30415 	0.0271357 	0.000416433 	1.01441e-05
1.30565 	0.0271413 	0.000418651 	1.0571e-05
1.30715 	0.0271469 	0.000420869 	1.09979e-05
1.30865 	0.0271525 	0.000423087 	1.14247e-05
1.31016 	0.0271581 	0.000425305 	1.18516e-05
1.31166 	0.0271637 	0.000427523 	1.22785e-05
1.31316 	0.0271694 	0.000429741 	1.27054e-05
1.31466 	0.027175 	0.000431959 	1.31323e-05
1.31616 	0.0271806 	0.000434177 	1.35591e-05
1.31766 	0.0271862 	0.000436395 	1.3986e-05
1.31916 	0.0271918 	0.000438613 	1.44129e-05
1.32066 	0.0271974 	0.000440831 	1.48398e-05
1.32216 	0.027203 	0.000443048 	1.52667e-05
1.32366 	0.0272087 	0.000445266 	1.56935e-05
1.32516 	0.0272143 	0.000447484 	1.61204e-05
1.32666 	0.0272199 	0.000449702 	1.65473e-05
1.32816 	0.0272255 	0.00045192 	1.69742e-05
1.32966 	0.0272311 	0.000454138 	1.74011e-05
1.33117 	0.0272338 	0.000454898 	1.76604e-05
1.33267 	0.0272337 	0.000454231 	1.77557e-05
1.33417 	0.0272336 	0.000453564 	1.78511e-05
1.33567 	0.0272368 	0.000455148 	1.81513e-05
1.33717 	0.0272437 	0.000459221 	1.86778e-05
1.33867 	0.0272506 	0.000463293 	1.92043e-05
1.34017 	0.0272569 	0.000466776 	1.96785e-05
1.34167 	0.0272612 	0.000468473 	1.99939e-05
1.34317 	0.0272655 	0.000470171 	2.03094e-05
1.34467 	0.0272698 	0.000471868 	2.06249e-05
1.34617 	0.0272742 	0.000473566 	2.09403e-05
1.34767 	0.0272785 	0.000475264 	2.12558e-05
1.34917 	0.0272828 	0.000476961 	2.15713e-05
1.35068 	0.0272871 	0.000478659 	2.18868e-05
1.35218 	0.0272914 	0.000480356 	2.22022e-05
1.35368 	0.0272957 	0.000482054 	2.25177e-05
1.35518 	0.0273 	0.000483751 	2.28332e-05
1.35668 	0.0273043 	0.000485449 	2.31486e-05
1.35818 	0.0273087 	0.000487147 	2.34641e-05
1.35968 	0.027313 	0.000488844 	2.37796e-05
1.36118 	0.0273173 	0.000490542 	2.4095e-05
1.36268 	0.0273216 	0.000492239 	2.44105e-05
1.36418 	0.0273259 	0.000493937 	2.4726e-05
1.36568 	0.0273302 	0.000495635 	2.50415e-05
1.36718 	0.0273345 	0.000497332 	2.53569e-05
1.36868 	0.0273388 	0.00049903 	2.56724e-05
1.37019 	0.0273432 	0.000500727 	2.59879e-05
1.37169 	0.0273471 	0.000502185 	2.62735e-05
1.37319 	0.0273479 	0.000501257 	2.62621e-05
1.37469 	0.0273486 	0.000500328 	2.62506e-05
1.37619 	0.0273493 	0.0004994 	2.62391e-05
1.37769 	0.027353 	0.000501124 	2.64435e-05
1.37919 	0.0273588 	0.00050475 	2.68026e-05
1.38069 	0.0273646 	0.000508376 	2.71617e-05
1.38219 	0.0273703 	0.000512002 	2.75209e-05
1.38369 	0.0273744 	0.00051366 	2.77518e-05
1.38519 	0.0273782 	0.000514983 	2.79611e-05
1.38669 	0.027382 	0.000516306 	2.81703e-05
1.38819 	0.0273859 	0.00051763 	2.83795e-05
1.38969 	0.0273897 	0.000518953 	2.85887e-05
1.3912 	0.0273935 	0.000520276 	2.87979e-05
1.3927 	0.0273973 	0.000521599 	2.90071e-05
1.3942 	0.0274011 	0.000522923 	2.92164e-05
1.3957 	0.0274049 	0.000524246 	2.94256e-05
1.3972 	0.0274087 	0.000525569 	2.96348e-05
1.3987 	0.0274125 	0.000526892 	2.9844e-05
1.4002 	0.0274163 	0.000528216 	3.00532e-05
1.4017 	0.0274202 	0.000529539 	3.02625e-05
1.4032 	0.027424 	0.000530862 	3.04717e-05
1.4047 	0.0274278 	0.000532185 	3.06809e-05
1.4062 	0.0274316 	0.000533509 	3.08901e-05
1.4077 	0.0274354 	0.000534832 	3.10993e-05
1.4092 	0.0274392 	0.000536155 	3.13085e-05
1.41071 	0.027443 	0.000537479 	3.15178e-05
1.41221 	0.0274468 	0.000538802 	3.1727e-05
1.41371 	0.0274506 	0.000540125 	3.19362e-05
1.41521 	0.0274528 	0.000539712 	3.19603e-05
1.41671 	0.0274542 	0.000538531 	3.19024e-05
1.41821 	0.0274556 	0.00053735 	3.18446e-05
1.41971 	0.0274571 	0.000536169 	3.17867e-05
1.42121 	0.0274611 	0.000537999 	3.18834e-05
1.42271 	0.0274663 	0.000541271 	3.20541e-05
1.42421 	0.0274715 	0.000544544 	3.22248e-05
1.42571 	0.0274768 	0.000547817 	3.23955e-05
1.42721 	0.0274814 	0.000550154 	3.25415e-05
1.42871 	0.0274852 	0.000551188 	3.26532e-05
1.43022 	0.027489 	0.000552222 	3.27648e-05
1.43172 	0.0274928 	0.000553256 	3.28765e-05
1.43322 	0.0274967 	0.00055429 	3.29881e-05
1.43472 	0.0275005 	0.000555324 	3.30998e-05
1.43622 	0.0275043 	0.000556358 	3.32114e-05
1.43772 	0.0275081 	0.000557392 	3.3323e-05
1.43922 	0.0275119 	0.000558427 	3.34347e-05
1.44072 	0.0275157 	0.000559461 	3.35463e-05
1.44222 	0.0275195 	0.000560495 	3.3658e-05
1.44372 	0.0275233 	0.000561529 	3.37696e-05
1.44522 	0.0275271 	0.000562563 	3.38813e-05
1.44672 	0.0275309 	0.000563597 	3.39929e-05
1.44822 	0.0275347 	0.000564631 	3.41046e-05
1.44972 	0.0275385 	0.000565665 	3.42162e-05
1.45123 	0.0275423 	0.000566699 	3.43279e-05
1.45273 	0.0275461 	0.000567733 	3.44395e-05
1.45423 	0.02755 	0.000568767 	3.45512e-05
1.45573 	0.0275538 	0.000569801 	3.46628e-05
1.45723 	0.0275576 	0.000570836 	3.47745e-05
1.45873 	0.0275608 	0.000570984 	3.48393e-05
1.46023 	0.0275632 	0.000569587 	3.48224e-05
1.46173 	0.0275655 	0.000568189 	3.48055e-05
1.46323 	0.0275678 	0.000566791 	3.47885e-05
1.46473 	0.0275701 	0.000565394 	3.47716e-05
1.46623 	0.0275749 	0.000567522 	3.4862e-05
1.46773 	0.0275802 	0.000570471 	3.49775e-05
1.46923 	0.0275855 	0.000573421 	3.50929e-05
1.47074 	0.0275908 	0.00057637 	3.52083e-05
1.47224 	0.0275961 	0.000579319 	3.53238e-05
1.47374 	0.0276002 	0.000580116 	3.53621e-05
1.47524 	0.0276044 	0.000580909 	3.54004e-05
1.47674 	0.0276085 	0.000581702 	3.54386e-05
1.47824 	0.0276126 	0.000582495 	3.54768e-05
1.47974 	0.0276168 	0.000583287 	3.5515e-05
1.48124 	0.0276209 	0.00058408 	3.55532e-05
1.48274 	0.027625 	0.000584873 	3.55914e-05
1.48424 	0.0276291 	0.000585665 	3.56297e-05
1.48574 	0.0276333 	0.000586458 	3.56679e-05
1.48724 	0.0276374 	0.000587251 	3.57061e-05
1.48874 	0.0276415 	0.000588044 	3.57443e-05
1.49025 	0.0276457 	0.000588836 	3.57825e-05
1.49175 	0.0276498 	0.000589629 	3.58207e-05
1.49325 	0.0276539 	0.000590422 	3.5859e-05
1.49475 	0.027658 	0.000591214 	3.58972e-05
1.49625 	0.0276622 	0.000592007 	3.59354e-05
1.49775 	0.0276663 	0.0005928 	3.59736e-05
1.49925 	0.0276704 	0.000593593 	3.60118e-05
1.50075 	0.0276745 	0.000594385 	3.605e-05
1.50225 	0.0276787 	0.000595178 	3.60883e-05
1.50375 	0.0276826 	0.000595581 	3.60984e-05
1.50525 	0.0276856 	0.000594031 	3.59675e-05
1.50675 	0.0276886 	0.000592481 	3.58366e-05
1.50825 	0.0276915 	0.000590931 	3.57058e-05
1.50975 	0.0276945 	0.000589381 	3.55749e-05
1.51126 	0.0276976 	0.000588065 	3.54526e-05
1.51276 	0.0277031 	0.000590765 	3.5477e-05
1.51426 	0.0277087 	0.000593466 	3.55013e-05
1.51576 	0.0277142 	0.000596166 	3.55257e-05
1.51726 	0.0277198 	0.000598866 	3.55501e-05
1.51876 	0.0277253 	0.000601567 	3.55745e-05
1.52026 	0.0277301 	0.000602856 	3.55208e-05
1.52176 	0.0277345 	0.000603441 	3.54282e-05
1.52326 	0.0277389 	0.000604025 	3.53356e-05
1.52476 	0.0277433 	0.000604609 	3.52429e-05
1.52626 	0.0277477 	0.000605194 	3.51503e-05
1.52776 	0.0277521 	0.000605778 	3.50576e-05
1.52926 	0.0277565 	0.000606362 	3.4965e-05
1.53077 	0.0277609 	0.000606947 	3.48724e-05
1.53227 	0.0277653 	0.000607531 	3.47797e-05
1.53377 	0.0277697 	0.000608116 	3.46871e-05
1.53527 	0.0277741 	0.0006087 	3.45944e-05
1.53677 	0.0277785 	0.000609284 	3.45018e-05
1.53827 	0.0277829 	0.000609869 	3.44092e-05
1.53977 	0.0277873 	0.000610453 	3.43165e-05
1.54127 	0.0277917 	0.000611037 	3.42239e-05
1.54277 	0.0277961 	0.000611622 	3.41312e-05
1.54427 	0.0278005 	0.000612206 	3.40386e-05
1.54577 	0.0278049 	0.00061279 	3.3946e-05
1.54727 	0.0278093 	0.000613375 	3.38533e-05
1.54877 	0.0278137 	0.000613959 	3.37607e-05
1.55028 	0.0278179 	0.000614145 	3.36137e-05
1.55178 	0.027821 	0.000612414 	3.3205e-05
1.55328 	0.0278242 	0.000610683 	3.27963e-05
1.55478 	0.0278273 	0.000608952 	3.23875e-05
1.55628 	0.0278304 	0.00060722 	3.19788e-05
1.55778 	0.0278336 	0.000605489 	3.157e-05
1.55928 	0.0278378 	0.000605782 	3.12066e-05
1.56078 	0.0278431 	0.000608218 	3.0891e-05
1.56228 	0.0278485 	0.000610654 	3.05755e-05
1.56378 	0.0278538 	0.00061309 	3.02599e-05
1.56528 	0.0278592 	0.000615527 	2.99444e-05
1.56678 	0.0278645 	0.000617963 	2.96288e-05
1.56828 	0.0278694 	0.000619361 	2.93139e-05
1.56978 	0.0278738 	0.000619754 	2.89997e-05
1.57129 	0.0278783 	0.000620148 	2.86854e-05
1.57279 	0.0278827 	0.000620541 	2.83712e-05
1.57429 	0.0278872 	0.000620935 	2.8057e-05
1.57579 	0.0278917 	0.000621328 	2.77427e-05
1.57729 	0.0278961 	0.000621721 	2.74285e-05
1.57879 	0.0279006 	0.000622115 	2.71142e-05
1.58029 	0.027905 	0.000622508 	2.68e-05
1.58179 	0.0279095 	0.000622902 	2.64858e-05
1.58329 	0.0279139 	0.000623295 	2.61715e-05
1.58479 	0.0279184 	0.000623688 	2.58573e-05
1.58629 	0.0279228 	0.000624082 	2.5543e-05
1.58779 	0.0279273 	0.000624475 	2.52288e-05
1.58929 	0.0279317 	0.000624869 	2.49145e-05
1.5908 	0.0279362 	0.000625262 	2.46003e-05
1.5923 	0.0279406 	0.000625655 	2.42861e-05
1.5938 	0.0279451 	0.000626049 	2.39718e-05
1.5953 	0.0279496 	0.000626442 	2.36576e-05
1.5968 	0.027954 	0.000626836 	2.33433e-05
1.5983 	0.0279578 	0.000626191 	2.29832e-05
1.5998 	0.0279608 	0.000624341 	2.25699e-05
1.6013 	0.0279638 	0.000622492 	2.21566e-05
1.6028 	0.0279668 	0.000620642 	2.17433e-05
1.6043 	0.0279698 	0.000618793 	2.133e-05
1.6058 	0.0279728 	0.000616943 	2.09167e-05
1.6073 	0.0279763 	0.000615855 	2.04729e-05
1.6088 	0.0279818 	0.000617997 	1.98997e-05
1.61031 	0.0279873 	0.00062014 	1.93265e-05
1.61181 	0.0279928 	0.000622282 	1.87533e-05
1.61331 	0.0279983 	0.000624424 	1.81801e-05
1.61481 	0.0280038 	0.000626567 	1.76069e-05
1.61631 	0.0280093 	0.000628709 	1.70337e-05
1.61781 	0.0280143 	0.000629656 	1.6577e-05
1.61931 	0.0280188 	0.000629862 	1.61926e-05
1.62081 	0.0280234 	0.000630069 	1.58081e-05
1.62231 	0.0280279 	0.000630275 	1.54237e-05
1.62381 	0.0280325 	0.000630482 	1.50392e-05
1.62531 	0.028037 	0.000630688 	1.46548e-05
1.62681 	0.0280416 	0.000630894 	1.42703e-05
1.62831 	0.0280461 	0.000631101 	1.38859e-05
1.62981 	0.0280507 	0.000631307 	1.35014e-05
1.63132 	0.0280552 	0.000631514 	1.3117e-05
1.63282 	0.0280598 	0.00063172 	1.27325e-05
1.63432 	0.0280643 	0.000631927 	1.23481e-05
1.63582 	0.0280689 	0.000632133 	1.19636e-05
1.63732 	0.0280734 	0.000632339 	1.15792e-05
1.63882 	0.028078 	0.000632546 	1.11947e-05
1.64032 	0.0280825 	0.000632752 	1.08103e-05
1.64182 	0.0280871 	0.000632959 	1.04258e-05
1.64332 	0.0280916 	0.000633165 	1.00414e-05
1.64482 	0.0280962 	0.000633371 	9.6569e-06
1.64632 	0.0281006 	0.000633301 	9.30965e-06
1.64782 	0.0281037 	0.000631373 	9.21185e-06
1.64932 	0.0281067 	0.000629445 	9.11405e-06
1.65083 	0.0281098 	0.000627517 	9.01625e-06
1.65233 	0.0281129 	0.000625589 	8.91845e-06
1.65383 	0.028116 	0.000623661 	8.82065e-06
1.65533 	0.0281191 	0.000621733 	8.72286e-06
1.65683 	0.028123 	0.000620808 	8.55666e-06
1.65833 	0.0281292 	0.000622624 	8.20364e-06
1.65983 	0.0281354 	0.000624439 	7.85063e-06
1.66133 	0.0281415 	0.000626255 	7.49761e-06
1.66283 	0.0281477 	0.00062807 	7.1446e-06
1.66433 	0.0281538 	0.000629886 	6.79158e-06
1.66583 	0.02816 	0.000631701 	6.43857e-06
1.66733 	0.028166 	0.000633338 	6.09965e-06
1.66883 	0.0281709 	0.000633361 	5.88833e-06
1.67034 	0.0281757 	0.000633383 	5.67701e-06
1.67184 	0.0281806 	0.000633406 	5.46568e-06
1.67334 	0.0281855 	0.000633428 	5.25436e-06
1.67484 	0.0281903 	0.000633451 	5.04304e-06
1.67634 	0.0281952 	0.000633473 	4.83171e-06
1.67784 	0.0282001 	0.000633496 	4.62039e-06
1.67934 	0.0282049 	0.000633518 	4.40906e-06
1.68084 	0.0282098 	0.000633541 	4.19774e-06
1.68234 	0.0282147 	0.000633563 	3.98642e-06
1.68384 	0.0282195 	0.000633586 	3.77509e-06
1.68534 	0.0282244 	0.000633608 	3.56377e-06
1.68684 	0.0282293 	0.000633631 	3.35244e-06
1.68834 	0.0282341 	0.000633654 	3.14112e-06
1.68984 	0.028239 	0.000633676 	2.9298e-06
1.69135 	0.0282439 	0.000633699 	2.71847e-06
1.69285 	0.0282487 	0.000633721 	2.50715e-06
1.69435 	0.0282536 	0.000633744 	2.29583e-06
1.69585 	0.0282581 	0.000633224 	2.14757e-06
1.69735 	0.0282618 	0.000631247 	2.16874e-06
1.69885 	0.0282654 	0.000629271 	2.18992e-06
1.70035 	0.028269 	0.000627294 	2.2111e-06
1.70185 	0.0282726 	0.000625317 	2.23228e-06
1.70335 	0.0282763 	0.000623341 	2.25345e-06
1.70485 	0.0282799 	0.000621364 	2.27463e-06
1.70635 	0.0282835 	0.000619387 	2.29581e-06
1.70785 	0.0282896 	0.000620312 	2.20742e-06
1.70935 	0.0282961 	0.00062186 	2.09552e-06
1.71086 	0.0283027 	0.000623407 	1.98363e-06
1.71236 	0.0283093 	0.000624955 	1.87173e-06
1.71386 	0.0283158 	0.000626503 	1.75983e-06
1.71536 	0.0283224 	0.00062805 	1.64794e-06
1.71686 	0.0283289 	0.000629598 	1.53604e-06
1.71836 	0.0283354 	0.000631031 	1.43166e-06
1.71986 	0.0283407 	0.000630912 	1.42927e-06
1.72136 	0.0283459 	0.000630793 	1.42687e-06
1.72286 	0.0283511 	0.000630673 	1.42448e-06
1.72436 	0.0283564 	0.000630554 	1.42209e-06
1.72586 	0.0283616 	0.000630435 	1.41969e-06
1.72736 	0.0283669 	0.000630316 	1.4173e-06
1.72886 	0.0283721 	0.000630197 	1.41491e-06
1.73037 	0.0283774 	0.000630077 	1.41251e-06
1.73187 	0.0283826 	0.000629958 	1.41012e-06
1.73337 	0.0283879 	0.000629839 	1.40773e-06
1.73487 	0.0283931 	0.00062972 	1.40533e-06
1.73637 	0.0283984 	0.0006296 	1.40294e-06
1.73787 	0.0284036 	0.000629481 	1.40055e-06
1.73937 	0.0284089 	0.000629362 	1.39816e-06
1.74087 	0.0284141 	0.000629243 	1.39576e-06
1.74237 	0.0284194 	0.000629124 	1.39337e-06
1.74387 	0.0284246 	0.000629004 	1.39098e-06
1.74537 	0.0284299 	0.000628885 	1.38858e-06
1.74687 	0.0284339 	0.000626918 	1.58078e-06
1.74837 	0.0284378 	0.000624937 	1.7744e-06
1.74987 	0.0284418 	0.000622956 	1.96802e-06
1.75138 	0.0284458 	0.000620975 	2.16165e-06
1.75288 	0.0284498 	0.000618994 	2.35527e-06
1.75438 	0.0284538 	0.000617014 	2.54889e-06
1.75588 	0.0284578 	0.000615033 	2.74251e-06
1.75738 	0.0284618 	0.000613052 	2.93614e-06
1.75888 	0.0284686 	0.000614292 	3.08888e-06
1.76038 	0.0284755 	0.000615631 	3.24037e-06
1.76188 	0.0284823 	0.000616971 	3.39186e-06
1.76338 	0.0284892 	0.00061831 	3.54335e-06
1.76488 	0.0284961 	0.00061965 	3.69484e-06
1.76638 	0.028503 	0.000620989 	3.84633e-06
1.76788 	0.0285098 	0.000622328 	3.99782e-06
1.76938 	0.0285167 	0.000623668 	4.1493e-06
1.77089 	0.0285224 	0.000624031 	4.30585e-06
1.77239 	0.0285274 	0.000623861 	4.46515e-06
1.77389 	0.0285325 	0.000623691 	4.62446e-06
1.77539 	0.0285375 	0.000623521 	4.78376e-06
1.77689 	0.0285425 	0.000623351 	4.94307e-06
1.77839 	0.0285475 	0.000623182 	5.10237e-06
1.77989 	0.0285526 	0.000623012 	5.26167e-06
1.78139 	0.0285576 	0.000622842 	5.42098e-06
1.78289 	0.0285626 	0.000622672 	5.58028e-06
1.78439 	0.0285677 	0.000622502 	5.73959e-06
1.78589 	0.0285727 	0.000622332 	5.89889e-06
1.78739 	0.0285777 	0.000622162 	6.0582e-06
1.78889 	0.0285827 	0.000621992 	6.2175e-06
1.7904 	0.0285878 	0.000621822 	6.37681e-06
1.7919 	0.0285928 	0.000621652 	6.53611e-06
1.7934 	0.0285978 	0.000621482 	6.69542e-06
1.7949 	0.0286028 	0.000621312 	6.85472e-06
1.7964 	0.0286071 	0.000620463 	7.05931e-06
1.7979 	0.0286102 	0.000618616 	7.33034e-06
1.7994 	0.0286133 	0.000616769 	7.60136e-06
1.8009 	0.0286164 	0.000614922 	7.87239e-06
1.8024 	0.0286195 	0.000613076 	8.14342e-06
1.8039 	0.0286226 	0.000611229 	8.41445e-06
1.8054 	0.0286257 	0.000609382 	8.68548e-06
1.8069 	0.0286288 	0.000607535 	8.9565e-06
1.8084 	0.0286319 	0.000605689 	9.22753e-06
1.8099 	0.0286356 	0.000606617 	9.41247e-06
1.81141 	0.0286394 	0.000608123 	9.57947e-06
1.81291 	0.0286433 	0.000609629 	9.74648e-06
1.81441 	0.0286471 	0.000611135 	9.91348e-06
1.81591 	0.0286509 	0.000612641 	1.00805e-05
1.81741 	0.0286547 	0.000614147 	1.02475e-05
1.81891 	0.0286586 	0.000615653 	1.04145e-05
1.82041 	0.0286624 	0.000617159 	1.05815e-05
1.82191 	0.0286662 	0.000618665 	1.07485e-05
1.82341 	0.0286712 	0.000618514 	1.10927e-05
1.82491 	0.0286763 	0.000618295 	1.14442e-05
1.82641 	0.0286814 	0.000618076 	1.17957e-05
1.82791 	0.0286864 	0.000617857 	1.21472e-05
1.82941 	0.0286915 	0.000617639 	1.24987e-05
1.83092 	0.0286965 	0.00061742 	1.28502e-05
1.83242 	0.0287016 	0.000617201 	1.32017e-05
1.83392 	0.0287067 	0.000616982 	1.35532e-05
1.83542 	0.0287117 	0.000616763 	1.39047e-05
1.83692 	0.0287168 	0.000616544 	1.42562e-05
1.83842 	0.0287218 	0.000616325 	1.46077e-05
1.83992 	0.0287269 	0.000616106 	1.49592e-05
1.84142 	0.028732 	0.000615887 	1.53107e-05
1.84292 	0.028737 	0.000615669 	1.56622e-05
1.84442 	0.0287421 	0.00061545 	1.60137e-05
1.84592 	0.0287472 	0.000615231 	1.63652e-05
1.84742 	0.0287531 	0.000613822 	1.69242e-05
1.84892 	0.0287597 	0.000611698 	1.76079e-05
1.85043 	0.0287662 	0.000609573 	1.82917e-05
1.85193 	0.0287727 	0.000607449 	1.89755e-05
1.85343 	0.0287792 	0.000605324 	1.96593e-05
1.85493 	0.0287858 	0.0006032 	2.03431e-05
1.85643 	0.0287923 	0.000601075 	2.10269e-05
1.85793 	0.0287988 	0.000598951 	2.17107e-05
1.85943 	0.0288054 	0.000596826 	2.23945e-05
1.86093 	0.0288111 	0.000596482 	2.29695e-05
1.86243 	0.0288161 	0.000597785 	2.34437e-05
1.86393 	0.0288211 	0.000599088 	2.3918e-05
1.86543 	0.0288262 	0.000600392 	2.43923e-05
1.86693 	0.0288312 	0.000601695 	2.48665e-05
1.86843 	0.0288362 	0.000602999 	2.53408e-05
1.86993 	0.0288412 	0.000604302 	2.58151e-05
1.87144 	0.0288462 	0.000605606 	2.62893e-05
1.87294 	0.0288512 	0.000606909 	2.67636e-05
1.87444 	0.0288564 	0.000607982 	2.72558e-05
1.87594 	0.0288622 	0.000607661 	2.78567e-05
1.87744 	0.028868 	0.00060734 	2.84576e-05
1.87894 	0.0288739 	0.000607019 	2.90585e-05
1.88044 	0.0288797 	0.000606698 	2.96594e-05
1.88194 	0.0288855 	0.000606377 	3.02603e-05
1.88344 	0.0288914 	0.000606056 	3.08612e-05
1.88494 	0.0288972 	0.000605735 	3.14621e-05
1.88644 	0.028903 	0.000605414 	3.20631e-05
1.88794 	0.0289089 	0.000605093 	3.2664e-05
1.88944 	0.0289147 	0.000604772 	3.32649e-05
1.89095 	0.0289205 	0.000604451 	3.38658e-05
1.89245 	0.0289264 	0.00060413 	3.44667e-05
1.89395 	0.0289322 	0.000603809 	3.50676e-05
1.89545 	0.028938 	0.000603488 	3.56685e-05
1.89695 	0.0289439 	0.000603167 	3.62694e-05
1.89845 	0.0289504 	0.000601463 	3.70419e-05
1.89995 	0.0289572 	0.000599341 	3.78662e-05
1.90145 	0.0289639 	0.000597219 	3.86905e-05
1.90295 	0.0289707 	0.000595097 	3.95148e-05
1.90445 	0.0289775 	0.000592975 	4.03391e-05
1.90595 	0.0289842 	0.000590854 	4.11634e-05
1.90745 	0.028991 	0.000588732 	4.19877e-05
1.90895 	0.0289978 	0.00058661 	4.28121e-05
1.91046 	0.0290045 	0.000584488 	4.36364e-05
1.91196 	0.029011 	0.00058293 	4.44376e-05
1.91346 	0.0290162 	0.000584117 	4.51267e-05
1.91496 	0.0290213 	0.000585303 	4.58157e-05
1.91646 	0.0290264 	0.00058649 	4.65048e-05
1.91796 	0.0290316 	0.000587677 	4.71938e-05
1.91946 	0.0290367 	0.000588863 	4.78829e-05
1.92096 	0.0290419 	0.00059005 	4.85719e-05
1.92246 	0.029047 	0.000591237 	4.9261e-05
1.92396 	0.0290522 	0.000592424 	4.995e-05
1.92546 	0.0290573 	0.00059361 	5.06391e-05
1.92696 	0.0290627 	0.000594291 	5.13185e-05
1.92846 	0.0290687 	0.000593917 	5.1978e-05
1.92996 	0.0290746 	0.000593544 	5.26374e-05
1.93147 	0.0290805 	0.00059317 	5.32968e-05
1.93297 	0.0290864 	0.000592796 	5.39562e-05
1.93447 	0.0290924 	0.000592423 	5.46156e-05
1.93597 	0.0290983 	0.000592049 	5.5275e-05
1.93747 	0.0291042 	0.000591675 	5.59345e-05
1.93897 	0.0291101 	0.000591302 	5.65939e-05
1.94047 	0.0291161 	0.000590928 	5.72533e-05
1.94197 	0.029122 	0.000590554 	5.79127e-05
1.94347 	0.0291279 	0.000590181 	5.85721e-05
1.94497 	0.0291339 	0.000589807 	5.92315e-05
1.94647 	0.0291398 	0.000589433 	5.98909e-05
1.94797 	0.0291457 	0.00058906 	6.05504e-05
1.94947 	0.0291519 	0.000587084 	6.11227e-05
1.95098 	0.0291581 	0.000585035 	6.1691e-05
1.95248 	0.0291644 	0.000582986 	6.22593e-05
1.95398 	0.0291706 	0.000580937 	6.28276e-05
1.95548 	0.0291768 	0.000578888 	6.33959e-05
1.95698 	0.0291831 	0.000576839 	6.39642e-05
1.95848 	0.0291893 	0.00057479 	6.45325e-05
1.95998 	0.0291955 	0.000572741 	6.51008e-05
1.96148 	0.0292017 	0.000570692 	6.56691e-05
1.96298 	0.029208 	0.000568642 	6.62374e-05
1.96448 	0.0292136 	0.000569367 	6.68439e-05
1.96598 	0.0292193 	0.000570374 	6.74543e-05
1.96748 	0.0292249 	0.00057138 	6.80647e-05
1.96898 	0.0292305 	0.000572387 	6.86751e-05
1.97049 	0.0292361 	0.000573393 	6.92855e-05
1.97199 	0.0292417 	0.0005744 	6.98959e-05
1.97349 	0.0292473 	0.000575406 	7.05063e-05
1.97499 	0.0292529 	0.000576413 	7.11167e-05
1.97649 	0.0292585 	0.000577419 	7.17271e-05
1.97799 	0.0292641 	0.000578426 	7.23375e-05
1.97949 	0.0292696 	0.00057854 	7.28863e-05
1.98099 	0.029275 	0.000578153 	7.34005e-05
1.98249 	0.0292803 	0.000577766 	7.39147e-05
1.98399 	0.0292857 	0.00057738 	7.44289e-05
1.98549 	0.0292911 	0.000576993 	7.49431e-05
1.98699 	0.0292965 	0.000576606 	7.54573e-05
1.98849 	0.0293018 	0.00057622 	7.59715e-05
1.98999 	0.0293072 	0.000575833 	7.64856e-05
1.9915 	0.0293126 	0.000575446 	7.69998e-05
1.993 	0.0293179 	0.00057506 	7.7514e-05
1.9945 	0.0293233 	0.000574673 	7.80282e-05
1.996 	0.0293287 	0.000574286 	7.85424e-05
1.9975 	0.029334 	0.000573899 	7.90566e-05
1.999 	0.0293393 	0.000573042 	7.95295e-05
2.0005 	0.0293443 	0.000571119 	7.99088e-05
2.002 	0.0293492 	0.000569196 	8.02882e-05
2.0035 	0.0293542 	0.000567274 	8.06676e-05
2.005 	0.0293592 	0.000565351 	8.10469e-05
2.0065 	0.0293642 	0.000563428 	8.14263e-05
2.008 	0.0293692 	0.000561505 	8.18056e-05
2.0095 	0.0293741 	0.000559582 	8.2185e-05
2.01101 	0.0293791 	0.000557659 	8.25644e-05
2.01251 	0.0293841 	0.000555737 	8.29437e-05
2.01401 	0.0293891 	0.000553814 	8.33231e-05
2.01551 	0.0293953 	0.000554193 	8.39052e-05
2.01701 	0.0294018 	0.000554958 	8.45212e-05
2.01851 	0.0294082 	0.000555723 	8.51372e-05
2.02001 	0.0294147 	0.000556487 	8.57532e-05
2.02151 	0.0294212 	0.000557252 	8.63692e-05
2.02301 	0.0294276 	0.000558017 	8.69853e-05
2.02451 	0.0294341 	0.000558781 	8.76013e-05
2.02601 	0.0294405 	0.000559546 	8.82173e-05
2.02751 	0.029447 	0.000560311 	8.88333e-05
2.02901 	0.0294535 	0.000561076 	8.94493e-05
2.03052 	0.0294597 	0.000561573 	9.00278e-05
2.03202 	0.0294649 	0.000561132 	9.04744e-05
2.03352 	0.0294702 	0.000560692 	9.09211e-05
2.03502 	0.0294755 	0.000560251 	9.13677e-05
2.03652 	0.0294808 	0.000559811 	9.18144e-05
2.03802 	0.0294861 	0.00055937 	9.2261e-05
2.03952 	0.0294913 	0.000558929 	9.27077e-05
2.04102 	0.0294966 	0.000558489 	9.31543e-05
2.04252 	0.0295019 	0.000558048 	9.36009e-05
2.04402 	0.0295072 	0.000557608 	9.40476e-05
2.04552 	0.0295125 	0.000557167 	9.44942e-05
2.04702 	0.0295178 	0.000556727 	9.49409e-05
2.04852 	0.029523 	0.000556286 	9.53875e-05
2.05003 	0.0295276 	0.000554524 	9.56743e-05
2.05153 	0.0295321 	0.000552672 	9.59502e-05
2.05303 	0.0295366 	0.00055082 	9.6226e-05
2.05453 	0.0295411 	0.000548969 	9.65019e-05
2.05603 	0.0295456 	0.000547117 	9.67778e-05
2.05753 	0.0295501 	0.000545265 	9.70537e-05
2.05903 	0.0295546 	0.000543413 	9.73296e-05
2.06053 	0.0295591 	0.000541562 	9.76055e-05
2.06203 	0.0295636 	0.00053971 	9.78814e-05
2.06353 	0.0295681 	0.000537858 	9.81573e-05
2.06503 	0.0295729 	0.000536348 	9.84706e-05
2.06653 	0.0295797 	0.000536959 	9.90162e-05
2.06803 	0.0295866 	0.00053757 	9.95619e-05
2.06953 	0.0295934 	0.000538181 	0.000100107
2.07104 	0.0296002 	0.000538792 	0.000100653
2.07254 	0.0296071 	0.000539403 	0.000101199
2.07404 	0.0296139 	0.000540014 	0.000101744
2.07554 	0.0296207 	0.000540625 	0.00010229
2.07704 	0.0296276 	0.000541236 	0.000102836
2.07854 	0.0296344 	0.000541848 	0.000103381
2.08004 	0.0296412 	0.000542459 	0.000103927
2.08154 	0.0296477 	0.000542863 	0.000104437
2.08304 	0.0296529 	0.000542411 	0.0001048
2.08454 	0.029658 	0.00054196 	0.000105164
2.08604 	0.0296632 	0.000541509 	0.000105527
2.08754 	0.0296683 	0.000541057 	0.00010589
2.08904 	0.0296734 	0.000540606 	0.000106254
2.09055 	0.0296786 	0.000540155 	0.000106617
2.09205 	0.0296837 	0.000539703 	0.000106981
2.09355 	0.0296889 	0.000539252 	0.000107344
2.09505 	0.029694 	0.000538801 	0.000107707
2.09655 	0.0296992 	0.000538349 	0.000108071
2.09805 	0.0297043 	0.000537898 	0.000108434
2.09955 	0.0297077 	0.00053628 	0.000108549
2.10105 	0.0297111 	0.000534613 	0.000108654
2.10255 	0.0297145 	0.000532945 	0.000108758
2.10405 	0.0297178 	0.000531277 	0.000108863
2.10555 	0.0297212 	0.00052961 	0.000108967
2.10705 	0.0297245 	0.000527942 	0.000109072
2.10855 	0.0297279 	0.000526274 	0.000109176
2.11006 	0.0297313 	0.000524607 	0.000109281
2.11156 	0.0297346 	0.000522939 	0.000109385
2.11306 	0.029738 	0.000521271 	0.00010949
2.11456 	0.0297413 	0.000519604 	0.000109594
2.11606 	0.0297448 	0.00052024 	0.000109777
2.11756 	0.0297482 	0.000521216 	0.000109971
2.11906 	0.0297517 	0.000522192 	0.000110165
2.12056 	0.0297552 	0.000523168 	0.000110359
2.12206 	0.0297586 	0.000524144 	0.000110553
2.12356 	0.0297621 	0.00052512 	0.000110747
2.12506 	0.0297655 	0.000526096 	0.000110941
2.12656 	0.029769 	0.000527072 	0.000111135
2.12806 	0.0297724 	0.000528048 	0.000111329
2.12956 	0.0297759 	0.000529024 	0.000111523
2.13107 	0.0297793 	0.00053 	0.000111717
2.13257 	0.0297839 	0.00052998 	0.000111937
2.13407 	0.0297889 	0.000529493 	0.000112168
2.13557 	0.0297939 	0.000529006 	0.000112399
2.13707 	0.0297989 	0.000528519 	0.00011263
2.13857 	0.0298039 	0.000528032 	0.000112861
2.14007 	0.0298089 	0.000527545 	0.000113093
2.14157 	0.0298139 	0.000527058 	0.000113324
2.14307 	0.029819 	0.000526571 	0.000113555
2.14457 	0.029824 	0.000526084 	0.000113786
2.14607 	0.029829 	0.000525597 	0.000114017
2.14757 	0.0298348 	0.000524314 	0.000114252
2.14907 	0.0298414 	0.000522174 	0.000114491
2.15058 	0.029848 	0.000520034 	0.00011473
2.15208 	0.0298546 	0.000517893 	0.000114969
2.15358 	0.0298612 	0.000515753 	0.000115207
2.15508 	0.0298678 	0.000513613 	0.000115446
2.15658 	0.0298744 	0.000511473 	0.000115685
2.15808 	0.029881 	0.000509333 	0.000115924
2.15958 	0.0298876 	0.000507193 	0.000116163
2.16108 	0.0298942 	0.000505052 	0.000116402
2.16258 	0.0299008 	0.000502912 	0.00011664
2.16408 	0.0299071 	0.000501243 	0.00011687
2.16558 	0.0299115 	0.000501944 	0.000117057
2.16708 	0.029916 	0.000502645 	0.000117243
2.16858 	0.0299205 	0.000503346 	0.000117429
2.17009 	0.0299249 	0.000504047 	0.000117616
2.17159 	0.0299294 	0.000504748 	0.000117802
2.17309 	0.0299338 	0.000505449 	0.000117988
2.17459 	0.0299383 	0.00050615 	0.000118174
2.17609 	0.0299428 	0.000506851 	0.000118361
2.17759 	0.0299472 	0.000507552 	0.000118547
2.17909 	0.0299517 	0.000508254 	0.000118733
2.18059 	0.0299561 	0.000508955 	0.000118919
2.18209 	0.0299613 	0.000508601 	0.000119128
2.18359 	0.0299667 	0.000507969 	0.000119342
2.18509 	0.0299722 	0.000507337 	0.000119557
2.18659 	0.0299776 	0.000506706 	0.000119771
2.18809 	0.029983 	0.000506074 	0.000119986
2.18959 	0.0299884 	0.000505443 	0.0001202
2.1911 	0.0299938 	0.000504811 	0.000120414
2.1926 	0.0299992 	0.00050418 	0.000120629
2.1941 	0.0300046 	0.000503548 	0.000120843
2.1956 	0.0300102 	0.000502047 	0.000121055
2.1971 	0.030016 	0.000499979 	0.000121266
2.1986 	0.0300218 	0.000497911 	0.000121477
2.2001 	0.0300276 	0.000495844 	0.000121688
2.2016 	0.0300334 	0.000493776 	0.000121899
2.2031 	0.0300392 	0.000491709 	0.00012211
2.2046 	0.030045 	0.000489641 	0.000122321
2.2061 	0.0300508 	0.000487574 	0.000122532
2.2076 	0.0300566 	0.000485506 	0.000122743
2.2091 	0.0300624 	0.000483438 	0.000122954
2.21061 	0.0300682 	0.000481371 	0.000123165
2.21211 	0.0300738 	0.000479622 	0.000123372
2.21361 	0.0300784 	0.000480106 	0.000123552
2.21511 	0.030083 	0.00048059 	0.000123731
2.21661 	0.0300875 	0.000481074 	0.00012391
2.21811 	0.0300921 	0.000481558 	0.00012409
2.21961 	0.0300966 	0.000482042 	0.000124269
2.22111 	0.0301012 	0.000482526 	0.000124448
2.22261 	0.0301058 	0.000483009 	0.000124628
2.22411 	0.0301103 	0.000483493 	0.000124807
2.22561 	0.0301149 	0.000483977 	0.000124986
2.22711 	0.0301194 	0.000484461 	0.000125166
2.22861 	0.030124 	0.000484945 	0.000125345
2.23012 	0.0301286 	0.000484714 	0.000125516
2.23162 	0.0301332 	0.000484067 	0.000125684
2.23312 	0.0301378 	0.000483421 	0.000125851
2.23462 	0.0301424 	0.000482774 	0.000126018
2.23612 	0.030147 	0.000482127 	0.000126185
2.23762 	0.0301516 	0.000481481 	0.000126352
2.23912 	0.0301562 	0.000480834 	0.000126519
2.24062 	0.0301608 	0.000480187 	0.000126686
2.24212 	0.0301653 	0.000479001 	0.000126836
2.24362 	0.0301697 	0.000477086 	0.000126963
2.24512 	0.0301741 	0.00047517 	0.000127091
2.24662 	0.0301784 	0.000473255 	0.000127218
2.24812 	0.0301828 	0.000471339 	0.000127345
2.24962 	0.0301872 	0.000469424 	0.000127472
2.25113 	0.0301916 	0.000467508 	0.000127599
2.25263 	0.0301959 	0.000465593 	0.000127727
2.25413 	0.0302003 	0.000463677 	0.000127854
2.25563 	0.0302047 	0.000461762 	0.000127981
2.25713 	0.0302091 	0.000459846 	0.000128108
2.25863 	0.0302134 	0.000457931 	0.000128235
2.26013 	0.0302182 	0.000457796 	0.000128367
2.26163 	0.030223 	0.000457992 	0.0001285
2.26313 	0.0302278 	0.000458188 	0.000128632
2.26463 	0.0302326 	0.000458384 	0.000128765
2.26613 	0.0302374 	0.00045858 	0.000128898
2.26763 	0.0302422 	0.000458776 	0.00012903
2.26913 	0.030247 	0.000458972 	0.000129163
2.27064 	0.0302518 	0.000459169 	0.000129296
2.27214 	0.0302567 	0.000459365 	0.000129428
2.27364 	0.0302615 	0.000459561 	0.000129561
2.27514 	0.0302663 	0.000459757 	0.000129694
2.27664 	0.0302709 	0.000459686 	0.000129826
2.27814 	0.030275 	0.00045898 	0.000129956
2.27964 	0.030279 	0.000458275 	0.000130086
2.28114 	0.0302831 	0.00045757 	0.000130215
2.28264 	0.0302872 	0.000456864 	0.000130345
2.28414 	0.0302913 	0.000456159 	0.000130475
2.28564 	0.0302954 	0.000455453 	0.000130605
2.28714 	0.0302995 	0.00045472 	0.000130736
2.28864 	0.0303031 	0.000452899 	0.000130887
2.29015 	0.0303066 	0.000451078 	0.000131037
2.29165 	0.0303102 	0.000449257 	0.000131188
2.29315 	0.0303138 	0.000447436 	0.000131339
2.29465 	0.0303174 	0.000445615 	0.000131489
2.29615 	0.030321 	0.000443794 	0.00013164
2.29765 	0.0303246 	0.000441973 	0.00013179
2.29915 	0.0303281 	0.000440152 	0.000131941
2.30065 	0.0303317 	0.000438331 	0.000132092
2.30215 	0.0303353 	0.00043651 	0.000132242
2.30365 	0.0303389 	0.00043469 	0.000132393
2.30515 	0.0303429 	0.000433618 	0.000132561
2.30665 	0.0303475 	0.000433649 	0.000132755
2.30815 	0.0303522 	0.00043368 	0.00013295
2.30965 	0.0303568 	0.000433711 	0.000133144
2.31116 	0.0303614 	0.000433742 	0.000133338
2.31266 	0.030366 	0.000433774 	0.000133532
2.31416 	0.0303706 	0.000433805 	0.000133726
2.31566 	0.0303753 	0.000433836 	0.00013392
2.31716 	0.0303799 	0.000433867 	0.000134114
2.31866 	0.0303845 	0.000433898 	0.000134308
2.32016 	0.0303891 	0.000433929 	0.000134502
2.32166 	0.0303937 	0.00043396 	0.000134696
2.32316 	0.0303975 	0.00043336 	0.000134851
2.32466 	0.0304011 	0.000432662 	0.000134999
2.32616 	0.0304047 	0.000431965 	0.000135147
2.32766 	0.0304083 	0.000431267 	0.000135296
2.32916 	0.0304119 	0.00043057 	0.000135444
2.33067 	0.0304155 	0.000429872 	0.000135592
2.33217 	0.0304185 	0.000428754 	0.000135743
2.33367 	0.0304209 	0.000427183 	0.000135897
2.33517 	0.0304232 	0.000425612 	0.000136051
2.33667 	0.0304256 	0.000424041 	0.000136204
2.33817 	0.0304279 	0.00042247 	0.000136358
2.33967 	0.0304303 	0.000420899 	0.000136512
2.34117 	0.0304326 	0.000419328 	0.000136666
2.34267 	0.030435 	0.000417757 	0.00013682
2.34417 	0.0304374 	0.000416186 	0.000136973
2.34567 	0.0304397 	0.000414614 	0.000137127
2.34717 	0.0304421 	0.000413043 	0.000137281
2.34867 	0.0304444 	0.000411472 	0.000137435
2.35018 	0.0304463 	0.000411798 	0.000137585
2.35168 	0.030448 	0.000412374 	0.000137736
2.35318 	0.0304498 	0.000412951 	0.000137886
2.35468 	0.0304516 	0.000413527 	0.000138037
2.35618 	0.0304533 	0.000414103 	0.000138187
2.35768 	0.0304551 	0.000414679 	0.000138338
2.35918 	0.0304569 	0.000415256 	0.000138488
2.36068 	0.0304587 	0.000415832 	0.000138639
2.36218 	0.0304604 	0.000416408 	0.000138789
2.36368 	0.0304622 	0.000416984 	0.00013894
2.36518 	0.030464 	0.000417561 	0.00013909
2.36668 	0.0304662 	0.000417595 	0.000139272
2.36818 	0.0304692 	0.000416866 	0.000139498
2.36968 	0.0304722 	0.000416136 	0.000139725
2.37119 	0.0304752 	0.000415407 	0.000139951
2.37269 	0.0304782 	0.000414678 	0.000140177
2.37419 	0.0304812 	0.000413948 	0.000140404
2.37569 	0.0304848 	0.000412031 	0.000140708
2.37719 	0.0304886 	0.000409919 	0.000141026
2.37869 	0.0304923 	0.000407807 	0.000141343
2.38019 	0.0304961 	0.000405694 	0.000141661
2.38169 	0.0304999 	0.000403582 	0.000141978
2.38319 	0.0305036 	0.00040147 	0.000142296
2.38469 	0.0305074 	0.000399358 	0.000142613
2.38619 	0.0305111 	0.000397245 	0.000142931
2.38769 	0.0305149 	0.000395133 	0.000143248
2.38919 	0.0305186 	0.000393021 	0.000143566
2.3907 	0.0305224 	0.000390908 	0.000143883
2.3922 	0.0305256 	0.00038957 	0.000144199
2.3937 	0.0305277 	0.000389716 	0.000144511
2.3952 	0.0305298 	0.000389862 	0.000144823
2.3967 	0.0305318 	0.000390007 	0.000145135
2.3982 	0.0305339 	0.000390153 	0.000145447
2.3997 	0.030536 	0.000390299 	0.000145759
2.4012 	0.0305381 	0.000390445 	0.000146071
2.4027 	0.0305402 	0.000390591 	0.000146382
2.4042 	0.0305423 	0.000390737 	0.000146694
2.4057 	0.0305444 	0.000390883 	0.000147006
2.4072 	0.0305465 	0.000391028 	0.000147318
2.4087 	0.0305486 	0.000391174 	0.00014763
2.41021 	0.0305511 	0.000390285 	0.00014786
2.41171 	0.0305537 	0.000389395 	0.000148089
2.41321 	0.0305562 	0.000388505 	0.000148319
2.41471 	0.0305588 	0.000387616 	0.000148548
2.41621 	0.0305614 	0.000386493 	0.000148749
2.41771 	0.030564 	0.000384514 	0.000148842
2.41921 	0.0305666 	0.000382535 	0.000148935
2.42071 	0.0305692 	0.000380556 	0.000149028
2.42221 	0.0305718 	0.000378577 	0.000149121
2.42371 	0.0305744 	0.000376597 	0.000149214
2.42521 	0.0305771 	0.000374618 	0.000149307
2.42671 	0.0305797 	0.000372639 	0.0001494
2.42821 	0.0305823 	0.00037066 	0.000149494
2.42971 	0.0305849 	0.000368681 	0.000149587
2.43122 	0.0305875 	0.000366702 	0.00014968
2.43272 	0.0305901 	0.000364722 	0.000149773
2.43422 	0.0305918 	0.000364334 	0.000149906
2.43572 	0.0305932 	0.000364263 	0.000150048
2.43722 	0.0305947 	0.000364191 	0.000150189
2.43872 	0.0305962 	0.000364119 	0.00015033
2.44022 	0.0305976 	0.000364047 	0.000150472
2.44172 	0.0305991 	0.000363976 	0.000150613
2.44322 	0.0306005 	0.000363904 	0.000150754
2.44472 	0.030602 	0.000363832 	0.000150896
2.44622 	0.0306034 	0.000363761 	0.000151037
2.44772 	0.0306049 	0.000363689 	0.000151178
2.44922 	0.0306064 	0.000363617 	0.00015132
2.45073 	0.0306079 	0.000363018 	0.000151405
2.45223 	0.0306095 	0.000362158 	0.000151463
2.45373 	0.0306112 	0.000361298 	0.000151521
2.45523 	0.0306128 	0.000360437 	0.000151579
2.45673 	0.0306145 	0.000358985 	0.000151564
2.45823 	0.0306163 	0.000357123 	0.000151497
2.45973 	0.0306181 	0.000355262 	0.000151431
2.46123 	0.0306199 	0.0003534 	0.000151364
2.46273 	0.0306216 	0.000351538 	0.000151297
2.46423 	0.0306234 	0.000349677 	0.000151231
2.46573 	0.0306252 	0.000347815 	0.000151164
2.46723 	0.030627 	0.000345953 	0.000151097
2.46873 	0.0306288 	0.000344092 	0.000151031
2.47024 	0.0306306 	0.00034223 	0.000150964
2.47174 	0.0306323 	0.000340368 	0.000150898
2.47324 	0.0306337 	0.000339156 	0.000150829
2.47474 	0.0306344 	0.000338924 	0.000150758
2.47624 	0.0306351 	0.000338692 	0.000150686
2.47774 	0.0306357 	0.00033846 	0.000150615
2.47924 	0.0306364 	0.000338228 	0.000150544
2.48074 	0.0306371 	0.000337995 	0.000150472
2.48224 	0.0306378 	0.000337763 	0.000150401
2.48374 	0.0306385 	0.000337531 	0.00015033
2.48524 	0.0306392 	0.000337299 	0.000150258
2.48674 	0.0306399 	0.000337067 	0.000150187
2.48824 	0.0306406 	0.000336835 	0.000150116
2.48974 	0.0306413 	0.000336355 	0.000150044
2.49125 	0.0306422 	0.000335583 	0.000149971
2.49275 	0.030643 	0.000334812 	0.000149899
2.49425 	0.0306439 	0.000334021 	0.000149825
2.49575 	0.0306448 	0.000332521 	0.000149709
2.49725 	0.0306456 	0.000331021 	0.000149593
2.49875 	0.0306465 	0.000329522 	0.000149476
2.50025 	0.0306474 	0.000328022 	0.00014936
2.50175 	0.0306483 	0.000326523 	0.000149244
2.50325 	0.0306491 	0.000325023 	0.000149128
2.50475 	0.03065 	0.000323523 	0.000149011
2.50625 	0.0306509 	0.000322024 	0.000148895
2.50775 	0.0306518 	0.000320524 	0.000148779
2.50925 	0.0306526 	0.000319025 	0.000148662
2.51076 	0.0306534 	0.00031765 	0.000148549
2.51226 	0.030653 	0.00031803 	0.000148468
2.51376 	0.0306525 	0.00031841 	0.000148388
2.51526 	0.0306521 	0.000318789 	0.000148308
2.51676 	0.0306516 	0.000319169 	0.000148228
2.51826 	0.0306512 	0.000319549 	0.000148147
2.51976 	0.0306507 	0.000319929 	0.000148067
2.52126 	0.0306503 	0.000320308 	0.000147987
2.52276 	0.0306498 	0.000320688 	0.000147907
2.52426 	0.0306494 	0.000321068 	0.000147827
2.52576 	0.0306489 	0.000321448 	0.000147746
2.52726 	0.0306487 	0.000321348 	0.000147617
2.52876 	0.0306487 	0.000320507 	0.000147413
2.53027 	0.0306487 	0.000319667 	0.000147208
2.53177 	0.0306489 	0.000318137 	0.000146927
2.53327 	0.0306492 	0.000316031 	0.000146581
2.53477 	0.0306495 	0.000313924 	0.000146235
2.53627 	0.0306498 	0.000311818 	0.00014589
2.53777 	0.0306501 	0.000309712 	0.000145544
2.53927 	0.0306504 	0.000307606 	0.000145198
2.54077 	0.0306507 	0.000305499 	0.000144853
2.54227 	0.030651 	0.000303393 	0.000144507
2.54377 	0.0306514 	0.000301287 	0.000144161
2.54527 	0.0306517 	0.000299181 	0.000143815
2.54677 	0.030652 	0.000297074 	0.00014347
2.54827 	0.0306507 	0.000296716 	0.000143155
2.54977 	0.0306492 	0.000296647 	0.000142845
2.55128 	0.0306477 	0.000296578 	0.000142535
2.55278 	0.0306462 	0.000296508 	0.000142225
2.55428 	0.0306447 	0.000296439 	0.000141915
2.55578 	0.0306433 	0.00029637 	0.000141606
2.55728 	0.0306418 	0.000296301 	0.000141296
2.55878 	0.0306403 	0.000296232 	0.000140986
2.56028 	0.0306388 	0.000296163 	0.000140676
2.56178 	0.0306373 	0.000296093 	0.000140366
2.56328 	0.030636 	0.000295609 	0.00014004
2.56478 	0.030635 	0.000294686 	0.000139697
2.56628 	0.030634 	0.00029361 	0.000139343
2.56778 	0.0306331 	0.000291734 	0.000138932
2.56928 	0.0306322 	0.000289858 	0.000138521
2.57079 	0.0306313 	0.000287982 	0.00013811
2.57229 	0.0306304 	0.000286107 	0.000137699
2.57379 	0.0306295 	0.000284231 	0.000137289
2.57529 	0.0306285 	0.000282355 	0.000136878
2.57679 	0.0306276 	0.000280479 	0.000136467
2.57829 	0.0306267 	0.000278603 	0.000136056
2.57979 	0.0306258 	0.000276728 	0.000135645
2.58129 	0.0306249 	0.000274852 	0.000135234
2.58279 	0.0306219 	0.00027417 	0.000134711
2.58429 	0.0306184 	0.000273819 	0.000134156
2.58579 	0.0306149 	0.000273468 	0.000133602
2.58729 	0.0306113 	0.000273116 	0.000133047
2.58879 	0.0306078 	0.000272765 	0.000132492
2.5903 	0.0306042 	0.000272414 	0.000131938
2.5918 	0.0306007 	0.000272063 	0.000131383
2.5933 	0.0305972 	0.000271712 	0.000130828
2.5948 	0.0305936 	0.000271361 	0.000130274
2.5963 	0.0305901 	0.00027101 	0.000129719
2.5978 	0.0305877 	0.000270311 	0.000129276
2.5993 	0.0305857 	0.000269493 	0.000128871
2.6008 	0.0305845 	0.00026808 	0.000128552
2.6023 	0.0305835 	0.000266589 	0.000128245
2.6038 	0.0305825 	0.000265098 	0.000127937
2.6053 	0.0305814 	0.000263607 	0.00012763
2.6068 	0.0305804 	0.000262116 	0.000127322
2.6083 	0.0305793 	0.000260624 	0.000127014
2.6098 	0.0305783 	0.000259133 	0.000126707
2.61131 	0.0305773 	0.000257642 	0.000126399
2.61281 	0.0305762 	0.000256151 	0.000126092
2.61431 	0.0305752 	0.00025466 	0.000125784
2.61581 	0.0305725 	0.000254679 	0.000125469
2.61731 	0.0305696 	0.00025498 	0.000125151
2.61881 	0.0305667 	0.00025528 	0.000124834
2.62031 	0.0305637 	0.000255581 	0.000124517
2.62181 	0.0305608 	0.000255881 	0.0001242
2.62331 	0.0305578 	0.000256181 	0.000123883
2.62481 	0.0305549 	0.000256482 	0.000123566
2.62631 	0.0305519 	0.000256782 	0.000123249
2.62781 	0.030549 	0.000257083 	0.000122932
2.62931 	0.030546 	0.000257183 	0.000122587
2.63082 	0.0305424 	0.000256263 	0.000122105
2.63232 	0.0305384 	0.000254447 	0.000121531
2.63382 	0.0305342 	0.000252267 	0.00012092
2.63532 	0.03053 	0.000250086 	0.00012031
2.63682 	0.0305259 	0.000247906 	0.000119699
2.63832 	0.0305217 	0.000245725 	0.000119089
2.63982 	0.0305175 	0.000243545 	0.000118478
2.64132 	0.0305133 	0.000241364 	0.000117868
2.64282 	0.0305091 	0.000239184 	0.000117257
2.64432 	0.0305049 	0.000237003 	0.000116647
2.64582 	0.0305006 	0.000234885 	0.000116039
2.64732 	0.0304947 	0.000234658 	0.000115522
2.64882 	0.0304887 	0.000234431 	0.000115005
2.65033 	0.0304827 	0.000234203 	0.000114488
2.65183 	0.0304767 	0.000233976 	0.000113971
2.65333 	0.0304707 	0.000233749 	0.000113454
2.65483 	0.0304648 	0.000233522 	0.000112937
2.65633 	0.0304588 	0.000233294 	0.000112419
2.65783 	0.0304528 	0.000233067 	0.000111902
2.65933 	0.0304468 	0.00023284 	0.000111385
2.66083 	0.0304411 	0.000231959 	0.00011088
2.66233 	0.0304356 	0.000230255 	0.00011042
2.66383 	0.0304304 	0.000228215 	0.000109984
2.66533 	0.0304251 	0.000226175 	0.000109548
2.66683 	0.0304198 	0.000224135 	0.000109113
2.66833 	0.0304145 	0.000222095 	0.000108677
2.66983 	0.0304092 	0.000220055 	0.000108241
2.67134 	0.0304039 	0.000218015 	0.000107806
2.67284 	0.0303987 	0.000215975 	0.00010737
2.67434 	0.0303934 	0.000213935 	0.000106934
2.67584 	0.0303869 	0.000212414 	0.00010648
2.67734 	0.030378 	0.000211921 	0.000105988
2.67884 	0.0303691 	0.000211428 	0.000105496
2.68034 	0.0303602 	0.000210935 	0.000105004
2.68184 	0.0303513 	0.000210442 	0.000104512
2.68334 	0.0303423 	0.000209949 	0.00010402
2.68484 	0.0303334 	0.000209456 	0.000103528
2.68634 	0.0303245 	0.000208963 	0.000103036
2.68784 	0.0303156 	0.00020847 	0.000102544
2.68934 	0.030308 	0.000207788 	0.000102117
2.69085 	0.0303035 	0.000206421 	0.000101856
2.69235 	0.0302997 	0.000204809 	0.000101637
2.69385 	0.0302959 	0.000203197 	0.000101418
2.69535 	0.030292 	0.000201584 	0.000101199
2.69685 	0.0302882 	0.000199972 	0.000100981
2.69835 	0.0302844 	0.000198359 	0.000100762
2.69985 	0.0302806 	0.000196747 	0.000100543
2.70135 	0.0302767 	0.000195135 	0.000100324
2.70285 	0.0302729 	0.000193522 	0.000100106
2.70435 	0.0302678 	0.000193276 	9.99054e-05
2.70585 	0.0302623 	0.000193526 	9.97118e-05
2.70735 	0.0302567 	0.000193776 	9.95182e-05
2.70885 	0.0302512 	0.000194026 	9.93246e-05
2.71036 	0.0302456 	0.000194276 	9.9131e-05
2.71186 	0.0302401 	0.000194526 	9.89374e-05
2.71336 	0.0302345 	0.000194777 	9.87438e-05
2.71486 	0.030229 	0.000195027 	9.85502e-05
2.71636 	0.030223 	0.000194997 	9.83369e-05
2.71786 	0.0302141 	0.000193061 	9.79901e-05
2.71936 	0.0302045 	0.00019072 	9.76151e-05
2.72086 	0.0301949 	0.00018838 	9.72401e-05
2.72236 	0.0301853 	0.000186039 	9.68651e-05
2.72386 	0.0301758 	0.000183698 	9.64901e-05
2.72536 	0.0301662 	0.000181357 	9.61151e-05
2.72686 	0.0301566 	0.000179016 	9.57401e-05
2.72836 	0.030147 	0.000176676 	9.53652e-05
2.72986 	0.0301371 	0.000174707 	9.49963e-05
2.73137 	0.0301254 	0.000174231 	9.46518e-05
2.73287 	0.0301138 	0.000173755 	9.43074e-05
2.73437 	0.0301022 	0.000173278 	9.39629e-05
2.73587 	0.0300906 	0.000172802 	9.36185e-05
2.73737 	0.030079 	0.000172326 	9.3274e-05
2.73887 	0.0300674 	0.00017185 	9.29296e-05
2.74037 	0.0300558 	0.000171373 	9.25851e-05
2.74187 	0.0300444 	0.000170824 	9.22398e-05
2.74337 	0.0300351 	0.000168933 	9.18655e-05
2.74487 	0.0300261 	0.00016687 	9.14859e-05
2.74637 	0.0300171 	0.000164808 	9.11063e-05
2.74787 	0.0300081 	0.000162745 	9.07266e-05
2.74937 	0.029999 	0.000160683 	9.0347e-05
2.75088 	0.02999 	0.00015862 	8.99674e-05
2.75238 	0.029981 	0.000156558 	8.95877e-05
2.75388 	0.0299719 	0.000154496 	8.92081e-05
2.75538 	0.0299573 	0.000153248 	8.8706e-05
2.75688 	0.0299404 	0.000152341 	8.81525e-05
2.75838 	0.0299234 	0.000151434 	8.7599e-05
2.75988 	0.0299065 	0.000150528 	8.70455e-05
2.76138 	0.0298895 	0.000149621 	8.6492e-05
2.76288 	0.0298725 	0.000148714 	8.59385e-05
2.76438 	0.0298556 	0.000147808 	8.5385e-05
2.76588 	0.0298387 	0.000146899 	8.48338e-05
2.76738 	0.0298341 	0.000145543 	8.46092e-05
2.76888 	0.0298302 	0.000144157 	8.44022e-05
2.77039 	0.0298263 	0.000142772 	8.41952e-05
2.77189 	0.0298223 	0.000141387 	8.39882e-05
2.77339 	0.0298184 	0.000140002 	8.37813e-05
2.77489 	0.0298145 	0.000138617 	8.35743e-05
2.77639 	0.0298105 	0.000137231 	8.33673e-05
2.77789 	0.0298049 	0.000136101 	8.31275e-05
2.77939 	0.0297931 	0.000135906 	8.27672e-05
2.78089 	0.0297812 	0.00013571 	8.24069e-05
2.78239 	0.0297694 	0.000135515 	8.20466e-05
2.78389 	0.0297575 	0.000135319 	8.16863e-05
2.78539 	0.0297457 	0.000135124 	8.1326e-05
2.78689 	0.0297338 	0.000134928 	8.09657e-05
2.78839 	0.029722 	0.000134733 	8.06054e-05
2.78989 	0.0297079 	0.000132529 	8.0158e-05
2.7914 	0.0296937 	0.000130217 	7.97049e-05
2.7929 	0.0296795 	0.000127906 	7.92518e-05
2.7944 	0.0296653 	0.000125594 	7.87986e-05
2.7959 	0.0296511 	0.000123283 	7.83455e-05
2.7974 	0.0296369 	0.000120971 	7.78924e-05
2.7989 	0.0296227 	0.00011866 	7.74393e-05
2.8004 	0.0296042 	0.00011732 	7.69554e-05
2.8019 	0.0295838 	0.000116413 	7.64577e-05
2.8034 	0.0295634 	0.000115506 	7.59601e-05
2.8049 	0.029543 	0.000114599 	7.54625e-05
2.8064 	0.0295226 	0.000113693 	7.49649e-05
2.8079 	0.0295022 	0.000112786 	7.44673e-05
2.8094 	0.0294818 	0.000111879 	7.39697e-05
2.81091 	0.029473 	0.000110373 	7.37453e-05
2.81241 	0.0294657 	0.000108805 	7.35539e-05
2.81391 	0.0294585 	0.000107236 	7.33626e-05
2.81541 	0.0294512 	0.000105667 	7.31713e-05
2.81691 	0.0294439 	0.000104099 	7.29799e-05
2.81841 	0.0294366 	0.00010253 	7.27886e-05
2.81991 	0.0294287 	0.000101102 	7.25952e-05
2.82141 	0.0294154 	0.000100979 	7.23823e-05
2.82291 	0.0294021 	0.000100857 	7.21694e-05
2.82441 	0.0293888 	0.000100735 	7.19564e-05
2.82591 	0.0293755 	0.000100612 	7.17435e-05
2.82741 	0.0293622 	0.00010049 	7.15306e-05
2.82891 	0.0293489 	0.000100367 	7.13177e-05
2.83042 	0.0293334 	9.80102e-05 	7.10069e-05
2.83192 	0.0293173 	9.4895e-05 	7.06638e-05
2.83342 	0.0293011 	9.17798e-05 	7.03208e-05
2.83492 	0.0292849 	8.86646e-05 	6.99778e-05
2.83642 	0.0292687 	8.55494e-05 	6.96348e-05
2.83792 	0.0292526 	8.24342e-05 	6.92917e-05
2.83942 	0.0292361 	7.92802e-05 	6.89457e-05
2.84092 	0.0292193 	7.60655e-05 	6.85949e-05
2.84242 	0.0292025 	7.28508e-05 	6.82441e-05
2.84392 	0.0291857 	6.96362e-05 	6.78933e-05
2.84542 	0.0291689 	6.64215e-05 	6.75425e-05
2.84692 	0.0291521 	6.32068e-05 	6.71917e-05
2.84842 	0.0291355 	6.1378e-05 	6.69143e-05
2.84992 	0.0291192 	6.12305e-05 	6.67304e-05
2.85143 	0.029103 	6.1083e-05 	6.65465e-05
2.85293 	0.0290867 	6.09355e-05 	6.63625e-05
2.85443 	0.0290704 	6.0788e-05 	6.61786e-05
2.85593 	0.0290542 	6.06405e-05 	6.59946e-05
2.85743 	0.0290412 	5.97062e-05 	6.58258e-05
2.85893 	0.0290312 	5.80754e-05 	6.56704e-05
2.86043 	0.0290212 	5.64445e-05 	6.5515e-05
2.86193 	0.0290112 	5.48137e-05 	6.53596e-05
2.86343 	0.0290012 	5.31829e-05 	6.52042e-05
2.86493 	0.0289889 	5.16026e-05 	6.50332e-05
2.86643 	0.0289582 	5.052e-05 	6.47458e-05
2.86793 	0.0289253 	4.95106e-05 	6.44451e-05
2.86943 	0.0288924 	4.85013e-05 	6.41444e-05
2.87094 	0.0288594 	4.74919e-05 	6.38437e-05
2.87244 	0.0288265 	4.64825e-05 	6.3543e-05
2.87394 	0.0287963 	4.47463e-05 	6.3259e-05
2.87544 	0.0287692 	4.22031e-05 	6.29936e-05
2.87694 	0.0287421 	3.966e-05 	6.27281e-05
2.87844 	0.028715 	3.71168e-05 	6.24627e-05
2.87994 	0.0286879 	3.45736e-05 	6.21973e-05
2.88144 	0.0286624 	3.27663e-05 	6.19755e-05
2.88294 	0.0286406 	3.25709e-05 	6.18454e-05
2.88444 	0.0286188 	3.23754e-05 	6.17152e-05
2.88594 	0.0285971 	3.218e-05 	6.15851e-05
2.88744 	0.0285753 	3.19846e-05 	6.1455e-05
2.88894 	0.0285549 	3.15243e-05 	6.13329e-05
2.89045 	0.0285405 	2.98484e-05 	6.12476e-05
2.89195 	0.0285261 	2.81725e-05 	6.11623e-05
2.89345 	0.0285117 	2.64966e-05 	6.10771e-05
2.89495 	0.0284973 	2.48207e-05 	6.09918e-05
2.89645 	0.0284702 	2.33588e-05 	6.08798e-05
2.89795 	0.0284237 	2.23046e-05 	6.07206e-05
2.89945 	0.0283772 	2.12504e-05 	6.05614e-05
2.90095 	0.0283307 	2.01963e-05 	6.04022e-05
2.90245 	0.0282842 	1.91421e-05 	6.02429e-05
2.90395 	0.0282414 	1.71617e-05 	6.01053e-05
2.90545 	0.028201 	1.45736e-05 	5.99817e-05
2.90695 	0.0281606 	1.19855e-05 	5.98582e-05
2.90845 	0.0281202 	9.39745e-06 	5.97347e-05
2.90995 	0.0280815 	7.2654e-06 	5.96268e-05
2.91146 	0.0280496 	6.9664e-06 	5.95698e-05
2.91296 	0.0280182 	6.78336e-06 	5.95155e-05
2.91446 	0.0279868 	6.60031e-06 	5.94612e-05
2.91596 	0.0279555 	6.41726e-06 	5.94069e-05
2.91746 	0.0279295 	5.19353e-06 	5.93742e-05
2.91896 	0.0279059 	3.5394e-06 	5.93504e-05
2.92046 	0.0278822 	1.88526e-06 	5.93265e-05
2.92196 	0.0278585 	2.31131e-07 	5.93027e-05
2.92346 	0.0278091 	-9.90826e-07 	5.92882e-05
2.92496 	0.0277448 	-1.76587e-06 	5.92764e-05
2.92646 	0.0276805 	-2.54091e-06 	5.92646e-05
2.92796 	0.0276162 	-3.31596e-06 	5.92529e-05
2.92946 	0.0275461 	-4.92608e-06 	5.92594e-05
2.93097 	0.027469 	-7.55873e-06 	5.92885e-05
2.93247 	0.0273919 	-1.01914e-05 	5.93175e-05
2.93397 	0.0273148 	-1.2824e-05 	5.93466e-05
2.93547 	0.0272598 	-1.38013e-05 	5.937e-05
2.93697 	0.0272186 	-1.37062e-05 	5.93883e-05
2.93847 	0.0271775 	-1.36112e-05 	5.94067e-05
2.93997 	0.0271364 	-1.35162e-05 	5.9425e-05
2.94147 	0.0270853 	-1.4844e-05 	5.94776e-05
2.94297 	0.0270315 	-1.65474e-05 	5.95391e-05
2.94447 	0.0269778 	-1.82509e-05 	5.96007e-05
2.94597 	0.0269238 	-1.95292e-05 	5.96509e-05
2.94747 	0.0268607 	-1.96038e-05 	5.96682e-05
2.94897 	0.0267975 	-1.96719e-05 	5.96854e-05
2.95048 	0.0267343 	-1.974e-05 	5.97026e-05
2.95198 	0.0266772 	-2.07509e-05 	5.97438e-05
2.95348 	0.0266228 	-2.21761e-05 	5.97955e-05
2.95498 	0.0265685 	-2.36013e-05 	5.98472e-05
2.95648 	0.0264693 	-2.46758e-05 	5.98423e-05
2.95798 	0.0263063 	-2.51531e-05 	5.97538e-05
2.95948 	0.0261432 	-2.56305e-05 	5.96652e-05
2.96098 	0.0259801 	-2.62717e-05 	5.95796e-05
2.96248 	0.0258162 	-2.80724e-05 	5.95141e-05
2.96398 	0.0256522 	-2.98732e-05 	5.94487e-05
2.96548 	0.0254954 	-3.13702e-05 	5.93662e-05
2.96698 	0.0253738 	-3.13096e-05 	5.92024e-05
2.96848 	0.0252559 	-3.10778e-05 	5.90302e-05
2.96998 	0.025138 	-3.08984e-05 	5.88586e-05
2.97149 	0.0250204 	-3.18582e-05 	5.86995e-05
2.97299 	0.0249028 	-3.2818e-05 	5.85404e-05
2.97449 	0.0247757 	-3.3492e-05 	5.83525e-05
2.97599 	0.0246199 	-3.31086e-05 	5.80743e-05
2.97749 	0.0244641 	-3.27252e-05 	5.7796e-05
2.97899 	0.0243089 	-3.28109e-05 	5.75219e-05
2.98049 	0.0241545 	-3.35385e-05 	5.72535e-05
2.98199 	0.0239989 	-3.42377e-05 	5.69814e-05
2.98349 	0.023802 	-3.39417e-05 	5.65971e-05
2.98499 	0.0235955 	-3.33619e-05 	5.61865e-05
2.98649 	0.0233896 	-3.30145e-05 	5.57793e-05
2.98799 	0.0231855 	-3.34576e-05 	5.53833e-05
2.98949 	0.0229799 	-3.3877e-05 	5.49828e-05
2.991 	0.0227186 	-3.3327e-05 	5.44265e-05
2.9925 	0.0224447 	-3.25117e-05 	5.38359e-05
2.994 	0.022172 	-3.20931e-05 	5.3255e-05
2.9955 	0.021901 	-3.2202e-05 	5.26871e-05
2.997 	0.0195717 	-2.92667e-05 	4.7145e-05
2.9985 	0.00978583 	-1.46333e-05 	2.35725e-05
3 	0 	0 	0
