0.0030015 	-0.000164772 	6.68064e-05 	6.8358e-07
0.00450225 	-0.000400801 	0.000148954 	1.67978e-06
0.006003 	-0.000636829 	0.000231101 	2.67598e-06
0.00750375 	-0.000872858 	0.000313248 	3.67217e-06
0.0090045 	-0.00110889 	0.000395396 	4.66837e-06
0.0105053 	-0.00134898 	0.000478649 	5.72165e-06
0.012006 	-0.00158996 	0.000571179 	6.93902e-06
0.0135068 	-0.00176819 	0.000629528 	7.85608e-06
0.0150075 	-0.00194641 	0.000687876 	8.77315e-06
0.0165083 	-0.00212463 	0.000746224 	9.69021e-06
0.018009 	-0.00230285 	0.000804572 	1.06073e-05
0.0195098 	-0.00248107 	0.000862921 	1.15243e-05
0.0210105 	-0.00259317 	0.000894813 	1.22336e-05
0.0225113 	-0.00268309 	0.000928936 	1.28451e-05
0.024012 	-0.00278959 	0.00096305 	1.3571e-05
0.0255128 	-0.0028961 	0.000997164 	1.42968e-05
0.0270135 	-0.00300261 	0.00103128 	1.50227e-05
0.0285143 	-0.00310911 	0.00106539 	1.57486e-05
0.030015 	-0.00321562 	0.0010995 	1.64744e-05
0.0315158 	-0.00333953 	0.00113837 	1.73763e-05
0.0330165 	-0.00344139 	0.00118021 	1.81415e-05
0.0345173 	-0.00353426 	0.00121181 	1.871e-05
0.036018 	-0.00362714 	0.00124341 	1.92785e-05
0.0375188 	-0.00372001 	0.00127501 	1.9847e-05
0.0390195 	-0.00381289 	0.00130661 	2.04156e-05
0.0405203 	-0.00390576 	0.0013382 	2.09841e-05
0.042021 	-0.00399495 	0.00136811 	2.14987e-05
0.0435218 	-0.00407545 	0.00139829 	2.18554e-05
0.0450225 	-0.00415307 	0.001431 	2.21506e-05
0.0465233 	-0.00421738 	0.00145392 	2.2287e-05
0.048024 	-0.00428168 	0.00147684 	2.24235e-05
0.0495248 	-0.00434599 	0.00149975 	2.25599e-05
0.0510255 	-0.0044103 	0.00152267 	2.26964e-05
0.0525263 	-0.0044746 	0.00154558 	2.28328e-05
0.054027 	-0.00453561 	0.00156703 	2.29446e-05
0.0555278 	-0.00456479 	0.00157521 	2.28233e-05
0.0570285 	-0.00459979 	0.00159609 	2.27973e-05
0.0585293 	-0.00463862 	0.00161203 	2.25306e-05
0.06003 	-0.00467761 	0.00162778 	2.22545e-05
0.0615308 	-0.0047166 	0.00164353 	2.19784e-05
0.0630315 	-0.00475559 	0.00165928 	2.17023e-05
0.0645323 	-0.00479458 	0.00167503 	2.14261e-05
0.066033 	-0.00483356 	0.00169078 	2.115e-05
0.0675338 	-0.00487492 	0.00170691 	2.08119e-05
0.0690345 	-0.00491954 	0.00172428 	2.03379e-05
0.0705353 	-0.00495403 	0.00174528 	1.9758e-05
0.072036 	-0.00498297 	0.00175993 	1.925e-05
0.0735368 	-0.00501018 	0.00177257 	1.87646e-05
0.0750375 	-0.00503738 	0.00178521 	1.82792e-05
0.0765383 	-0.00506458 	0.00179785 	1.77938e-05
0.078039 	-0.00509178 	0.00181049 	1.73084e-05
0.0795398 	-0.00511899 	0.00182313 	1.68231e-05
0.0810405 	-0.00514619 	0.00183577 	1.63377e-05
0.0825413 	-0.00516515 	0.00184261 	1.60439e-05
0.084042 	-0.0051807 	0.00185094 	1.56637e-05
0.0855428 	-0.005193 	0.00186199 	1.51469e-05
0.0870435 	-0.00520965 	0.0018724 	1.4559e-05
0.0885443 	-0.00522739 	0.00188266 	1.39535e-05
0.090045 	-0.00524513 	0.00189292 	1.3348e-05
0.0915458 	-0.00526287 	0.00190318 	1.27425e-05
0.0930465 	-0.00528061 	0.00191344 	1.2137e-05
0.0945473 	-0.00529835 	0.0019237 	1.15315e-05
0.096048 	-0.00531609 	0.00193395 	1.09259e-05
0.0975488 	-0.00533567 	0.00194383 	1.03546e-05
0.0990495 	-0.00535586 	0.00195358 	9.79469e-06
0.10055 	-0.00536876 	0.00196611 	8.99795e-06
0.102051 	-0.00538153 	0.00197853 	8.20552e-06
0.103552 	-0.00539177 	0.0019869 	7.62182e-06
0.105053 	-0.00540201 	0.00199527 	7.03813e-06
0.106553 	-0.00541224 	0.00200363 	6.45443e-06
0.108054 	-0.00542248 	0.002012 	5.87074e-06
0.109555 	-0.00543271 	0.00202036 	5.28704e-06
0.111056 	-0.00544295 	0.00202873 	4.70334e-06
0.112556 	-0.00545318 	0.00203709 	4.11965e-06
0.114057 	-0.00546138 	0.00204277 	3.79974e-06
0.115558 	-0.00546917 	0.0020479 	3.53358e-06
0.117059 	-0.00547605 	0.00205725 	2.88971e-06
0.118559 	-0.0054826 	0.00206816 	2.10776e-06
0.12006 	-0.00548782 	0.0020771 	1.45861e-06
0.121561 	-0.00549091 	0.00208287 	1.02382e-06
0.123062 	-0.005494 	0.00208864 	5.89028e-07
0.124562 	-0.00549708 	0.00209442 	1.54239e-07
0.126063 	-0.00550017 	0.00210019 	-2.8055e-07
0.127564 	-0.00550325 	0.00210596 	-7.15339e-07
0.129065 	-0.00550634 	0.00211174 	-1.15013e-06
0.130565 	-0.00550913 	0.00211704 	-1.53469e-06
0.132066 	-0.00550922 	0.00211813 	-1.46258e-06
0.133567 	-0.00550931 	0.00211921 	-1.39047e-06
0.135068 	-0.00551017 	0.00212391 	-1.65604e-06
0.136568 	-0.00551155 	0.00213097 	-2.14332e-06
0.138069 	-0.00551292 	0.00213803 	-2.6306e-06
0.13957 	-0.00551191 	0.00214311 	-2.91885e-06
0.141071 	-0.00551032 	0.0021477 	-3.15843e-06
0.142571 	-0.00550872 	0.0021523 	-3.39802e-06
0.144072 	-0.00550713 	0.00215689 	-3.6376e-06
0.145573 	-0.00550553 	0.00216148 	-3.87719e-06
0.147074 	-0.00550394 	0.00216608 	-4.11677e-06
0.148574 	-0.00550234 	0.00217067 	-4.35635e-06
0.150075 	-0.0054999 	0.00217432 	-4.3972e-06
0.151576 	-0.00549665 	0.00217707 	-4.24701e-06
0.153077 	-0.0054934 	0.00217982 	-4.09682e-06
0.154577 	-0.00549093 	0.0021846 	-4.24369e-06
0.156078 	-0.00548908 	0.00219102 	-4.63092e-06
0.157579 	-0.00548724 	0.00219745 	-5.01816e-06
0.15908 	-0.00548447 	0.00220322 	-5.2925e-06
0.16058 	-0.00547854 	0.00220674 	-5.18334e-06
0.162081 	-0.00547261 	0.00221027 	-5.07418e-06
0.163582 	-0.00546668 	0.0022138 	-4.96502e-06
0.165083 	-0.00546075 	0.00221733 	-4.85586e-06
0.166583 	-0.00545482 	0.00222086 	-4.7467e-06
0.168084 	-0.00544889 	0.00222438 	-4.63754e-06
0.169585 	-0.00544293 	0.00222787 	-4.52049e-06
0.171086 	-0.00543517 	0.00222862 	-3.93624e-06
0.172586 	-0.00542742 	0.00222938 	-3.352e-06
0.174087 	-0.00541966 	0.00223013 	-2.76775e-06
0.175588 	-0.00541306 	0.00223313 	-2.60699e-06
0.177089 	-0.0054075 	0.00223817 	-2.83058e-06
0.178589 	-0.00540194 	0.0022432 	-3.05417e-06
0.18009 	-0.00539638 	0.00224824 	-3.27776e-06
0.181591 	-0.00538834 	0.00225151 	-3.09648e-06
0.183092 	-0.00537858 	0.00225356 	-2.63171e-06
0.184592 	-0.00536882 	0.0022556 	-2.16694e-06
0.186093 	-0.00535905 	0.00225765 	-1.70216e-06
0.187594 	-0.00534929 	0.00225969 	-1.23739e-06
0.189095 	-0.00533953 	0.00226174 	-7.72619e-07
0.190595 	-0.00532976 	0.00226378 	-3.07846e-07
0.192096 	-0.00531925 	0.00226417 	4.47886e-07
0.193597 	-0.00530818 	0.00226331 	1.42074e-06
0.195098 	-0.00529712 	0.00226246 	2.3936e-06
0.196598 	-0.00528605 	0.0022616 	3.36646e-06
0.198099 	-0.00527611 	0.00226282 	3.83643e-06
0.1996 	-0.00526749 	0.00226645 	3.7205e-06
0.201101 	-0.00525887 	0.00227008 	3.60458e-06
0.202601 	-0.00525024 	0.00227371 	3.48865e-06
0.204102 	-0.00524162 	0.00227734 	3.37272e-06
0.205603 	-0.00523076 	0.00227868 	3.81882e-06
0.207104 	-0.0052194 	0.00227951 	4.39007e-06
0.208604 	-0.00520803 	0.00228034 	4.96132e-06
0.210105 	-0.00519667 	0.00228117 	5.53258e-06
0.211606 	-0.00518531 	0.002282 	6.10383e-06
0.213107 	-0.00517395 	0.00228282 	6.67508e-06
0.214607 	-0.00516239 	0.0022833 	7.32078e-06
0.216108 	-0.00514954 	0.00228143 	8.45622e-06
0.217609 	-0.00513669 	0.00227956 	9.59165e-06
0.21911 	-0.00512384 	0.00227769 	1.07271e-05
0.22061 	-0.005111 	0.00227582 	1.18625e-05
0.222111 	-0.00509842 	0.00227513 	1.26265e-05
0.223612 	-0.00508644 	0.00227711 	1.25605e-05
0.225113 	-0.00507446 	0.00227908 	1.24945e-05
0.226613 	-0.00506248 	0.00228105 	1.24286e-05
0.228114 	-0.00505049 	0.00228302 	1.23626e-05
0.229615 	-0.00503851 	0.00228499 	1.22966e-05
0.231116 	-0.00502609 	0.00228521 	1.27819e-05
0.232616 	-0.00501359 	0.00228511 	1.33666e-05
0.234117 	-0.00500109 	0.002285 	1.39513e-05
0.235618 	-0.00498858 	0.0022849 	1.4536e-05
0.237119 	-0.00497608 	0.0022848 	1.51207e-05
0.238619 	-0.00496358 	0.0022847 	1.57054e-05
0.24012 	-0.0049514 	0.00228316 	1.66236e-05
0.241621 	-0.00493939 	0.00228084 	1.77218e-05
0.243122 	-0.00492739 	0.00227853 	1.882e-05
0.244622 	-0.00491538 	0.00227622 	1.99183e-05
0.246123 	-0.00490337 	0.0022739 	2.10165e-05
0.247624 	-0.0048914 	0.00227162 	2.2101e-05
0.249125 	-0.00488266 	0.00227309 	2.17685e-05
0.250625 	-0.00487392 	0.00227455 	2.1436e-05
0.252126 	-0.00486518 	0.00227601 	2.11035e-05
0.253627 	-0.00485644 	0.00227747 	2.0771e-05
0.255128 	-0.0048477 	0.00227893 	2.04385e-05
0.256628 	-0.00483896 	0.00228039 	2.0106e-05
0.258129 	-0.00482627 	0.00228033 	2.03461e-05
0.25963 	-0.00481103 	0.00227928 	2.09586e-05
0.261131 	-0.00479578 	0.00227823 	2.15711e-05
0.262631 	-0.00478053 	0.00227718 	2.21836e-05
0.264132 	-0.00476529 	0.00227613 	2.27961e-05
0.265633 	-0.00474963 	0.00227484 	2.3468e-05
0.267134 	-0.00472933 	0.00227092 	2.48113e-05
0.268634 	-0.00470902 	0.002267 	2.61547e-05
0.270135 	-0.00468872 	0.00226307 	2.7498e-05
0.271636 	-0.00466841 	0.00225915 	2.88414e-05
0.273137 	-0.00464811 	0.00225523 	3.01847e-05
0.274637 	-0.00462781 	0.0022513 	3.15281e-05
0.276138 	-0.00461165 	0.00224949 	3.20455e-05
0.277639 	-0.00459951 	0.00224972 	3.17619e-05
0.27914 	-0.00458738 	0.00224995 	3.14782e-05
0.28064 	-0.00457524 	0.00225018 	3.11946e-05
0.282141 	-0.0045631 	0.00225041 	3.0911e-05
0.283642 	-0.00455097 	0.00225064 	3.06273e-05
0.285143 	-0.00453883 	0.00225087 	3.03437e-05
0.286643 	-0.00452656 	0.00225104 	3.00778e-05
0.288144 	-0.00450887 	0.00224911 	3.05476e-05
0.289645 	-0.00449118 	0.00224718 	3.10173e-05
0.291146 	-0.00447348 	0.00224524 	3.1487e-05
0.292646 	-0.00445579 	0.00224331 	3.19567e-05
0.294147 	-0.0044364 	0.00224031 	3.26388e-05
0.295648 	-0.00441429 	0.00223562 	3.3659e-05
0.297149 	-0.00439219 	0.00223093 	3.46791e-05
0.298649 	-0.00437008 	0.00222624 	3.56993e-05
0.30015 	-0.00434798 	0.00222155 	3.67194e-05
0.301651 	-0.00432587 	0.00221687 	3.77396e-05
0.303152 	-0.00430377 	0.00221218 	3.87597e-05
0.304652 	-0.00428166 	0.00220749 	3.97799e-05
0.306153 	-0.00426592 	0.00220597 	3.98191e-05
0.307654 	-0.0042523 	0.00220551 	3.95298e-05
0.309155 	-0.00423868 	0.00220505 	3.92406e-05
0.310655 	-0.00422506 	0.00220458 	3.89513e-05
0.312156 	-0.00421144 	0.00220412 	3.8662e-05
0.313657 	-0.00419783 	0.00220366 	3.83727e-05
0.315158 	-0.00418421 	0.0022032 	3.80835e-05
0.316658 	-0.00417059 	0.00220274 	3.77942e-05
0.318159 	-0.00415681 	0.00220222 	3.75182e-05
0.31966 	-0.00413777 	0.00219964 	3.76624e-05
0.321161 	-0.00411874 	0.00219706 	3.78066e-05
0.322661 	-0.00409971 	0.00219448 	3.79508e-05
0.324162 	-0.00407936 	0.0021907 	3.82643e-05
0.325663 	-0.00405782 	0.00218584 	3.87311e-05
0.327164 	-0.00403629 	0.00218098 	3.91979e-05
0.328664 	-0.00401475 	0.00217612 	3.96648e-05
0.330165 	-0.00399321 	0.00217126 	4.01316e-05
0.331666 	-0.00397168 	0.0021664 	4.05984e-05
0.333167 	-0.00395014 	0.00216153 	4.10653e-05
0.334667 	-0.00392861 	0.00215667 	4.15321e-05
0.336168 	-0.00390707 	0.00215181 	4.19989e-05
0.337669 	-0.00388902 	0.00214931 	4.18879e-05
0.33917 	-0.0038726 	0.00214791 	4.15077e-05
0.34067 	-0.00385618 	0.0021465 	4.11275e-05
0.342171 	-0.00383975 	0.0021451 	4.07474e-05
0.343672 	-0.00382333 	0.0021437 	4.03672e-05
0.345173 	-0.00380691 	0.0021423 	3.9987e-05
0.346673 	-0.00379049 	0.00214089 	3.96068e-05
0.348174 	-0.00377406 	0.00213949 	3.92267e-05
0.349675 	-0.00375764 	0.00213809 	3.88465e-05
0.351176 	-0.00374122 	0.00213669 	3.84663e-05
0.352676 	-0.00372246 	0.00213422 	3.82231e-05
0.354177 	-0.00370186 	0.00213092 	3.8088e-05
0.355678 	-0.00368081 	0.00212669 	3.80622e-05
0.357179 	-0.00365926 	0.00212138 	3.81635e-05
0.358679 	-0.00363771 	0.00211607 	3.82648e-05
0.36018 	-0.00361616 	0.00211075 	3.8366e-05
0.361681 	-0.00359461 	0.00210544 	3.84673e-05
0.363182 	-0.00357306 	0.00210013 	3.85686e-05
0.364682 	-0.00355151 	0.00209482 	3.86698e-05
0.366183 	-0.00352995 	0.0020895 	3.87711e-05
0.367684 	-0.0035084 	0.00208419 	3.88724e-05
0.369185 	-0.00348685 	0.00207888 	3.89737e-05
0.370685 	-0.00346582 	0.00207426 	3.89563e-05
0.372186 	-0.00344627 	0.00207165 	3.85986e-05
0.373687 	-0.00342672 	0.00206903 	3.8241e-05
0.375188 	-0.00340717 	0.00206641 	3.78833e-05
0.376688 	-0.00338763 	0.00206379 	3.75257e-05
0.378189 	-0.00336808 	0.00206118 	3.71681e-05
0.37969 	-0.00334853 	0.00205856 	3.68104e-05
0.381191 	-0.00332898 	0.00205594 	3.64528e-05
0.382691 	-0.00330943 	0.00205332 	3.60951e-05
0.384192 	-0.00328988 	0.00205071 	3.57375e-05
0.385693 	-0.00327034 	0.00204809 	3.53798e-05
0.387194 	-0.00325079 	0.00204547 	3.50222e-05
0.388694 	-0.00322939 	0.00204168 	3.47511e-05
0.390195 	-0.00320549 	0.00203545 	3.46943e-05
0.391696 	-0.00318159 	0.00202922 	3.46374e-05
0.393197 	-0.00315769 	0.00202299 	3.45806e-05
0.394697 	-0.00313379 	0.00201676 	3.45237e-05
0.396198 	-0.00310989 	0.00201052 	3.44668e-05
0.397699 	-0.00308599 	0.00200429 	3.441e-05
0.3992 	-0.00306209 	0.00199806 	3.43531e-05
0.4007 	-0.00303819 	0.00199183 	3.42963e-05
0.402201 	-0.00301429 	0.0019856 	3.42394e-05
0.403702 	-0.00299039 	0.00197937 	3.41826e-05
0.405203 	-0.00296649 	0.00197313 	3.41257e-05
0.406703 	-0.00294364 	0.00196804 	3.40739e-05
0.408204 	-0.00292218 	0.00196443 	3.40286e-05
0.409705 	-0.00290071 	0.00196081 	3.39833e-05
0.411206 	-0.00287924 	0.0019572 	3.3938e-05
0.412706 	-0.00285778 	0.00195359 	3.38927e-05
0.414207 	-0.00283631 	0.00194998 	3.38474e-05
0.415708 	-0.00281484 	0.00194636 	3.38021e-05
0.417209 	-0.00279338 	0.00194275 	3.37568e-05
0.418709 	-0.00277191 	0.00193914 	3.37115e-05
0.42021 	-0.00275044 	0.00193553 	3.36662e-05
0.421711 	-0.00272898 	0.00193191 	3.36209e-05
0.423212 	-0.00270751 	0.0019283 	3.35756e-05
0.424712 	-0.00268501 	0.00192349 	3.34939e-05
0.426213 	-0.00266184 	0.00191791 	3.33888e-05
0.427714 	-0.00263784 	0.00191161 	3.30842e-05
0.429215 	-0.00261376 	0.00190524 	3.2763e-05
0.430715 	-0.00258969 	0.00189888 	3.24419e-05
0.432216 	-0.00256561 	0.00189251 	3.21207e-05
0.433717 	-0.00254154 	0.00188614 	3.17995e-05
0.435218 	-0.00251747 	0.00187978 	3.14783e-05
0.436718 	-0.00249339 	0.00187341 	3.11571e-05
0.438219 	-0.00246932 	0.00186705 	3.08359e-05
0.43972 	-0.00244524 	0.00186068 	3.05147e-05
0.441221 	-0.00242117 	0.00185431 	3.01935e-05
0.442721 	-0.0023971 	0.00184795 	2.98723e-05
0.444222 	-0.00237272 	0.00184179 	2.96206e-05
0.445723 	-0.00234684 	0.00183666 	2.97119e-05
0.447224 	-0.00232096 	0.00183154 	2.98032e-05
0.448724 	-0.00229508 	0.00182641 	2.98945e-05
0.450225 	-0.0022692 	0.00182129 	2.99857e-05
0.451726 	-0.00224332 	0.00181616 	3.0077e-05
0.453227 	-0.00221744 	0.00181104 	3.01683e-05
0.454727 	-0.00219156 	0.00180591 	3.02596e-05
0.456228 	-0.00216568 	0.00180078 	3.03508e-05
0.457729 	-0.0021398 	0.00179566 	3.04421e-05
0.45923 	-0.00211392 	0.00179053 	3.05334e-05
0.46073 	-0.00208804 	0.00178541 	3.06246e-05
0.462231 	-0.00206228 	0.00177929 	3.05877e-05
0.463732 	-0.00203656 	0.00177287 	3.05125e-05
0.465233 	-0.00201084 	0.00176646 	3.04373e-05
0.466733 	-0.00198512 	0.00176005 	3.03621e-05
0.468234 	-0.00196013 	0.00175364 	3.01125e-05
0.469735 	-0.00193555 	0.00174724 	2.97666e-05
0.471236 	-0.00191098 	0.00174084 	2.94206e-05
0.472736 	-0.0018864 	0.00173443 	2.90747e-05
0.474237 	-0.00186182 	0.00172803 	2.87287e-05
0.475738 	-0.00183725 	0.00172163 	2.83827e-05
0.477239 	-0.00181267 	0.00171523 	2.80368e-05
0.478739 	-0.00178809 	0.00170883 	2.76908e-05
0.48024 	-0.00176352 	0.00170242 	2.73449e-05
0.481741 	-0.00173894 	0.00169602 	2.69989e-05
0.483242 	-0.00171436 	0.00168962 	2.66529e-05
0.484742 	-0.00168704 	0.00168317 	2.66337e-05
0.486243 	-0.00165608 	0.00167664 	2.70465e-05
0.487744 	-0.00162512 	0.00167012 	2.74594e-05
0.489245 	-0.00159416 	0.0016636 	2.78723e-05
0.490745 	-0.0015632 	0.00165708 	2.82851e-05
0.492246 	-0.00153224 	0.00165056 	2.8698e-05
0.493747 	-0.00150128 	0.00164404 	2.91109e-05
0.495248 	-0.00147032 	0.00163751 	2.95238e-05
0.496748 	-0.00143937 	0.00163099 	2.99366e-05
0.498249 	-0.00140841 	0.00162447 	3.03495e-05
0.49975 	-0.00137745 	0.00161795 	3.07624e-05
0.501251 	-0.00134772 	0.00161094 	3.08777e-05
0.502751 	-0.0013187 	0.00160364 	3.08223e-05
0.504252 	-0.00128968 	0.00159635 	3.0767e-05
0.505753 	-0.00126066 	0.00158906 	3.07117e-05
0.507254 	-0.00123164 	0.00158176 	3.06563e-05
0.508754 	-0.00120262 	0.00157447 	3.0601e-05
0.510255 	-0.0011736 	0.00156718 	3.05457e-05
0.511756 	-0.00114529 	0.00156002 	3.0167e-05
0.513257 	-0.00111735 	0.00155292 	2.96193e-05
0.514757 	-0.00108941 	0.00154583 	2.90717e-05
0.516258 	-0.00106146 	0.00153873 	2.8524e-05
0.517759 	-0.00103352 	0.00153164 	2.79763e-05
0.51926 	-0.00100558 	0.00152454 	2.74287e-05
0.52076 	-0.000977637 	0.00151745 	2.6881e-05
0.522261 	-0.000949695 	0.00151035 	2.63334e-05
0.523762 	-0.000921753 	0.00150326 	2.57857e-05
0.525263 	-0.000893811 	0.00149616 	2.5238e-05
0.526763 	-0.00086453 	0.00148901 	2.49123e-05
0.528264 	-0.00082971 	0.00148162 	2.55045e-05
0.529765 	-0.00079489 	0.00147424 	2.60967e-05
0.531266 	-0.00076007 	0.00146686 	2.66889e-05
0.532766 	-0.000725251 	0.00145947 	2.72811e-05
0.534267 	-0.000690431 	0.00145209 	2.78733e-05
0.535768 	-0.000655611 	0.0014447 	2.84656e-05
0.537269 	-0.000620791 	0.00143732 	2.90578e-05
0.538769 	-0.000585972 	0.00142993 	2.965e-05
0.54027 	-0.000551152 	0.00142255 	3.02422e-05
0.541771 	-0.000516713 	0.00141502 	3.06849e-05
0.543272 	-0.000483812 	0.00140689 	3.05226e-05
0.544772 	-0.000450912 	0.00139875 	3.03603e-05
0.546273 	-0.000418012 	0.00139062 	3.01979e-05
0.547774 	-0.000385112 	0.00138249 	3.00356e-05
0.549275 	-0.000352212 	0.00137435 	2.98732e-05
0.550775 	-0.000319312 	0.00136622 	2.97109e-05
0.552276 	-0.000286412 	0.00135809 	2.95486e-05
0.553777 	-0.000253511 	0.00134996 	2.93862e-05
0.555278 	-0.000220611 	0.00134182 	2.92239e-05
0.556778 	-0.000187711 	0.00133369 	2.90616e-05
0.558279 	-0.000156014 	0.00132587 	2.82549e-05
0.55978 	-0.000124417 	0.00131807 	2.73943e-05
0.561281 	-9.28204e-05 	0.00131027 	2.65336e-05
0.562781 	-6.12237e-05 	0.00130247 	2.5673e-05
0.564282 	-2.9627e-05 	0.00129467 	2.48123e-05
0.565783 	1.96965e-06 	0.00128688 	2.39517e-05
0.567284 	3.35663e-05 	0.00127908 	2.3091e-05
0.568784 	6.5163e-05 	0.00127128 	2.22304e-05
0.570285 	9.67597e-05 	0.00126348 	2.13697e-05
0.571786 	0.000131567 	0.00125553 	2.11528e-05
0.573287 	0.00017038 	0.00124737 	2.17391e-05
0.574787 	0.000209193 	0.00123922 	2.23255e-05
0.576288 	0.000248006 	0.00123106 	2.29118e-05
0.577789 	0.00028682 	0.00122291 	2.34982e-05
0.57929 	0.000325633 	0.00121476 	2.40845e-05
0.58079 	0.000364446 	0.0012066 	2.46709e-05
0.582291 	0.000403259 	0.00119845 	2.52573e-05
0.583792 	0.000442073 	0.00119029 	2.58436e-05
0.585293 	0.000480068 	0.00118185 	2.59456e-05
0.586793 	0.000517095 	0.00117305 	2.5474e-05
0.588294 	0.000554122 	0.00116425 	2.50025e-05
0.589795 	0.00059115 	0.00115545 	2.45309e-05
0.591296 	0.000628177 	0.00114666 	2.40594e-05
0.592796 	0.000665204 	0.00113786 	2.35878e-05
0.594297 	0.000702231 	0.00112906 	2.31162e-05
0.595798 	0.000739258 	0.00112026 	2.26447e-05
0.597299 	0.000776285 	0.00111147 	2.21731e-05
0.598799 	0.000813312 	0.00110267 	2.17016e-05
0.6003 	0.000850339 	0.00109387 	2.123e-05
0.601801 	0.000887366 	0.00108507 	2.07584e-05
0.603302 	0.000924393 	0.00107628 	2.02869e-05
0.604802 	0.00096142 	0.00106748 	1.98153e-05
0.606303 	0.000997831 	0.00105888 	1.89464e-05
0.607804 	0.00103337 	0.00105057 	1.75158e-05
0.609305 	0.00106891 	0.00104226 	1.60851e-05
0.610805 	0.00110444 	0.00103395 	1.46544e-05
0.612306 	0.00113998 	0.00102564 	1.32237e-05
0.613807 	0.00117552 	0.00101733 	1.1793e-05
0.615308 	0.00121106 	0.00100902 	1.03623e-05
0.616808 	0.0012466 	0.00100071 	8.93163e-06
0.618309 	0.00128343 	0.000992355 	7.75092e-06
0.61981 	0.00132635 	0.000983798 	7.75026e-06
0.621311 	0.00136927 	0.000975241 	7.74959e-06
0.622811 	0.0014122 	0.000966684 	7.74893e-06
0.624312 	0.00145512 	0.000958127 	7.74827e-06
0.625813 	0.00149805 	0.000949571 	7.7476e-06
0.627314 	0.00154097 	0.000941014 	7.74694e-06
0.628814 	0.00158389 	0.000932457 	7.74628e-06
0.630315 	0.00162623 	0.000923624 	7.52295e-06
0.631816 	0.00166776 	0.000914416 	6.99568e-06
0.633317 	0.00170929 	0.000905208 	6.46842e-06
0.634817 	0.00175082 	0.000896 	5.94115e-06
0.636318 	0.00179235 	0.000886793 	5.41389e-06
0.637819 	0.00183388 	0.000877585 	4.88662e-06
0.63932 	0.00187541 	0.000868377 	4.35936e-06
0.64082 	0.00191694 	0.000859169 	3.83209e-06
0.642321 	0.00195847 	0.000849961 	3.30483e-06
0.643822 	0.002 	0.000840753 	2.77756e-06
0.645323 	0.00204153 	0.000831545 	2.2503e-06
0.646823 	0.00208306 	0.000822337 	1.72303e-06
0.648324 	0.00212459 	0.000813129 	1.19576e-06
0.649825 	0.00216612 	0.000803921 	6.68499e-07
0.651326 	0.00220765 	0.000794713 	1.41234e-07
0.652826 	0.00224918 	0.000785505 	-3.86031e-07
0.654327 	0.00229071 	0.000776297 	-9.13296e-07
0.655828 	0.00233224 	0.000767089 	-1.44056e-06
0.657329 	0.0023736 	0.00075793 	-2.02578e-06
0.658829 	0.00241362 	0.000749144 	-3.04778e-06
0.66033 	0.00245364 	0.000740358 	-4.06978e-06
0.661831 	0.00249366 	0.000731571 	-5.09178e-06
0.663332 	0.00253368 	0.000722785 	-6.11378e-06
0.664832 	0.0025737 	0.000713999 	-7.13578e-06
0.666333 	0.00261372 	0.000705212 	-8.15778e-06
0.667834 	0.00265668 	0.000696453 	-8.80182e-06
0.669335 	0.00270424 	0.000687736 	-8.85359e-06
0.670835 	0.0027518 	0.000679019 	-8.90537e-06
0.672336 	0.00279936 	0.000670302 	-8.95714e-06
0.673837 	0.00284692 	0.000661586 	-9.00892e-06
0.675338 	0.00289448 	0.000652869 	-9.0607e-06
0.676838 	0.00294151 	0.000644155 	-9.12962e-06
0.678339 	0.00298433 	0.000635466 	-9.33735e-06
0.67984 	0.00302714 	0.000626778 	-9.54508e-06
0.681341 	0.00306996 	0.000618089 	-9.75281e-06
0.682841 	0.00311277 	0.000609401 	-9.96054e-06
0.684342 	0.00315558 	0.000600712 	-1.01683e-05
0.685843 	0.0031984 	0.000592023 	-1.0376e-05
0.687344 	0.00324121 	0.000583335 	-1.05837e-05
0.688844 	0.00328403 	0.000574646 	-1.07915e-05
0.690345 	0.00332684 	0.000565957 	-1.09992e-05
0.691846 	0.00336965 	0.000557269 	-1.12069e-05
0.693347 	0.00341247 	0.00054858 	-1.14146e-05
0.694847 	0.00345528 	0.000539892 	-1.16224e-05
0.696348 	0.0034981 	0.000531203 	-1.18301e-05
0.697849 	0.00354091 	0.000522514 	-1.20378e-05
0.69935 	0.00358373 	0.000513826 	-1.22456e-05
0.70085 	0.00362654 	0.000505137 	-1.24533e-05
0.702351 	0.00366935 	0.000496448 	-1.2661e-05
0.703852 	0.00371217 	0.00048776 	-1.28688e-05
0.705353 	0.00375498 	0.000479071 	-1.30765e-05
0.706853 	0.0037978 	0.000470383 	-1.32842e-05
0.708354 	0.00384061 	0.000461694 	-1.34919e-05
0.709855 	0.00388342 	0.000453005 	-1.36997e-05
0.711356 	0.00392608 	0.000444347 	-1.39097e-05
0.712856 	0.00396406 	0.000436595 	-1.4188e-05
0.714357 	0.00400205 	0.000428843 	-1.44663e-05
0.715858 	0.00404003 	0.000421091 	-1.47446e-05
0.717359 	0.00407801 	0.000413339 	-1.50229e-05
0.718859 	0.00411546 	0.00040586 	-1.52383e-05
0.72036 	0.00414837 	0.000400682 	-1.49253e-05
0.721861 	0.00418129 	0.000395504 	-1.46124e-05
0.723362 	0.0042142 	0.000390326 	-1.42994e-05
0.724862 	0.00424712 	0.000385148 	-1.39865e-05
0.726363 	0.00428871 	0.000378029 	-1.36819e-05
0.727864 	0.00433756 	0.000369287 	-1.33843e-05
0.729365 	0.0043864 	0.000360545 	-1.30866e-05
0.730865 	0.00443525 	0.000351803 	-1.2789e-05
0.732366 	0.00448409 	0.000343061 	-1.24914e-05
0.733867 	0.00453294 	0.000334319 	-1.21938e-05
0.735368 	0.00458178 	0.000325577 	-1.18962e-05
0.736868 	0.00463063 	0.000316835 	-1.15985e-05
0.738369 	0.00467947 	0.000308093 	-1.13009e-05
0.73987 	0.00472832 	0.000299351 	-1.10033e-05
0.741371 	0.00477716 	0.000290609 	-1.07057e-05
0.742871 	0.00482601 	0.000281867 	-1.0408e-05
0.744372 	0.00487485 	0.000273125 	-1.01104e-05
0.745873 	0.0049237 	0.000264383 	-9.8128e-06
0.747374 	0.00497254 	0.000255641 	-9.51518e-06
0.748874 	0.00502139 	0.000246899 	-9.21755e-06
0.750375 	0.00507023 	0.000238157 	-8.91993e-06
0.751876 	0.00511908 	0.000229415 	-8.62231e-06
0.753377 	0.00516792 	0.000220673 	-8.32469e-06
0.754877 	0.00521677 	0.000211931 	-8.02707e-06
0.756378 	0.00526561 	0.000203189 	-7.72944e-06
0.757879 	0.00531446 	0.000194447 	-7.43182e-06
0.75938 	0.0053633 	0.000185705 	-7.1342e-06
0.76088 	0.00541215 	0.000176963 	-6.83658e-06
0.762381 	0.00546099 	0.000168221 	-6.53896e-06
0.763882 	0.00550983 	0.00015948 	-6.24133e-06
0.765383 	0.00555868 	0.000150738 	-5.94371e-06
0.766883 	0.00560752 	0.000141996 	-5.64609e-06
0.768384 	0.00565867 	0.000132842 	-5.34504e-06
0.769885 	0.00572047 	0.000121786 	-5.02814e-06
0.771386 	0.00578226 	0.000110731 	-4.71124e-06
0.772886 	0.00583714 	0.000101399 	-4.31637e-06
0.774387 	0.0058795 	9.51914e-05 	-3.78013e-06
0.775888 	0.00592186 	8.89842e-05 	-3.2439e-06
0.777389 	0.00597529 	8.08955e-05 	-2.47185e-06
0.778889 	0.00603217 	7.22216e-05 	-1.62644e-06
0.78039 	0.00608904 	6.35477e-05 	-7.81024e-07
0.781891 	0.00614592 	5.48738e-05 	6.43874e-08
0.783392 	0.00620279 	4.61999e-05 	9.09799e-07
0.784892 	0.00625966 	3.7526e-05 	1.75521e-06
0.786393 	0.00631654 	2.88521e-05 	2.60062e-06
0.787894 	0.00637341 	2.01781e-05 	3.44603e-06
0.789395 	0.00643029 	1.15042e-05 	4.29144e-06
0.790895 	0.00648716 	2.83032e-06 	5.13686e-06
0.792396 	0.00654403 	-5.84359e-06 	5.98227e-06
0.793897 	0.00660091 	-1.45175e-05 	6.82768e-06
0.795398 	0.00665778 	-2.31914e-05 	7.67309e-06
0.796898 	0.00671466 	-3.18653e-05 	8.5185e-06
0.798399 	0.00677153 	-4.05392e-05 	9.36391e-06
0.7999 	0.0068284 	-4.92131e-05 	1.02093e-05
0.801401 	0.00688528 	-5.7887e-05 	1.10547e-05
0.802901 	0.00694215 	-6.6561e-05 	1.19001e-05
0.804402 	0.00699903 	-7.52349e-05 	1.27456e-05
0.805903 	0.0070559 	-8.39088e-05 	1.3591e-05
0.807404 	0.00711277 	-9.25827e-05 	1.44364e-05
0.808904 	0.00716965 	-0.000101257 	1.52818e-05
0.810405 	0.00722652 	-0.000109931 	1.61272e-05
0.811906 	0.0072834 	-0.000118604 	1.69726e-05
0.813407 	0.00734027 	-0.000127278 	1.7818e-05
0.814907 	0.00739714 	-0.000135952 	1.86634e-05
0.816408 	0.00745402 	-0.000144626 	1.95089e-05
0.817909 	0.00751089 	-0.0001533 	2.03543e-05
0.81941 	0.00756777 	-0.000161974 	2.11997e-05
0.82091 	0.00762464 	-0.000170648 	2.20451e-05
0.822411 	0.00768151 	-0.000179322 	2.28905e-05
0.823912 	0.00773839 	-0.000187996 	2.37359e-05
0.825413 	0.00779526 	-0.00019667 	2.45813e-05
0.826913 	0.00785214 	-0.000205344 	2.54267e-05
0.828414 	0.00791173 	-0.000214116 	2.6313e-05
0.829915 	0.00797062 	-0.000221348 	2.72809e-05
0.831416 	0.0080325 	-0.000228925 	2.82878e-05
0.832916 	0.00809438 	-0.000236503 	2.92947e-05
0.834417 	0.00815626 	-0.000244081 	3.03016e-05
0.835918 	0.00821814 	-0.000251659 	3.13085e-05
0.837419 	0.0082799 	-0.000259243 	3.23158e-05
0.838919 	0.00834109 	-0.000266859 	3.33246e-05
0.84042 	0.00840228 	-0.000274474 	3.43335e-05
0.841921 	0.00846347 	-0.00028209 	3.53423e-05
0.843422 	0.00852466 	-0.000289705 	3.63512e-05
0.844922 	0.00858585 	-0.000297321 	3.736e-05
0.846423 	0.00864704 	-0.000304937 	3.83689e-05
0.847924 	0.00870823 	-0.000312552 	3.93777e-05
0.849425 	0.00876942 	-0.000320168 	4.03865e-05
0.850925 	0.00883061 	-0.000327783 	4.13954e-05
0.852426 	0.0088918 	-0.000335399 	4.24042e-05
0.853927 	0.008953 	-0.000343014 	4.34131e-05
0.855428 	0.00901419 	-0.00035063 	4.44219e-05
0.856928 	0.00907538 	-0.000358245 	4.54308e-05
0.858429 	0.00913657 	-0.000365861 	4.64396e-05
0.85993 	0.00919776 	-0.000373476 	4.74485e-05
0.861431 	0.00925895 	-0.000381092 	4.84573e-05
0.862931 	0.00932014 	-0.000388707 	4.94661e-05
0.864432 	0.00938133 	-0.000396323 	5.0475e-05
0.865933 	0.00944252 	-0.000403938 	5.14838e-05
0.867434 	0.00950371 	-0.000411554 	5.24927e-05
0.868934 	0.0095649 	-0.000419169 	5.35015e-05
0.870435 	0.00962609 	-0.000426785 	5.45104e-05
0.871936 	0.00968728 	-0.0004344 	5.55192e-05
0.873437 	0.00974847 	-0.000442016 	5.65281e-05
0.874937 	0.00980966 	-0.000449632 	5.75369e-05
0.876438 	0.00987085 	-0.000457247 	5.85457e-05
0.877939 	0.00993204 	-0.000464863 	5.95546e-05
0.87944 	0.00999323 	-0.000472478 	6.05634e-05
0.88094 	0.0100544 	-0.000480094 	6.15723e-05
0.882441 	0.0101156 	-0.000487709 	6.25811e-05
0.883942 	0.0101774 	-0.000495364 	6.34087e-05
0.885443 	0.0102398 	-0.000503055 	6.40652e-05
0.886943 	0.0103049 	-0.000510102 	6.47624e-05
0.888444 	0.0103732 	-0.000516373 	6.55087e-05
0.889945 	0.0104415 	-0.000522642 	6.62526e-05
0.891446 	0.0105069 	-0.000528687 	6.67455e-05
0.892946 	0.0105723 	-0.000534731 	6.72384e-05
0.894447 	0.0106377 	-0.000540775 	6.77312e-05
0.895948 	0.0107031 	-0.000546819 	6.82241e-05
0.897449 	0.0107685 	-0.000552864 	6.8717e-05
0.898949 	0.0108339 	-0.000558908 	6.92099e-05
0.90045 	0.0108993 	-0.000564952 	6.97028e-05
0.901951 	0.0109647 	-0.000570997 	7.01956e-05
0.903452 	0.0110302 	-0.000577041 	7.06885e-05
0.904952 	0.0110956 	-0.000583085 	7.11814e-05
0.906453 	0.011161 	-0.000589129 	7.16743e-05
0.907954 	0.0112264 	-0.000595174 	7.21671e-05
0.909455 	0.0112918 	-0.000601218 	7.266e-05
0.910955 	0.0113572 	-0.000607262 	7.31529e-05
0.912456 	0.0114226 	-0.000613306 	7.36458e-05
0.913957 	0.011488 	-0.000619351 	7.41387e-05
0.915458 	0.0115535 	-0.000625395 	7.46315e-05
0.916958 	0.0116189 	-0.000631439 	7.51244e-05
0.918459 	0.0116843 	-0.000637483 	7.56173e-05
0.91996 	0.0117497 	-0.000643528 	7.61102e-05
0.921461 	0.0118151 	-0.000649572 	7.6603e-05
0.922961 	0.0118805 	-0.000655616 	7.70959e-05
0.924462 	0.0119459 	-0.000661661 	7.75888e-05
0.925963 	0.0120113 	-0.000667705 	7.80817e-05
0.927464 	0.0120768 	-0.000673749 	7.85746e-05
0.928964 	0.0121422 	-0.000679793 	7.90674e-05
0.930465 	0.0122076 	-0.000685838 	7.95603e-05
0.931966 	0.012273 	-0.000691882 	8.00532e-05
0.933467 	0.0123384 	-0.000697926 	8.05461e-05
0.934967 	0.0124038 	-0.00070397 	8.1039e-05
0.936468 	0.0124692 	-0.000710015 	8.15318e-05
0.937969 	0.0125346 	-0.000716059 	8.20247e-05
0.93947 	0.0125999 	-0.000722043 	8.24393e-05
0.94097 	0.0126646 	-0.000727643 	8.23586e-05
0.942471 	0.0127292 	-0.000733243 	8.2278e-05
0.943972 	0.0127939 	-0.000738844 	8.21973e-05
0.945473 	0.0128585 	-0.000744444 	8.21166e-05
0.946973 	0.0129265 	-0.000749503 	8.1953e-05
0.948474 	0.0129995 	-0.000753767 	8.1668e-05
0.949975 	0.0130725 	-0.000758032 	8.13829e-05
0.951476 	0.0131454 	-0.000762297 	8.10979e-05
0.952976 	0.0132184 	-0.000766562 	8.08128e-05
0.954477 	0.0132914 	-0.000770827 	8.05277e-05
0.955978 	0.0133605 	-0.000774917 	8.02941e-05
0.957479 	0.0134285 	-0.000778958 	8.00747e-05
0.958979 	0.0134965 	-0.000782999 	7.98552e-05
0.96048 	0.0135645 	-0.00078704 	7.96358e-05
0.961981 	0.0136325 	-0.000791081 	7.94164e-05
0.963482 	0.0137006 	-0.000795123 	7.9197e-05
0.964982 	0.0137686 	-0.000799164 	7.89776e-05
0.966483 	0.0138366 	-0.000803205 	7.87581e-05
0.967984 	0.0139046 	-0.000807246 	7.85387e-05
0.969485 	0.0139726 	-0.000811287 	7.83193e-05
0.970985 	0.0140407 	-0.000815328 	7.80999e-05
0.972486 	0.0141087 	-0.00081937 	7.78805e-05
0.973987 	0.0141767 	-0.000823411 	7.76611e-05
0.975488 	0.0142447 	-0.000827452 	7.74416e-05
0.976988 	0.0143127 	-0.000831493 	7.72222e-05
0.978489 	0.0143808 	-0.000835534 	7.70028e-05
0.97999 	0.0144488 	-0.000839575 	7.67834e-05
0.981491 	0.0145168 	-0.000843617 	7.6564e-05
0.982991 	0.0145848 	-0.000847658 	7.63445e-05
0.984492 	0.0146528 	-0.000851699 	7.61251e-05
0.985993 	0.0147209 	-0.00085574 	7.59057e-05
0.987494 	0.0147889 	-0.000859781 	7.56863e-05
0.988994 	0.0148569 	-0.000863822 	7.54669e-05
0.990495 	0.0149249 	-0.000867864 	7.52474e-05
0.991996 	0.0149929 	-0.000871905 	7.5028e-05
0.993497 	0.015061 	-0.000875946 	7.48086e-05
0.994997 	0.015129 	-0.000879987 	7.45892e-05
0.996498 	0.015197 	-0.000884028 	7.43698e-05
0.997999 	0.0152621 	-0.000887572 	7.41046e-05
0.9995 	0.0153265 	-0.000890986 	7.38274e-05
1.001 	0.0153908 	-0.0008944 	7.35503e-05
1.0025 	0.0154552 	-0.000897814 	7.32731e-05
1.004 	0.0155196 	-0.000901227 	7.2996e-05
1.0055 	0.0155839 	-0.000904641 	7.27188e-05
1.007 	0.0156483 	-0.000908055 	7.24416e-05
1.0085 	0.0157143 	-0.000911237 	7.21033e-05
1.01001 	0.015789 	-0.000913214 	7.14477e-05
1.01151 	0.0158637 	-0.000915191 	7.0792e-05
1.01301 	0.0159385 	-0.000917168 	7.01363e-05
1.01451 	0.0160132 	-0.000919145 	6.94807e-05
1.01601 	0.0160879 	-0.000921122 	6.8825e-05
1.01751 	0.0161626 	-0.000923099 	6.81693e-05
1.01901 	0.0162373 	-0.000925077 	6.75137e-05
1.02051 	0.016312 	-0.000927054 	6.6858e-05
1.02201 	0.0163861 	-0.000929016 	6.6209e-05
1.02351 	0.0164535 	-0.000930818 	6.56339e-05
1.02501 	0.0165209 	-0.000932619 	6.50589e-05
1.02651 	0.0165883 	-0.000934421 	6.44838e-05
1.02801 	0.0166557 	-0.000936222 	6.39087e-05
1.02951 	0.016723 	-0.000938024 	6.33337e-05
1.03102 	0.0167904 	-0.000939825 	6.27586e-05
1.03252 	0.0168578 	-0.000941627 	6.21835e-05
1.03402 	0.0169252 	-0.000943428 	6.16085e-05
1.03552 	0.0169926 	-0.00094523 	6.10334e-05
1.03702 	0.0170599 	-0.000947031 	6.04584e-05
1.03852 	0.0171273 	-0.000948833 	5.98833e-05
1.04002 	0.0171947 	-0.000950634 	5.93082e-05
1.04152 	0.0172621 	-0.000952436 	5.87332e-05
1.04302 	0.0173295 	-0.000954237 	5.81581e-05
1.04452 	0.0173969 	-0.000956039 	5.7583e-05
1.04602 	0.0174642 	-0.00095784 	5.7008e-05
1.04752 	0.0175316 	-0.000959642 	5.64329e-05
1.04902 	0.017599 	-0.000961443 	5.58578e-05
1.05053 	0.0176664 	-0.000963245 	5.52828e-05
1.05203 	0.0177338 	-0.000965046 	5.47077e-05
1.05353 	0.0178011 	-0.000966848 	5.41327e-05
1.05503 	0.0178685 	-0.000968649 	5.35576e-05
1.05653 	0.0179317 	-0.000970064 	5.30852e-05
1.05803 	0.0179916 	-0.000971183 	5.26909e-05
1.05953 	0.0180515 	-0.000972303 	5.22966e-05
1.06103 	0.0181115 	-0.000973423 	5.19023e-05
1.06253 	0.0181714 	-0.000974542 	5.1508e-05
1.06403 	0.0182313 	-0.000975662 	5.11138e-05
1.06553 	0.0182912 	-0.000976782 	5.07195e-05
1.06703 	0.0183512 	-0.000977901 	5.03252e-05
1.06853 	0.0184111 	-0.000979021 	4.99309e-05
1.07004 	0.018471 	-0.000980141 	4.95367e-05
1.07154 	0.018531 	-0.000981261 	4.91424e-05
1.07304 	0.0186003 	-0.000981019 	4.85146e-05
1.07454 	0.0186717 	-0.000980492 	4.78378e-05
1.07604 	0.0187431 	-0.000979966 	4.71611e-05
1.07754 	0.0188144 	-0.000979439 	4.64844e-05
1.07904 	0.0188858 	-0.000978912 	4.58077e-05
1.08054 	0.0189571 	-0.000978386 	4.51309e-05
1.08204 	0.0190285 	-0.000977859 	4.44542e-05
1.08354 	0.0190999 	-0.000977333 	4.37775e-05
1.08504 	0.0191712 	-0.000976806 	4.31007e-05
1.08654 	0.0192426 	-0.000976279 	4.2424e-05
1.08804 	0.0193139 	-0.000975753 	4.17473e-05
1.08954 	0.0193853 	-0.000975226 	4.10706e-05
1.09105 	0.0194561 	-0.000974728 	4.04011e-05
1.09255 	0.0195155 	-0.000974873 	3.9897e-05
1.09405 	0.0195748 	-0.000975019 	3.93929e-05
1.09555 	0.0196341 	-0.000975165 	3.88888e-05
1.09705 	0.0196935 	-0.000975311 	3.83847e-05
1.09855 	0.0197528 	-0.000975457 	3.78806e-05
1.10005 	0.0198121 	-0.000975603 	3.73765e-05
1.10155 	0.0198715 	-0.000975749 	3.68724e-05
1.10305 	0.0199308 	-0.000975895 	3.63683e-05
1.10455 	0.0199901 	-0.000976041 	3.58642e-05
1.10605 	0.0200495 	-0.000976187 	3.53601e-05
1.10755 	0.0201088 	-0.000976333 	3.4856e-05
1.10905 	0.0201681 	-0.000976479 	3.43519e-05
1.11056 	0.0202275 	-0.000976625 	3.38478e-05
1.11206 	0.0202868 	-0.000976771 	3.33437e-05
1.11356 	0.0203461 	-0.000976917 	3.28396e-05
1.11506 	0.0204055 	-0.000977062 	3.23355e-05
1.11656 	0.0204568 	-0.000977382 	3.19965e-05
1.11806 	0.0205016 	-0.000977842 	3.17906e-05
1.11956 	0.0205464 	-0.000978302 	3.15848e-05
1.12106 	0.0205913 	-0.000978762 	3.13789e-05
1.12256 	0.0206361 	-0.000979222 	3.11731e-05
1.12406 	0.0206809 	-0.000979682 	3.09673e-05
1.12556 	0.0207258 	-0.000980142 	3.07614e-05
1.12706 	0.0207706 	-0.000980602 	3.05556e-05
1.12856 	0.0208154 	-0.000981062 	3.03497e-05
1.13007 	0.0208603 	-0.000981522 	3.01439e-05
1.13157 	0.0209051 	-0.000981982 	2.99381e-05
1.13307 	0.0209499 	-0.000982442 	2.97322e-05
1.13457 	0.0209948 	-0.000982902 	2.95264e-05
1.13607 	0.0210396 	-0.000983362 	2.93205e-05
1.13757 	0.021084 	-0.000983954 	2.91111e-05
1.13907 	0.021128 	-0.000984668 	2.88984e-05
1.14057 	0.0211721 	-0.000985382 	2.86858e-05
1.14207 	0.0212161 	-0.000986097 	2.84731e-05
1.14357 	0.0212602 	-0.000986811 	2.82604e-05
1.14507 	0.0213042 	-0.000987525 	2.80477e-05
1.14657 	0.0213483 	-0.000988239 	2.7835e-05
1.14807 	0.0213923 	-0.000988954 	2.76223e-05
1.14957 	0.0214363 	-0.000989668 	2.74096e-05
1.15108 	0.0214804 	-0.000990382 	2.71969e-05
1.15258 	0.0215244 	-0.000991096 	2.69842e-05
1.15408 	0.0215685 	-0.000991811 	2.67715e-05
1.15558 	0.0216125 	-0.000992525 	2.65588e-05
1.15708 	0.0216566 	-0.000993239 	2.63462e-05
1.15858 	0.0217006 	-0.000993954 	2.61335e-05
1.16008 	0.0217447 	-0.000994668 	2.59208e-05
1.16158 	0.0217887 	-0.000995382 	2.57081e-05
1.16308 	0.0218365 	-0.000994633 	2.54195e-05
1.16458 	0.0218851 	-0.000993553 	2.51137e-05
1.16608 	0.0219338 	-0.000992474 	2.4808e-05
1.16758 	0.0219825 	-0.000991394 	2.45023e-05
1.16908 	0.0220311 	-0.000990314 	2.41965e-05
1.17059 	0.0220798 	-0.000989235 	2.38908e-05
1.17209 	0.0221284 	-0.000988155 	2.3585e-05
1.17359 	0.0221771 	-0.000987075 	2.32793e-05
1.17509 	0.0222257 	-0.000985996 	2.29736e-05
1.17659 	0.0222744 	-0.000984916 	2.26678e-05
1.17809 	0.0223261 	-0.000981744 	2.22406e-05
1.17959 	0.0223784 	-0.000978202 	2.17919e-05
1.18109 	0.0224307 	-0.00097466 	2.13432e-05
1.18259 	0.022483 	-0.000971118 	2.08945e-05
1.18409 	0.0225353 	-0.000967576 	2.04458e-05
1.18559 	0.0225876 	-0.000964034 	1.9997e-05
1.18709 	0.0226399 	-0.000960492 	1.95483e-05
1.18859 	0.0226922 	-0.00095695 	1.90996e-05
1.1901 	0.0227444 	-0.000953408 	1.86509e-05
1.1916 	0.0227967 	-0.000949866 	1.82022e-05
1.1931 	0.022849 	-0.000946324 	1.77535e-05
1.1946 	0.0229013 	-0.000942782 	1.73048e-05
1.1961 	0.0229536 	-0.00093924 	1.68561e-05
1.1976 	0.0230059 	-0.000935698 	1.64074e-05
1.1991 	0.0230582 	-0.000932156 	1.59587e-05
1.2006 	0.0231105 	-0.000928614 	1.551e-05
1.2021 	0.0231628 	-0.000925072 	1.50613e-05
1.2036 	0.0232107 	-0.00092243 	1.46892e-05
1.2051 	0.0232514 	-0.000921301 	1.44461e-05
1.2066 	0.0232921 	-0.000920171 	1.42029e-05
1.2081 	0.0233328 	-0.000919042 	1.39597e-05
1.2096 	0.0233735 	-0.000917913 	1.37165e-05
1.21111 	0.0234142 	-0.000916784 	1.34733e-05
1.21261 	0.0234549 	-0.000915655 	1.32301e-05
1.21411 	0.0234956 	-0.000914525 	1.29869e-05
1.21561 	0.0235363 	-0.000913396 	1.27438e-05
1.21711 	0.023577 	-0.000912267 	1.25006e-05
1.21861 	0.0236177 	-0.000911138 	1.22574e-05
1.22011 	0.0236584 	-0.000910008 	1.20142e-05
1.22161 	0.0236991 	-0.000908879 	1.1771e-05
1.22311 	0.0237398 	-0.00090775 	1.15278e-05
1.22461 	0.0237805 	-0.000906621 	1.12846e-05
1.22611 	0.0238212 	-0.000905492 	1.10415e-05
1.22761 	0.0238619 	-0.000904362 	1.07983e-05
1.22911 	0.0239026 	-0.000903233 	1.05551e-05
1.23062 	0.0239433 	-0.000902104 	1.03119e-05
1.23212 	0.023984 	-0.000900975 	1.00687e-05
1.23362 	0.0240247 	-0.000899845 	9.82552e-06
1.23512 	0.0240651 	-0.000898044 	9.52414e-06
1.23662 	0.0241053 	-0.000895757 	9.18078e-06
1.23812 	0.0241455 	-0.000893469 	8.83741e-06
1.23962 	0.0241838 	-0.000890357 	8.4275e-06
1.24112 	0.0242206 	-0.0008866 	7.96567e-06
1.24262 	0.0242574 	-0.000882844 	7.50385e-06
1.24412 	0.0242942 	-0.000879087 	7.04202e-06
1.24562 	0.0243311 	-0.000875331 	6.58019e-06
1.24712 	0.0243679 	-0.000871574 	6.11836e-06
1.24862 	0.0244047 	-0.000867818 	5.65653e-06
1.25013 	0.0244415 	-0.000864061 	5.1947e-06
1.25163 	0.0244784 	-0.000860304 	4.73287e-06
1.25313 	0.0245152 	-0.000856548 	4.27105e-06
1.25463 	0.024552 	-0.000852791 	3.80922e-06
1.25613 	0.0245889 	-0.000849035 	3.34739e-06
1.25763 	0.0246257 	-0.000845278 	2.88556e-06
1.25913 	0.0246625 	-0.000841522 	2.42373e-06
1.26063 	0.0246993 	-0.000837765 	1.9619e-06
1.26213 	0.0247362 	-0.000834008 	1.50007e-06
1.26363 	0.024773 	-0.000830252 	1.03825e-06
1.26513 	0.0248098 	-0.000826495 	5.76416e-07
1.26663 	0.0248466 	-0.000822739 	1.14588e-07
1.26813 	0.0248835 	-0.000818982 	-3.47241e-07
1.26963 	0.0249203 	-0.000815226 	-8.09069e-07
1.27114 	0.0249529 	-0.000812764 	-1.17548e-06
1.27264 	0.0249818 	-0.000811456 	-1.4569e-06
1.27414 	0.0250107 	-0.000810148 	-1.73831e-06
1.27564 	0.0250396 	-0.00080884 	-2.01973e-06
1.27714 	0.0250685 	-0.000807533 	-2.30114e-06
1.27864 	0.0250974 	-0.000806225 	-2.58256e-06
1.28014 	0.0251263 	-0.000804917 	-2.86398e-06
1.28164 	0.0251552 	-0.000803609 	-3.14539e-06
1.28314 	0.0251842 	-0.000802301 	-3.42681e-06
1.28464 	0.0252131 	-0.000800993 	-3.70822e-06
1.28614 	0.025242 	-0.000799685 	-3.98964e-06
1.28764 	0.0252709 	-0.000798377 	-4.27105e-06
1.28914 	0.0252998 	-0.00079707 	-4.55247e-06
1.29065 	0.0253287 	-0.000795762 	-4.83389e-06
1.29215 	0.0253576 	-0.000794454 	-5.1153e-06
1.29365 	0.0253865 	-0.000793146 	-5.39672e-06
1.29515 	0.0254154 	-0.000791838 	-5.67813e-06
1.29665 	0.0254443 	-0.00079053 	-5.95955e-06
1.29815 	0.0254732 	-0.000789222 	-6.24097e-06
1.29965 	0.0255021 	-0.000787914 	-6.52238e-06
1.30115 	0.025531 	-0.000786607 	-6.8038e-06
1.30265 	0.0255567 	-0.000784514 	-7.0092e-06
1.30415 	0.0255814 	-0.000782207 	-7.19371e-06
1.30565 	0.0256062 	-0.000779899 	-7.37822e-06
1.30715 	0.025631 	-0.000777591 	-7.56273e-06
1.30865 	0.0256545 	-0.000775058 	-7.74184e-06
1.31016 	0.025677 	-0.000772336 	-7.91644e-06
1.31166 	0.0256995 	-0.000769614 	-8.09103e-06
1.31316 	0.025722 	-0.000766892 	-8.26562e-06
1.31466 	0.0257446 	-0.00076417 	-8.44022e-06
1.31616 	0.0257671 	-0.000761448 	-8.61481e-06
1.31766 	0.0257896 	-0.000758726 	-8.7894e-06
1.31916 	0.0258121 	-0.000756004 	-8.964e-06
1.32066 	0.0258346 	-0.000753282 	-9.13859e-06
1.32216 	0.0258571 	-0.00075056 	-9.31318e-06
1.32366 	0.0258796 	-0.000747839 	-9.48777e-06
1.32516 	0.0259021 	-0.000745117 	-9.66237e-06
1.32666 	0.0259246 	-0.000742395 	-9.83696e-06
1.32816 	0.0259471 	-0.000739673 	-1.00116e-05
1.32966 	0.0259696 	-0.000736951 	-1.01861e-05
1.33117 	0.0259922 	-0.000734229 	-1.03607e-05
1.33267 	0.0260147 	-0.000731507 	-1.05353e-05
1.33417 	0.0260372 	-0.000728785 	-1.07099e-05
1.33567 	0.0260597 	-0.000726063 	-1.08845e-05
1.33717 	0.0260822 	-0.000723341 	-1.10591e-05
1.33867 	0.0261043 	-0.000720788 	-1.12346e-05
1.34017 	0.0261241 	-0.000719273 	-1.14159e-05
1.34167 	0.0261439 	-0.000717759 	-1.15972e-05
1.34317 	0.0261636 	-0.000716244 	-1.17785e-05
1.34467 	0.0261834 	-0.000714729 	-1.19598e-05
1.34617 	0.0262032 	-0.000713215 	-1.21411e-05
1.34767 	0.026223 	-0.0007117 	-1.23224e-05
1.34917 	0.0262427 	-0.000710185 	-1.25036e-05
1.35068 	0.0262625 	-0.000708671 	-1.26849e-05
1.35218 	0.0262823 	-0.000707156 	-1.28662e-05
1.35368 	0.0263021 	-0.000705641 	-1.30475e-05
1.35518 	0.0263218 	-0.000704127 	-1.32288e-05
1.35668 	0.0263416 	-0.000702612 	-1.34101e-05
1.35818 	0.0263614 	-0.000701097 	-1.35914e-05
1.35968 	0.0263812 	-0.000699583 	-1.37726e-05
1.36118 	0.0264009 	-0.000698068 	-1.39539e-05
1.36268 	0.0264207 	-0.000696553 	-1.41352e-05
1.36418 	0.0264405 	-0.000695039 	-1.43165e-05
1.36568 	0.0264575 	-0.000693399 	-1.43863e-05
1.36718 	0.026473 	-0.000691688 	-1.43924e-05
1.36868 	0.0264884 	-0.000689976 	-1.43985e-05
1.37019 	0.0265039 	-0.000688265 	-1.44045e-05
1.37169 	0.0265193 	-0.000686554 	-1.44106e-05
1.37319 	0.0265347 	-0.000684843 	-1.44167e-05
1.37469 	0.0265502 	-0.000683131 	-1.44228e-05
1.37619 	0.0265656 	-0.00068142 	-1.44288e-05
1.37769 	0.0265811 	-0.000679709 	-1.44349e-05
1.37919 	0.0265965 	-0.000677997 	-1.4441e-05
1.38069 	0.026612 	-0.000676286 	-1.44471e-05
1.38219 	0.0266274 	-0.000674575 	-1.44531e-05
1.38369 	0.0266406 	-0.000672999 	-1.43902e-05
1.38519 	0.0266535 	-0.000671435 	-1.43206e-05
1.38669 	0.0266663 	-0.000669872 	-1.4251e-05
1.38819 	0.0266792 	-0.000668308 	-1.41815e-05
1.38969 	0.0266921 	-0.000666745 	-1.41119e-05
1.3912 	0.026705 	-0.000665182 	-1.40423e-05
1.3927 	0.0267179 	-0.000663618 	-1.39727e-05
1.3942 	0.0267308 	-0.000662055 	-1.39032e-05
1.3957 	0.0267437 	-0.000660492 	-1.38336e-05
1.3972 	0.0267566 	-0.000658928 	-1.3764e-05
1.3987 	0.0267695 	-0.000657365 	-1.36944e-05
1.4002 	0.0267824 	-0.000655801 	-1.36249e-05
1.4017 	0.0267953 	-0.000654238 	-1.35553e-05
1.4032 	0.0268082 	-0.000652675 	-1.34857e-05
1.4047 	0.0268211 	-0.000651111 	-1.34161e-05
1.4062 	0.026834 	-0.000649548 	-1.33466e-05
1.4077 	0.0268472 	-0.000647992 	-1.33039e-05
1.4092 	0.0268606 	-0.00064645 	-1.33075e-05
1.41071 	0.0268741 	-0.000644908 	-1.33112e-05
1.41221 	0.0268876 	-0.000643366 	-1.33148e-05
1.41371 	0.026901 	-0.000641824 	-1.33184e-05
1.41521 	0.0269145 	-0.000640282 	-1.33221e-05
1.41671 	0.026928 	-0.00063874 	-1.33257e-05
1.41821 	0.0269415 	-0.000637198 	-1.33293e-05
1.41971 	0.0269549 	-0.000635656 	-1.3333e-05
1.42121 	0.0269684 	-0.000634114 	-1.33366e-05
1.42271 	0.0269819 	-0.000632572 	-1.33403e-05
1.42421 	0.0269954 	-0.00063103 	-1.33439e-05
1.42571 	0.0270088 	-0.000629488 	-1.33475e-05
1.42721 	0.0270223 	-0.000627946 	-1.33512e-05
1.42871 	0.0270349 	-0.000626503 	-1.33492e-05
1.43022 	0.0270446 	-0.00062536 	-1.33299e-05
1.43172 	0.0270544 	-0.000624218 	-1.33106e-05
1.43322 	0.0270641 	-0.000623076 	-1.32913e-05
1.43472 	0.0270739 	-0.000621933 	-1.3272e-05
1.43622 	0.0270836 	-0.000620791 	-1.32528e-05
1.43772 	0.0270934 	-0.000619648 	-1.32335e-05
1.43922 	0.0271032 	-0.000618506 	-1.32142e-05
1.44072 	0.0271129 	-0.000617363 	-1.31949e-05
1.44222 	0.0271227 	-0.000616221 	-1.31757e-05
1.44372 	0.0271324 	-0.000615079 	-1.31564e-05
1.44522 	0.0271422 	-0.000613936 	-1.31371e-05
1.44672 	0.027152 	-0.000612794 	-1.31178e-05
1.44822 	0.0271617 	-0.000611651 	-1.30985e-05
1.44972 	0.0271715 	-0.000610509 	-1.30793e-05
1.45123 	0.0271812 	-0.000609366 	-1.306e-05
1.45273 	0.027191 	-0.000608224 	-1.30407e-05
1.45423 	0.0272008 	-0.000607081 	-1.30214e-05
1.45573 	0.0272105 	-0.000605939 	-1.30022e-05
1.45723 	0.0272203 	-0.000604797 	-1.29829e-05
1.45873 	0.0272288 	-0.000603737 	-1.29806e-05
1.46023 	0.0272372 	-0.000602686 	-1.29801e-05
1.46173 	0.0272456 	-0.000601635 	-1.29797e-05
1.46323 	0.0272539 	-0.000600584 	-1.29792e-05
1.46473 	0.0272623 	-0.000599533 	-1.29788e-05
1.46623 	0.0272707 	-0.000598482 	-1.29783e-05
1.46773 	0.0272791 	-0.000597432 	-1.29779e-05
1.46923 	0.0272875 	-0.000596381 	-1.29775e-05
1.47074 	0.0272958 	-0.00059533 	-1.2977e-05
1.47224 	0.0273042 	-0.000594279 	-1.29766e-05
1.47374 	0.0273126 	-0.000593228 	-1.29761e-05
1.47524 	0.027321 	-0.000592177 	-1.29757e-05
1.47674 	0.0273295 	-0.000591119 	-1.29869e-05
1.47824 	0.0273384 	-0.00059005 	-1.30174e-05
1.47974 	0.0273472 	-0.000588981 	-1.3048e-05
1.48124 	0.0273561 	-0.000587912 	-1.30785e-05
1.48274 	0.0273649 	-0.000586843 	-1.3109e-05
1.48424 	0.0273738 	-0.000585773 	-1.31395e-05
1.48574 	0.0273826 	-0.000584704 	-1.31701e-05
1.48724 	0.0273915 	-0.000583635 	-1.32006e-05
1.48874 	0.0274003 	-0.000582566 	-1.32311e-05
1.49025 	0.0274092 	-0.000581497 	-1.32616e-05
1.49175 	0.027418 	-0.000580427 	-1.32921e-05
1.49325 	0.0274254 	-0.000579599 	-1.31847e-05
1.49475 	0.0274324 	-0.000578856 	-1.30278e-05
1.49625 	0.0274393 	-0.000578114 	-1.28708e-05
1.49775 	0.0274462 	-0.000577371 	-1.27138e-05
1.49925 	0.0274531 	-0.000576629 	-1.25569e-05
1.50075 	0.0274601 	-0.000575887 	-1.23999e-05
1.50225 	0.027467 	-0.000575144 	-1.22429e-05
1.50375 	0.0274739 	-0.000574402 	-1.2086e-05
1.50525 	0.0274808 	-0.000573659 	-1.1929e-05
1.50675 	0.0274878 	-0.000572917 	-1.1772e-05
1.50825 	0.0274947 	-0.000572174 	-1.16151e-05
1.50975 	0.0275016 	-0.000571432 	-1.14581e-05
1.51126 	0.0275085 	-0.00057069 	-1.13011e-05
1.51276 	0.0275155 	-0.000569947 	-1.11442e-05
1.51426 	0.0275224 	-0.000569205 	-1.09872e-05
1.51576 	0.0275293 	-0.000568462 	-1.08303e-05
1.51726 	0.0275363 	-0.00056772 	-1.06733e-05
1.51876 	0.0275432 	-0.000566978 	-1.05163e-05
1.52026 	0.0275501 	-0.000566235 	-1.03594e-05
1.52176 	0.027557 	-0.000565493 	-1.02024e-05
1.52326 	0.027564 	-0.00056475 	-1.00454e-05
1.52476 	0.0275709 	-0.000564008 	-9.88845e-06
1.52626 	0.0275778 	-0.000563265 	-9.73149e-06
1.52776 	0.0275847 	-0.000562523 	-9.57452e-06
1.52926 	0.0275917 	-0.000561781 	-9.41756e-06
1.53077 	0.0275986 	-0.000561038 	-9.26059e-06
1.53227 	0.0276055 	-0.000560296 	-9.10363e-06
1.53377 	0.0276119 	-0.000559591 	-8.86918e-06
1.53527 	0.0276182 	-0.000558899 	-8.60833e-06
1.53677 	0.0276245 	-0.000558207 	-8.34747e-06
1.53827 	0.0276307 	-0.000557515 	-8.08662e-06
1.53977 	0.027637 	-0.000556823 	-7.82576e-06
1.54127 	0.0276432 	-0.000556131 	-7.56491e-06
1.54277 	0.0276495 	-0.000555439 	-7.30405e-06
1.54427 	0.0276557 	-0.000554747 	-7.0432e-06
1.54577 	0.0276621 	-0.000554028 	-6.79387e-06
1.54727 	0.0276686 	-0.000553258 	-6.56696e-06
1.54877 	0.0276751 	-0.000552489 	-6.34005e-06
1.55028 	0.0276816 	-0.000551719 	-6.11314e-06
1.55178 	0.0276881 	-0.000550949 	-5.88623e-06
1.55328 	0.0276946 	-0.000550179 	-5.65933e-06
1.55478 	0.0277011 	-0.00054941 	-5.43242e-06
1.55628 	0.0277075 	-0.000548695 	-5.20428e-06
1.55778 	0.0277134 	-0.000548172 	-4.97192e-06
1.55928 	0.0277194 	-0.00054765 	-4.73956e-06
1.56078 	0.0277253 	-0.000547127 	-4.50719e-06
1.56228 	0.0277312 	-0.000546604 	-4.27483e-06
1.56378 	0.0277372 	-0.000546081 	-4.04246e-06
1.56528 	0.0277431 	-0.000545558 	-3.8101e-06
1.56678 	0.0277491 	-0.000545035 	-3.57774e-06
1.56828 	0.027755 	-0.000544512 	-3.34537e-06
1.56978 	0.027761 	-0.00054399 	-3.11301e-06
1.57129 	0.0277669 	-0.000543467 	-2.88064e-06
1.57279 	0.0277728 	-0.000542944 	-2.64828e-06
1.57429 	0.0277788 	-0.000542421 	-2.41592e-06
1.57579 	0.0277847 	-0.000541898 	-2.18355e-06
1.57729 	0.0277907 	-0.000541375 	-1.95119e-06
1.57879 	0.0277966 	-0.000540852 	-1.71882e-06
1.58029 	0.0278026 	-0.00054033 	-1.48646e-06
1.58179 	0.0278085 	-0.000539807 	-1.2541e-06
1.58329 	0.0278144 	-0.000539284 	-1.02173e-06
1.58479 	0.0278204 	-0.000538761 	-7.89369e-07
1.58629 	0.0278263 	-0.000538238 	-5.57005e-07
1.58779 	0.0278323 	-0.000537715 	-3.24641e-07
1.58929 	0.0278382 	-0.000537192 	-9.2277e-08
1.5908 	0.0278442 	-0.00053667 	1.40087e-07
1.5923 	0.0278501 	-0.000536147 	3.72451e-07
1.5938 	0.027856 	-0.000535624 	6.04815e-07
1.5953 	0.027862 	-0.000535101 	8.37179e-07
1.5968 	0.0278679 	-0.000534578 	1.06954e-06
1.5983 	0.0278739 	-0.000534055 	1.30191e-06
1.5998 	0.0278798 	-0.000533533 	1.53427e-06
1.6013 	0.0278858 	-0.00053301 	1.76663e-06
1.6028 	0.0278917 	-0.000532487 	1.999e-06
1.6043 	0.0278976 	-0.000531964 	2.23136e-06
1.6058 	0.0279036 	-0.000531441 	2.46373e-06
1.6073 	0.0279095 	-0.000530918 	2.69609e-06
1.6088 	0.0279154 	-0.000530421 	2.92674e-06
1.61031 	0.0279213 	-0.000529936 	3.15658e-06
1.61181 	0.0279271 	-0.000529451 	3.38641e-06
1.61331 	0.027933 	-0.000528966 	3.61624e-06
1.61481 	0.0279388 	-0.000528431 	3.84962e-06
1.61631 	0.0279448 	-0.000527828 	4.0878e-06
1.61781 	0.0279508 	-0.000527225 	4.32599e-06
1.61931 	0.0279567 	-0.000526622 	4.56418e-06
1.62081 	0.0279624 	-0.000526162 	4.69743e-06
1.62231 	0.0279681 	-0.000525729 	4.81003e-06
1.62381 	0.0279738 	-0.000525297 	4.92262e-06
1.62531 	0.0279795 	-0.000524864 	5.03522e-06
1.62681 	0.0279852 	-0.000524431 	5.14781e-06
1.62831 	0.0279909 	-0.000523999 	5.26041e-06
1.62981 	0.0279965 	-0.000523566 	5.373e-06
1.63132 	0.0280022 	-0.000523133 	5.4856e-06
1.63282 	0.0280079 	-0.000522701 	5.59819e-06
1.63432 	0.0280136 	-0.000522268 	5.71078e-06
1.63582 	0.0280193 	-0.000521835 	5.82338e-06
1.63732 	0.0280249 	-0.000521403 	5.93597e-06
1.63882 	0.0280306 	-0.00052097 	6.04857e-06
1.64032 	0.0280363 	-0.000520538 	6.16116e-06
1.64182 	0.028042 	-0.000520105 	6.27376e-06
1.64332 	0.0280477 	-0.000519672 	6.38635e-06
1.64482 	0.0280534 	-0.00051924 	6.49895e-06
1.64632 	0.028059 	-0.000518807 	6.61154e-06
1.64782 	0.0280647 	-0.000518374 	6.72414e-06
1.64932 	0.0280704 	-0.000517942 	6.83673e-06
1.65083 	0.0280761 	-0.000517509 	6.94933e-06
1.65233 	0.0280818 	-0.000517076 	7.06192e-06
1.65383 	0.0280874 	-0.000516644 	7.17452e-06
1.65533 	0.0280931 	-0.000516211 	7.28711e-06
1.65683 	0.0280988 	-0.000515778 	7.39971e-06
1.65833 	0.0281045 	-0.000515346 	7.5123e-06
1.65983 	0.0281102 	-0.000514913 	7.6249e-06
1.66133 	0.0281159 	-0.000514481 	7.73749e-06
1.66283 	0.0281215 	-0.000514048 	7.85008e-06
1.66433 	0.0281272 	-0.000513615 	7.96268e-06
1.66583 	0.0281329 	-0.000513183 	8.07527e-06
1.66733 	0.0281386 	-0.00051275 	8.18787e-06
1.66883 	0.0281443 	-0.000512317 	8.30046e-06
1.67034 	0.0281499 	-0.000511885 	8.41306e-06
1.67184 	0.0281556 	-0.000511452 	8.52565e-06
1.67334 	0.0281613 	-0.000511019 	8.63825e-06
1.67484 	0.028167 	-0.000510587 	8.75084e-06
1.67634 	0.0281727 	-0.000510154 	8.86344e-06
1.67784 	0.0281784 	-0.000509721 	8.97603e-06
1.67934 	0.028184 	-0.000509289 	9.08863e-06
1.68084 	0.0281897 	-0.000508856 	9.20122e-06
1.68234 	0.0281954 	-0.000508424 	9.31382e-06
1.68384 	0.0282007 	-0.000508233 	9.37633e-06
1.68534 	0.0282059 	-0.000508152 	9.42932e-06
1.68684 	0.0282112 	-0.000508037 	9.48075e-06
1.68834 	0.0282164 	-0.000507921 	9.53219e-06
1.68984 	0.0282217 	-0.000507806 	9.58362e-06
1.69135 	0.0282269 	-0.00050769 	9.63506e-06
1.69285 	0.0282321 	-0.000507575 	9.68649e-06
1.69435 	0.0282374 	-0.000507459 	9.73793e-06
1.69585 	0.0282426 	-0.000507343 	9.78937e-06
1.69735 	0.0282479 	-0.000507228 	9.8408e-06
1.69885 	0.0282531 	-0.000507112 	9.89224e-06
1.70035 	0.0282583 	-0.000506997 	9.94367e-06
1.70185 	0.0282636 	-0.000506881 	9.99511e-06
1.70335 	0.0282688 	-0.000506765 	1.00465e-05
1.70485 	0.0282741 	-0.00050665 	1.0098e-05
1.70635 	0.0282793 	-0.000506534 	1.01494e-05
1.70785 	0.0282846 	-0.000506419 	1.02008e-05
1.70935 	0.0282898 	-0.000506303 	1.02523e-05
1.71086 	0.028295 	-0.000506187 	1.03037e-05
1.71236 	0.0283003 	-0.000506072 	1.03552e-05
1.71386 	0.0283055 	-0.000505956 	1.04066e-05
1.71536 	0.0283108 	-0.000505841 	1.0458e-05
1.71686 	0.028316 	-0.000505725 	1.05095e-05
1.71836 	0.0283212 	-0.000505609 	1.05609e-05
1.71986 	0.0283265 	-0.000505494 	1.06123e-05
1.72136 	0.0283317 	-0.000505378 	1.06638e-05
1.72286 	0.028337 	-0.000505263 	1.07152e-05
1.72436 	0.0283422 	-0.000505147 	1.07666e-05
1.72586 	0.0283474 	-0.000505032 	1.08181e-05
1.72736 	0.0283527 	-0.000504916 	1.08695e-05
1.72886 	0.0283579 	-0.0005048 	1.09209e-05
1.73037 	0.0283632 	-0.000504685 	1.09724e-05
1.73187 	0.0283684 	-0.000504569 	1.10238e-05
1.73337 	0.0283736 	-0.000504454 	1.10752e-05
1.73487 	0.0283789 	-0.000504338 	1.11267e-05
1.73637 	0.0283841 	-0.000504222 	1.11781e-05
1.73787 	0.0283894 	-0.000504107 	1.12296e-05
1.73937 	0.0283946 	-0.000503991 	1.1281e-05
1.74087 	0.0283998 	-0.000503876 	1.13324e-05
1.74237 	0.0284051 	-0.00050376 	1.13839e-05
1.74387 	0.0284103 	-0.000503644 	1.14353e-05
1.74537 	0.0284156 	-0.000503529 	1.14867e-05
1.74687 	0.0284201 	-0.000504366 	1.15647e-05
1.74837 	0.0284244 	-0.000505401 	1.16482e-05
1.74987 	0.0284288 	-0.000506435 	1.17317e-05
1.75138 	0.0284332 	-0.000507438 	1.18109e-05
1.75288 	0.0284376 	-0.000508405 	1.18853e-05
1.75438 	0.0284421 	-0.000509372 	1.19598e-05
1.75588 	0.0284465 	-0.000510339 	1.20343e-05
1.75738 	0.0284513 	-0.000510764 	1.21888e-05
1.75888 	0.0284563 	-0.000510807 	1.23996e-05
1.76038 	0.0284613 	-0.000510849 	1.26105e-05
1.76188 	0.0284664 	-0.000510892 	1.28214e-05
1.76338 	0.0284714 	-0.000510935 	1.30322e-05
1.76488 	0.0284764 	-0.000510978 	1.32431e-05
1.76638 	0.0284814 	-0.00051102 	1.3454e-05
1.76788 	0.0284864 	-0.000511063 	1.36648e-05
1.76938 	0.0284914 	-0.000511106 	1.38757e-05
1.77089 	0.0284964 	-0.000511148 	1.40865e-05
1.77239 	0.0285014 	-0.000511191 	1.42974e-05
1.77389 	0.0285064 	-0.000511234 	1.45083e-05
1.77539 	0.0285114 	-0.000511276 	1.47191e-05
1.77689 	0.0285164 	-0.000511319 	1.493e-05
1.77839 	0.0285214 	-0.000511362 	1.51409e-05
1.77989 	0.0285265 	-0.000511405 	1.53517e-05
1.78139 	0.0285315 	-0.000511447 	1.55626e-05
1.78289 	0.0285365 	-0.00051149 	1.57734e-05
1.78439 	0.0285415 	-0.000511533 	1.59843e-05
1.78589 	0.0285465 	-0.000511575 	1.61952e-05
1.78739 	0.0285515 	-0.000511618 	1.6406e-05
1.78889 	0.0285565 	-0.000511661 	1.66169e-05
1.7904 	0.0285615 	-0.000511704 	1.68277e-05
1.7919 	0.0285665 	-0.000511746 	1.70386e-05
1.7934 	0.0285715 	-0.000511789 	1.72495e-05
1.7949 	0.0285765 	-0.000511832 	1.74603e-05
1.7964 	0.0285816 	-0.000511874 	1.76712e-05
1.7979 	0.0285866 	-0.000511917 	1.78821e-05
1.7994 	0.0285916 	-0.00051196 	1.80929e-05
1.8009 	0.0285966 	-0.000512003 	1.83038e-05
1.8024 	0.0286016 	-0.000512045 	1.85146e-05
1.8039 	0.0286066 	-0.000512088 	1.87255e-05
1.8054 	0.0286116 	-0.000512131 	1.89364e-05
1.8069 	0.0286166 	-0.000512173 	1.91472e-05
1.8084 	0.0286219 	-0.000511722 	1.94482e-05
1.8099 	0.0286276 	-0.000510717 	1.98504e-05
1.81141 	0.0286333 	-0.000509711 	2.02526e-05
1.81291 	0.028639 	-0.000508705 	2.06549e-05
1.81441 	0.0286447 	-0.000507699 	2.10571e-05
1.81591 	0.0286504 	-0.000506693 	2.14593e-05
1.81741 	0.0286561 	-0.000505688 	2.18615e-05
1.81891 	0.0286612 	-0.000505703 	2.22438e-05
1.82041 	0.0286661 	-0.000505984 	2.26208e-05
1.82191 	0.0286711 	-0.000506266 	2.29978e-05
1.82341 	0.0286761 	-0.000506548 	2.33748e-05
1.82491 	0.028681 	-0.00050683 	2.37519e-05
1.82641 	0.028686 	-0.000507112 	2.41289e-05
1.82791 	0.028691 	-0.000507394 	2.45059e-05
1.82941 	0.028696 	-0.000507637 	2.48856e-05
1.83092 	0.0287014 	-0.000507278 	2.53068e-05
1.83242 	0.0287068 	-0.000506919 	2.5728e-05
1.83392 	0.0287123 	-0.00050656 	2.61492e-05
1.83542 	0.0287177 	-0.000506201 	2.65704e-05
1.83692 	0.0287231 	-0.000505842 	2.69916e-05
1.83842 	0.0287286 	-0.000505483 	2.74128e-05
1.83992 	0.028734 	-0.000505124 	2.7834e-05
1.84142 	0.0287395 	-0.000504766 	2.82551e-05
1.84292 	0.0287449 	-0.000504407 	2.86763e-05
1.84442 	0.0287503 	-0.000504048 	2.90975e-05
1.84592 	0.0287558 	-0.000503689 	2.95187e-05
1.84742 	0.0287612 	-0.00050333 	2.99399e-05
1.84892 	0.0287667 	-0.000502971 	3.03611e-05
1.85043 	0.0287721 	-0.000502612 	3.07823e-05
1.85193 	0.0287775 	-0.000502253 	3.12035e-05
1.85343 	0.028783 	-0.000501894 	3.16247e-05
1.85493 	0.0287884 	-0.000501535 	3.20459e-05
1.85643 	0.0287939 	-0.000501177 	3.24671e-05
1.85793 	0.0287993 	-0.000500818 	3.28882e-05
1.85943 	0.0288047 	-0.000500459 	3.33094e-05
1.86093 	0.0288102 	-0.0005001 	3.37306e-05
1.86243 	0.0288156 	-0.000499741 	3.41518e-05
1.86393 	0.0288211 	-0.000499382 	3.4573e-05
1.86543 	0.0288265 	-0.000499023 	3.49942e-05
1.86693 	0.0288319 	-0.000498664 	3.54154e-05
1.86843 	0.0288374 	-0.000498305 	3.58366e-05
1.86993 	0.0288433 	-0.000497424 	3.63004e-05
1.87144 	0.0288493 	-0.000496346 	3.67804e-05
1.87294 	0.0288554 	-0.000495268 	3.72603e-05
1.87444 	0.0288614 	-0.00049419 	3.77403e-05
1.87594 	0.0288675 	-0.000493112 	3.82203e-05
1.87744 	0.0288735 	-0.000492033 	3.87002e-05
1.87894 	0.0288796 	-0.000490955 	3.91802e-05
1.88044 	0.0288857 	-0.000489877 	3.96602e-05
1.88194 	0.0288917 	-0.000488799 	4.01401e-05
1.88344 	0.0288978 	-0.000487721 	4.06201e-05
1.88494 	0.0289031 	-0.000487793 	4.10722e-05
1.88644 	0.0289084 	-0.00048802 	4.15205e-05
1.88794 	0.0289137 	-0.000488247 	4.19688e-05
1.88944 	0.0289189 	-0.000488475 	4.24171e-05
1.89095 	0.0289242 	-0.000488702 	4.28654e-05
1.89245 	0.0289294 	-0.00048893 	4.33137e-05
1.89395 	0.0289347 	-0.000489157 	4.3762e-05
1.89545 	0.02894 	-0.000489384 	4.42103e-05
1.89695 	0.0289452 	-0.000489612 	4.46586e-05
1.89845 	0.0289505 	-0.000489839 	4.51069e-05
1.89995 	0.0289558 	-0.000490067 	4.55552e-05
1.90145 	0.0289611 	-0.000490084 	4.6011e-05
1.90295 	0.0289666 	-0.000489934 	4.64726e-05
1.90445 	0.0289721 	-0.000489783 	4.69343e-05
1.90595 	0.0289776 	-0.000489633 	4.73959e-05
1.90745 	0.028983 	-0.000489482 	4.78576e-05
1.90895 	0.0289885 	-0.000489332 	4.83193e-05
1.91046 	0.028994 	-0.000489182 	4.87809e-05
1.91196 	0.0289994 	-0.000489031 	4.92426e-05
1.91346 	0.0290049 	-0.000488881 	4.97042e-05
1.91496 	0.0290104 	-0.00048873 	5.01659e-05
1.91646 	0.0290158 	-0.00048858 	5.06275e-05
1.91796 	0.0290213 	-0.00048843 	5.10892e-05
1.91946 	0.0290268 	-0.000488279 	5.15509e-05
1.92096 	0.0290322 	-0.000488129 	5.20125e-05
1.92246 	0.0290377 	-0.000487979 	5.24742e-05
1.92396 	0.0290432 	-0.000487828 	5.29358e-05
1.92546 	0.0290487 	-0.000487678 	5.33975e-05
1.92696 	0.0290541 	-0.000487527 	5.38592e-05
1.92846 	0.0290596 	-0.000487377 	5.43208e-05
1.92996 	0.0290654 	-0.00048672 	5.48101e-05
1.93147 	0.0290714 	-0.00048584 	5.53115e-05
1.93297 	0.0290774 	-0.00048496 	5.5813e-05
1.93447 	0.0290834 	-0.00048408 	5.63144e-05
1.93597 	0.0290894 	-0.000483199 	5.68159e-05
1.93747 	0.0290954 	-0.000482319 	5.73173e-05
1.93897 	0.0291013 	-0.000481439 	5.78188e-05
1.94047 	0.0291073 	-0.000480558 	5.83202e-05
1.94197 	0.0291133 	-0.000479678 	5.88217e-05
1.94347 	0.0291193 	-0.000478798 	5.93231e-05
1.94497 	0.0291253 	-0.000477918 	5.98246e-05
1.94647 	0.0291313 	-0.000477037 	6.0326e-05
1.94797 	0.0291373 	-0.000476157 	6.08275e-05
1.94947 	0.0291429 	-0.000475902 	6.13068e-05
1.95098 	0.0291486 	-0.000475729 	6.17833e-05
1.95248 	0.0291542 	-0.000475555 	6.22598e-05
1.95398 	0.0291598 	-0.000475382 	6.27363e-05
1.95548 	0.0291655 	-0.000475208 	6.32128e-05
1.95698 	0.0291711 	-0.000475035 	6.36893e-05
1.95848 	0.0291767 	-0.000474861 	6.41658e-05
1.95998 	0.0291824 	-0.000474688 	6.46423e-05
1.96148 	0.029188 	-0.000474514 	6.51188e-05
1.96298 	0.0291936 	-0.000474341 	6.55953e-05
1.96448 	0.0291993 	-0.000474167 	6.60717e-05
1.96598 	0.0292049 	-0.000473994 	6.65482e-05
1.96748 	0.0292105 	-0.00047382 	6.70247e-05
1.96898 	0.0292162 	-0.000473646 	6.75012e-05
1.97049 	0.0292218 	-0.000473452 	6.79799e-05
1.97199 	0.0292273 	-0.000473193 	6.84652e-05
1.97349 	0.0292328 	-0.000472935 	6.89504e-05
1.97499 	0.0292384 	-0.000472677 	6.94357e-05
1.97649 	0.0292439 	-0.000472419 	6.9921e-05
1.97799 	0.0292494 	-0.000472161 	7.04062e-05
1.97949 	0.0292549 	-0.000471903 	7.08915e-05
1.98099 	0.0292605 	-0.000471645 	7.13768e-05
1.98249 	0.029266 	-0.000471386 	7.18621e-05
1.98399 	0.0292715 	-0.000471128 	7.23473e-05
1.98549 	0.029277 	-0.00047087 	7.28326e-05
1.98699 	0.0292826 	-0.000470612 	7.33179e-05
1.98849 	0.0292881 	-0.000470181 	7.38088e-05
1.98999 	0.0292937 	-0.000469555 	7.43063e-05
1.9915 	0.0292994 	-0.000468929 	7.48038e-05
1.993 	0.029305 	-0.000468303 	7.53013e-05
1.9945 	0.0293106 	-0.000467677 	7.57988e-05
1.996 	0.0293162 	-0.000467051 	7.62962e-05
1.9975 	0.0293218 	-0.000466425 	7.67937e-05
1.999 	0.0293274 	-0.000465799 	7.72912e-05
2.0005 	0.029333 	-0.000465173 	7.77887e-05
2.002 	0.0293386 	-0.000464547 	7.82862e-05
2.0035 	0.0293443 	-0.000463921 	7.87836e-05
2.005 	0.0293499 	-0.000463295 	7.92811e-05
2.0065 	0.0293555 	-0.000462669 	7.97786e-05
2.008 	0.0293611 	-0.000462043 	8.02761e-05
2.0095 	0.0293667 	-0.000461417 	8.07735e-05
2.01101 	0.0293723 	-0.000460791 	8.1271e-05
2.01251 	0.0293781 	-0.000460242 	8.17746e-05
2.01401 	0.0293838 	-0.000459698 	8.22786e-05
2.01551 	0.0293895 	-0.000459154 	8.27826e-05
2.01701 	0.0293953 	-0.000458611 	8.32866e-05
2.01851 	0.029401 	-0.000458067 	8.37907e-05
2.02001 	0.0294068 	-0.000457523 	8.42947e-05
2.02151 	0.0294125 	-0.000456979 	8.47987e-05
2.02301 	0.0294183 	-0.000456436 	8.53027e-05
2.02451 	0.029424 	-0.000455892 	8.58067e-05
2.02601 	0.0294298 	-0.000455348 	8.63107e-05
2.02751 	0.0294355 	-0.000454805 	8.68148e-05
2.02901 	0.0294412 	-0.000454261 	8.73188e-05
2.03052 	0.029447 	-0.000453717 	8.78228e-05
2.03202 	0.0294527 	-0.000453173 	8.83268e-05
2.03352 	0.0294585 	-0.00045263 	8.88308e-05
2.03502 	0.0294642 	-0.000452086 	8.93348e-05
2.03652 	0.02947 	-0.000451542 	8.98389e-05
2.03802 	0.0294756 	-0.000450988 	9.0323e-05
2.03952 	0.0294809 	-0.000450409 	9.07622e-05
2.04102 	0.0294862 	-0.00044983 	9.12014e-05
2.04252 	0.0294916 	-0.000449252 	9.16407e-05
2.04402 	0.0294969 	-0.000448673 	9.20799e-05
2.04552 	0.0295021 	-0.000448103 	9.24999e-05
2.04702 	0.0295064 	-0.000447582 	9.28013e-05
2.04852 	0.0295108 	-0.000447062 	9.31027e-05
2.05003 	0.0295151 	-0.000446541 	9.34041e-05
2.05153 	0.0295195 	-0.000446021 	9.37056e-05
2.05303 	0.0295238 	-0.0004455 	9.4007e-05
2.05453 	0.0295282 	-0.00044498 	9.43084e-05
2.05603 	0.0295325 	-0.000444459 	9.46098e-05
2.05753 	0.0295369 	-0.000443939 	9.49112e-05
2.05903 	0.0295412 	-0.000443418 	9.52127e-05
2.06053 	0.0295456 	-0.000442897 	9.55141e-05
2.06203 	0.0295499 	-0.000442377 	9.58155e-05
2.06353 	0.0295543 	-0.000441856 	9.61169e-05
2.06503 	0.0295586 	-0.000441336 	9.64183e-05
2.06653 	0.029563 	-0.000440815 	9.67198e-05
2.06803 	0.0295673 	-0.000440295 	9.70212e-05
2.06953 	0.0295717 	-0.000439774 	9.73226e-05
2.07104 	0.029576 	-0.000439254 	9.7624e-05
2.07254 	0.0295803 	-0.00043875 	9.792e-05
2.07404 	0.029584 	-0.000438353 	9.81801e-05
2.07554 	0.0295876 	-0.000437957 	9.84402e-05
2.07704 	0.0295913 	-0.00043756 	9.87003e-05
2.07854 	0.0295949 	-0.000437164 	9.89604e-05
2.08004 	0.0295986 	-0.000436768 	9.92204e-05
2.08154 	0.0296023 	-0.000436371 	9.94805e-05
2.08304 	0.0296059 	-0.000435975 	9.97406e-05
2.08454 	0.0296096 	-0.000435579 	0.000100001
2.08604 	0.0296132 	-0.000435182 	0.000100261
2.08754 	0.0296169 	-0.000434786 	0.000100521
2.08904 	0.0296206 	-0.00043439 	0.000100781
2.09055 	0.0296242 	-0.000433993 	0.000101041
2.09205 	0.0296279 	-0.000433597 	0.000101301
2.09355 	0.0296316 	-0.000433201 	0.000101561
2.09505 	0.0296352 	-0.000432804 	0.000101821
2.09655 	0.0296389 	-0.000432408 	0.000102081
2.09805 	0.0296425 	-0.000432012 	0.000102341
2.09955 	0.0296462 	-0.000431615 	0.000102602
2.10105 	0.0296499 	-0.000431219 	0.000102862
2.10255 	0.0296545 	-0.000430742 	0.000103159
2.10405 	0.0296603 	-0.000430121 	0.000103513
2.10555 	0.0296662 	-0.000429479 	0.000103873
2.10705 	0.0296722 	-0.000428837 	0.000104234
2.10855 	0.0296781 	-0.000428196 	0.000104595
2.11006 	0.0296841 	-0.000427554 	0.000104956
2.11156 	0.02969 	-0.000426913 	0.000105316
2.11306 	0.0296959 	-0.000426271 	0.000105677
2.11456 	0.0297019 	-0.00042563 	0.000106038
2.11606 	0.0297078 	-0.000424988 	0.000106399
2.11756 	0.0297137 	-0.000424347 	0.00010676
2.11906 	0.0297197 	-0.000423705 	0.00010712
2.12056 	0.0297256 	-0.000423063 	0.000107481
2.12206 	0.0297316 	-0.000422422 	0.000107842
2.12356 	0.0297375 	-0.00042178 	0.000108203
2.12506 	0.0297434 	-0.000421139 	0.000108564
2.12656 	0.0297494 	-0.000420497 	0.000108924
2.12806 	0.0297553 	-0.000419856 	0.000109285
2.12956 	0.0297613 	-0.000419214 	0.000109646
2.13107 	0.0297672 	-0.000418573 	0.000110007
2.13257 	0.0297728 	-0.000417978 	0.000110343
2.13407 	0.0297782 	-0.000417417 	0.000110662
2.13557 	0.0297836 	-0.000416856 	0.000110981
2.13707 	0.029789 	-0.000416296 	0.0001113
2.13857 	0.0297944 	-0.000415735 	0.000111618
2.14007 	0.0297998 	-0.000415174 	0.000111937
2.14157 	0.0298052 	-0.000414613 	0.000112256
2.14307 	0.0298105 	-0.000414052 	0.000112575
2.14457 	0.0298159 	-0.000413492 	0.000112894
2.14607 	0.0298213 	-0.000412931 	0.000113212
2.14757 	0.0298267 	-0.00041237 	0.000113531
2.14907 	0.0298321 	-0.000411809 	0.00011385
2.15058 	0.0298375 	-0.000411248 	0.000114169
2.15208 	0.0298429 	-0.000410688 	0.000114488
2.15358 	0.0298483 	-0.000410127 	0.000114806
2.15508 	0.0298537 	-0.000409566 	0.000115125
2.15658 	0.0298592 	-0.000408998 	0.000115458
2.15808 	0.0298649 	-0.000408423 	0.000115808
2.15958 	0.0298706 	-0.000407847 	0.000116158
2.16108 	0.0298763 	-0.000407271 	0.000116509
2.16258 	0.029882 	-0.000406695 	0.000116859
2.16408 	0.0298878 	-0.000406119 	0.000117209
2.16558 	0.0298935 	-0.000405541 	0.00011756
2.16708 	0.029899 	-0.000404914 	0.000117914
2.16858 	0.0299045 	-0.000404286 	0.000118267
2.17009 	0.02991 	-0.000403659 	0.000118621
2.17159 	0.0299156 	-0.000403031 	0.000118975
2.17309 	0.0299211 	-0.000402404 	0.000119329
2.17459 	0.0299266 	-0.000401777 	0.000119682
2.17609 	0.0299322 	-0.000401149 	0.000120036
2.17759 	0.0299377 	-0.000400522 	0.00012039
2.17909 	0.0299432 	-0.000399894 	0.000120744
2.18059 	0.0299487 	-0.000399267 	0.000121097
2.18209 	0.0299543 	-0.000398639 	0.000121451
2.18359 	0.0299598 	-0.000398012 	0.000121805
2.18509 	0.0299653 	-0.000397385 	0.000122159
2.18659 	0.0299709 	-0.000396757 	0.000122513
2.18809 	0.0299764 	-0.00039613 	0.000122866
2.18959 	0.029982 	-0.000395486 	0.000123223
2.1911 	0.0299879 	-0.000394814 	0.000123585
2.1926 	0.0299938 	-0.000394141 	0.000123946
2.1941 	0.0299996 	-0.000393469 	0.000124308
2.1956 	0.0300055 	-0.000392796 	0.00012467
2.1971 	0.0300113 	-0.000392124 	0.000125031
2.1986 	0.0300172 	-0.000391451 	0.000125393
2.2001 	0.0300231 	-0.000390779 	0.000125755
2.2016 	0.0300289 	-0.000390107 	0.000126117
2.2031 	0.0300348 	-0.000389434 	0.000126478
2.2046 	0.0300406 	-0.000388762 	0.00012684
2.2061 	0.0300465 	-0.000388089 	0.000127202
2.2076 	0.0300524 	-0.000387417 	0.000127563
2.2091 	0.0300581 	-0.000386764 	0.000127919
2.21061 	0.0300636 	-0.000386181 	0.000128254
2.21211 	0.030069 	-0.000385597 	0.00012859
2.21361 	0.0300744 	-0.000385014 	0.000128925
2.21511 	0.0300798 	-0.00038443 	0.00012926
2.21661 	0.0300853 	-0.000383847 	0.000129595
2.21811 	0.0300907 	-0.000383263 	0.00012993
2.21961 	0.0300961 	-0.00038268 	0.000130265
2.22111 	0.0301015 	-0.000382096 	0.0001306
2.22261 	0.030107 	-0.000381513 	0.000130935
2.22411 	0.0301124 	-0.000380929 	0.000131271
2.22561 	0.0301178 	-0.000380346 	0.000131606
2.22711 	0.0301229 	-0.000379749 	0.000131924
2.22861 	0.030128 	-0.000379152 	0.000132241
2.23012 	0.0301331 	-0.000378554 	0.000132558
2.23162 	0.0301382 	-0.000377957 	0.000132875
2.23312 	0.0301433 	-0.000377359 	0.000133192
2.23462 	0.0301484 	-0.000376761 	0.000133509
2.23612 	0.0301535 	-0.000376164 	0.000133825
2.23762 	0.0301586 	-0.000375566 	0.000134142
2.23912 	0.0301637 	-0.000374968 	0.000134459
2.24062 	0.0301688 	-0.000374371 	0.000134776
2.24212 	0.0301739 	-0.000373773 	0.000135093
2.24362 	0.0301789 	-0.000373176 	0.00013541
2.24512 	0.0301842 	-0.000372527 	0.000135728
2.24662 	0.0301896 	-0.000371838 	0.000136046
2.24812 	0.030195 	-0.000371148 	0.000136365
2.24962 	0.0302004 	-0.000370458 	0.000136683
2.25113 	0.0302058 	-0.000369769 	0.000137002
2.25263 	0.0302112 	-0.000369079 	0.00013732
2.25413 	0.0302167 	-0.00036839 	0.000137639
2.25563 	0.0302221 	-0.0003677 	0.000137957
2.25713 	0.0302275 	-0.00036701 	0.000138276
2.25863 	0.0302329 	-0.000366321 	0.000138594
2.26013 	0.0302382 	-0.000365694 	0.00013889
2.26163 	0.0302429 	-0.000365393 	0.00013907
2.26313 	0.0302476 	-0.000365093 	0.00013925
2.26463 	0.0302524 	-0.000364792 	0.00013943
2.26613 	0.0302571 	-0.000364491 	0.000139609
2.26763 	0.0302619 	-0.000364191 	0.000139789
2.26913 	0.0302666 	-0.00036389 	0.000139969
2.27064 	0.0302713 	-0.000363589 	0.000140149
2.27214 	0.0302761 	-0.000363289 	0.000140329
2.27364 	0.0302808 	-0.000362988 	0.000140508
2.27514 	0.0302855 	-0.000362687 	0.000140688
2.27664 	0.0302903 	-0.000362387 	0.000140868
2.27814 	0.030295 	-0.000362086 	0.000141048
2.27964 	0.0302998 	-0.000361785 	0.000141228
2.28114 	0.0303045 	-0.000361485 	0.000141407
2.28264 	0.0303092 	-0.000361184 	0.000141587
2.28414 	0.0303138 	-0.000360882 	0.000141705
2.28564 	0.0303182 	-0.000360579 	0.00014177
2.28714 	0.0303226 	-0.000360275 	0.000141836
2.28864 	0.030327 	-0.000359972 	0.000141902
2.29015 	0.0303314 	-0.000359669 	0.000141967
2.29165 	0.0303359 	-0.000359365 	0.000142033
2.29315 	0.0303403 	-0.000359062 	0.000142099
2.29465 	0.0303447 	-0.000358759 	0.000142164
2.29615 	0.0303491 	-0.000358455 	0.00014223
2.29765 	0.0303537 	-0.00035803 	0.000142296
2.29915 	0.0303588 	-0.000357089 	0.000142362
2.30065 	0.0303639 	-0.000356148 	0.000142428
2.30215 	0.0303691 	-0.000355207 	0.000142495
2.30365 	0.0303742 	-0.000354265 	0.000142561
2.30515 	0.0303793 	-0.000353324 	0.000142627
2.30665 	0.0303845 	-0.000352383 	0.000142694
2.30815 	0.0303896 	-0.000351442 	0.00014276
2.30965 	0.0303944 	-0.000350709 	0.000142813
2.31116 	0.0303986 	-0.000350436 	0.000142834
2.31266 	0.0304028 	-0.000350164 	0.000142856
2.31416 	0.0304069 	-0.000349891 	0.000142878
2.31566 	0.0304111 	-0.000349619 	0.000142899
2.31716 	0.0304152 	-0.000349346 	0.000142921
2.31866 	0.0304194 	-0.000349073 	0.000142943
2.32016 	0.0304235 	-0.000348801 	0.000142965
2.32166 	0.0304277 	-0.000348528 	0.000142986
2.32316 	0.0304319 	-0.000348256 	0.000143008
2.32466 	0.030436 	-0.000347983 	0.00014303
2.32616 	0.0304402 	-0.00034771 	0.000143052
2.32766 	0.0304443 	-0.000347438 	0.000143073
2.32916 	0.0304485 	-0.000347165 	0.000143095
2.33067 	0.0304527 	-0.000346893 	0.000143117
2.33217 	0.0304568 	-0.00034662 	0.000143138
2.33367 	0.030461 	-0.000346347 	0.00014316
2.33517 	0.0304651 	-0.000346075 	0.000143182
2.33667 	0.0304693 	-0.000345802 	0.000143204
2.33817 	0.0304735 	-0.00034553 	0.000143225
2.33967 	0.030477 	-0.000345497 	0.000143217
2.34117 	0.0304806 	-0.00034547 	0.000143208
2.34267 	0.0304842 	-0.000345443 	0.0001432
2.34417 	0.0304878 	-0.000345416 	0.000143191
2.34567 	0.0304913 	-0.000345389 	0.000143182
2.34717 	0.0304949 	-0.000345361 	0.000143173
2.34867 	0.0304988 	-0.000344952 	0.000143164
2.35018 	0.0305036 	-0.000343748 	0.000143153
2.35168 	0.0305084 	-0.000342544 	0.000143143
2.35318 	0.0305131 	-0.00034134 	0.000143132
2.35468 	0.0305179 	-0.000340136 	0.000143122
2.35618 	0.0305226 	-0.000338932 	0.000143111
2.35768 	0.0305266 	-0.000338187 	0.00014309
2.35918 	0.0305302 	-0.000337633 	0.000143064
2.36068 	0.0305338 	-0.00033708 	0.000143039
2.36218 	0.0305374 	-0.000336526 	0.000143013
2.36368 	0.030541 	-0.000335973 	0.000142987
2.36518 	0.0305446 	-0.000335419 	0.000142962
2.36668 	0.0305482 	-0.000334866 	0.000142936
2.36818 	0.0305519 	-0.000334312 	0.00014291
2.36968 	0.0305555 	-0.000333759 	0.000142884
2.37119 	0.0305591 	-0.000333205 	0.000142859
2.37269 	0.0305627 	-0.000332652 	0.000142833
2.37419 	0.0305663 	-0.000332098 	0.000142807
2.37569 	0.0305699 	-0.000331545 	0.000142782
2.37719 	0.0305735 	-0.000330991 	0.000142756
2.37869 	0.0305771 	-0.000330438 	0.00014273
2.38019 	0.0305807 	-0.000329884 	0.000142705
2.38169 	0.0305844 	-0.000329331 	0.000142679
2.38319 	0.030588 	-0.000328777 	0.000142653
2.38469 	0.0305916 	-0.000328224 	0.000142628
2.38619 	0.0305952 	-0.00032767 	0.000142602
2.38769 	0.0305988 	-0.000327117 	0.000142576
2.38919 	0.0306024 	-0.000326563 	0.000142551
2.3907 	0.0306058 	-0.000326128 	0.000142523
2.3922 	0.0306084 	-0.000326088 	0.000142487
2.3937 	0.0306111 	-0.000326047 	0.000142452
2.3952 	0.0306137 	-0.000326006 	0.000142417
2.3967 	0.0306164 	-0.000325965 	0.000142382
2.3982 	0.0306203 	-0.000324797 	0.000142336
2.3997 	0.0306242 	-0.0003236 	0.00014229
2.4012 	0.0306281 	-0.000322404 	0.000142245
2.4027 	0.0306313 	-0.000321584 	0.000142209
2.4042 	0.0306334 	-0.0003214 	0.000142192
2.4057 	0.0306354 	-0.000321216 	0.000142174
2.4072 	0.0306374 	-0.000321032 	0.000142156
2.4087 	0.0306395 	-0.000320848 	0.000142139
2.41021 	0.0306415 	-0.000320664 	0.000142121
2.41171 	0.0306435 	-0.00032048 	0.000142103
2.41321 	0.0306456 	-0.000320296 	0.000142086
2.41471 	0.0306476 	-0.000320112 	0.000142068
2.41621 	0.0306496 	-0.000319928 	0.00014205
2.41771 	0.0306516 	-0.000319744 	0.000142033
2.41921 	0.0306537 	-0.00031956 	0.000142015
2.42071 	0.0306557 	-0.000319376 	0.000141997
2.42221 	0.0306577 	-0.000319192 	0.00014198
2.42371 	0.0306598 	-0.000319008 	0.000141962
2.42521 	0.0306618 	-0.000318824 	0.000141944
2.42671 	0.0306638 	-0.00031864 	0.000141927
2.42821 	0.0306659 	-0.000318456 	0.000141909
2.42971 	0.0306679 	-0.000318272 	0.000141891
2.43122 	0.0306699 	-0.000318088 	0.000141874
2.43272 	0.030672 	-0.000317904 	0.000141856
2.43422 	0.030674 	-0.00031772 	0.000141838
2.43572 	0.030676 	-0.000317536 	0.000141821
2.43722 	0.0306781 	-0.000317352 	0.000141803
2.43872 	0.0306801 	-0.000317168 	0.000141785
2.44022 	0.0306816 	-0.000317248 	0.000141774
2.44172 	0.0306821 	-0.000317916 	0.000141777
2.44322 	0.0306825 	-0.000318582 	0.000141779
2.44472 	0.0306831 	-0.000319235 	0.000141775
2.44622 	0.0306839 	-0.000319576 	0.00014177
2.44772 	0.0306852 	-0.000319274 	0.00014176
2.44922 	0.0306865 	-0.000318972 	0.000141749
2.45073 	0.0306878 	-0.000318671 	0.000141739
2.45223 	0.0306892 	-0.000318369 	0.000141729
2.45373 	0.0306905 	-0.000318068 	0.000141719
2.45523 	0.0306918 	-0.000317766 	0.000141709
2.45673 	0.0306931 	-0.000317465 	0.000141698
2.45823 	0.0306945 	-0.000317163 	0.000141688
2.45973 	0.0306958 	-0.000316862 	0.000141678
2.46123 	0.0306971 	-0.00031656 	0.000141668
2.46273 	0.0306984 	-0.000316258 	0.000141657
2.46423 	0.0306998 	-0.000315957 	0.000141647
2.46573 	0.0307011 	-0.000315655 	0.000141637
2.46723 	0.0307024 	-0.000315354 	0.000141627
2.46873 	0.0307037 	-0.000315052 	0.000141617
2.47024 	0.0307051 	-0.000314751 	0.000141606
2.47174 	0.0307064 	-0.000314449 	0.000141596
2.47324 	0.0307077 	-0.000314148 	0.000141586
2.47474 	0.030709 	-0.000313846 	0.000141576
2.47624 	0.0307104 	-0.000313545 	0.000141565
2.47774 	0.0307117 	-0.000313243 	0.000141555
2.47924 	0.030713 	-0.000312941 	0.000141545
2.48074 	0.0307144 	-0.00031264 	0.000141535
2.48224 	0.0307157 	-0.000312338 	0.000141524
2.48374 	0.030717 	-0.000312037 	0.000141514
2.48524 	0.0307183 	-0.000311735 	0.000141504
2.48674 	0.0307198 	-0.000311251 	0.000141491
2.48824 	0.030721 	-0.000310651 	0.000141431
2.48974 	0.030722 	-0.000309965 	0.000141345
2.49125 	0.030723 	-0.000309279 	0.000141259
2.49275 	0.030724 	-0.000308593 	0.000141173
2.49425 	0.030725 	-0.000307907 	0.000141088
2.49575 	0.030726 	-0.000307222 	0.000141003
2.49725 	0.030727 	-0.000306535 	0.000140923
2.49875 	0.0307281 	-0.000305848 	0.000140844
2.50025 	0.0307292 	-0.000305162 	0.000140765
2.50175 	0.0307302 	-0.000304475 	0.000140686
2.50325 	0.0307313 	-0.000303789 	0.000140607
2.50475 	0.0307323 	-0.000303102 	0.000140527
2.50625 	0.0307334 	-0.000302416 	0.000140448
2.50775 	0.0307345 	-0.000301729 	0.000140369
2.50925 	0.0307355 	-0.000301043 	0.00014029
2.51076 	0.0307366 	-0.000300356 	0.000140211
2.51226 	0.0307376 	-0.00029967 	0.000140131
2.51376 	0.0307387 	-0.000298983 	0.000140052
2.51526 	0.0307397 	-0.000298297 	0.000139973
2.51676 	0.0307408 	-0.00029761 	0.000139894
2.51826 	0.0307419 	-0.000296924 	0.000139815
2.51976 	0.0307429 	-0.000296237 	0.000139735
2.52126 	0.030744 	-0.000295551 	0.000139656
2.52276 	0.030745 	-0.000294864 	0.000139577
2.52426 	0.0307461 	-0.000294178 	0.000139498
2.52576 	0.0307472 	-0.000293491 	0.000139419
2.52726 	0.0307481 	-0.000292806 	0.000139328
2.52876 	0.0307483 	-0.00029213 	0.000139182
2.53027 	0.0307488 	-0.00029151 	0.000139027
2.53177 	0.0307487 	-0.000290835 	0.000138827
2.53327 	0.0307485 	-0.000290156 	0.000138624
2.53477 	0.0307483 	-0.000289477 	0.00013842
2.53627 	0.0307482 	-0.000288797 	0.000138217
2.53777 	0.030748 	-0.000288118 	0.000138013
2.53927 	0.0307478 	-0.000287439 	0.000137809
2.54077 	0.0307477 	-0.00028676 	0.000137606
2.54227 	0.0307475 	-0.00028608 	0.000137402
2.54377 	0.0307473 	-0.000285401 	0.000137199
2.54527 	0.0307472 	-0.000284722 	0.000136995
2.54677 	0.030747 	-0.000284043 	0.000136792
2.54827 	0.0307468 	-0.000283364 	0.000136588
2.54977 	0.0307467 	-0.000282684 	0.000136384
2.55128 	0.0307465 	-0.000282005 	0.000136181
2.55278 	0.0307463 	-0.000281326 	0.000135977
2.55428 	0.0307462 	-0.000280647 	0.000135774
2.55578 	0.030746 	-0.000279968 	0.00013557
2.55728 	0.0307459 	-0.000279288 	0.000135367
2.55878 	0.0307457 	-0.000278609 	0.000135163
2.56028 	0.0307455 	-0.00027793 	0.000134959
2.56178 	0.0307454 	-0.000277251 	0.000134756
2.56328 	0.0307452 	-0.000276572 	0.000134552
2.56478 	0.030745 	-0.000275894 	0.000134344
2.56628 	0.0307439 	-0.000275255 	0.00013406
2.56778 	0.0307429 	-0.000274615 	0.000133775
2.56928 	0.0307421 	-0.000274005 	0.0001335
2.57079 	0.0307413 	-0.000273404 	0.000133227
2.57229 	0.0307404 	-0.000272819 	0.000132957
2.57379 	0.0307393 	-0.000272257 	0.000132688
2.57529 	0.0307383 	-0.000271695 	0.000132419
2.57679 	0.0307372 	-0.000271134 	0.000132151
2.57829 	0.0307362 	-0.000270572 	0.000131882
2.57979 	0.0307351 	-0.00027001 	0.000131614
2.58129 	0.0307341 	-0.000269448 	0.000131345
2.58279 	0.030733 	-0.000268887 	0.000131077
2.58429 	0.030732 	-0.000268325 	0.000130808
2.58579 	0.0307309 	-0.000267763 	0.000130539
2.58729 	0.0307299 	-0.000267201 	0.000130271
2.58879 	0.0307289 	-0.00026664 	0.000130002
2.5903 	0.0307278 	-0.000266078 	0.000129734
2.5918 	0.0307268 	-0.000265516 	0.000129465
2.5933 	0.0307257 	-0.000264955 	0.000129197
2.5948 	0.0307247 	-0.000264393 	0.000128928
2.5963 	0.0307236 	-0.000263831 	0.000128659
2.5978 	0.0307226 	-0.000263269 	0.000128391
2.5993 	0.0307215 	-0.000262708 	0.000128122
2.6008 	0.0307204 	-0.000262175 	0.000127849
2.6023 	0.0307188 	-0.000261746 	0.000127559
2.6038 	0.0307173 	-0.000261317 	0.000127268
2.6053 	0.0307158 	-0.000260888 	0.000126978
2.6068 	0.0307145 	-0.000260448 	0.000126682
2.6083 	0.0307131 	-0.000260007 	0.000126385
2.6098 	0.0307118 	-0.000259567 	0.000126089
2.61131 	0.0307099 	-0.00025907 	0.000125747
2.61281 	0.0307077 	-0.00025853 	0.000125373
2.61431 	0.0307054 	-0.000257991 	0.000124999
2.61581 	0.0307032 	-0.000257451 	0.000124625
2.61731 	0.0307009 	-0.000256912 	0.00012425
2.61881 	0.0306986 	-0.000256372 	0.000123876
2.62031 	0.0306964 	-0.000255833 	0.000123502
2.62181 	0.0306941 	-0.000255293 	0.000123128
2.62331 	0.0306919 	-0.000254754 	0.000122753
2.62481 	0.0306896 	-0.000254214 	0.000122379
2.62631 	0.0306874 	-0.000253675 	0.000122005
2.62781 	0.0306851 	-0.000253135 	0.00012163
2.62931 	0.0306828 	-0.000252596 	0.000121256
2.63082 	0.0306806 	-0.000252056 	0.000120882
2.63232 	0.0306783 	-0.000251517 	0.000120508
2.63382 	0.0306761 	-0.000250978 	0.000120133
2.63532 	0.0306731 	-0.00025043 	0.000119693
2.63682 	0.0306697 	-0.000249878 	0.000119217
2.63832 	0.0306662 	-0.000249326 	0.000118741
2.63982 	0.0306628 	-0.000248775 	0.000118265
2.64132 	0.0306594 	-0.000248182 	0.000117763
2.64282 	0.0306561 	-0.000247558 	0.000117242
2.64432 	0.0306527 	-0.000246934 	0.000116721
2.64582 	0.0306493 	-0.00024631 	0.0001162
2.64732 	0.0306456 	-0.00024568 	0.000115685
2.64882 	0.0306415 	-0.00024504 	0.000115178
2.65033 	0.0306374 	-0.0002444 	0.000114671
2.65183 	0.0306332 	-0.00024376 	0.000114164
2.65333 	0.0306291 	-0.00024312 	0.000113657
2.65483 	0.0306249 	-0.00024248 	0.00011315
2.65633 	0.0306208 	-0.00024184 	0.000112643
2.65783 	0.0306166 	-0.0002412 	0.000112136
2.65933 	0.0306125 	-0.00024056 	0.000111629
2.66083 	0.0306083 	-0.00023992 	0.000111122
2.66233 	0.0306042 	-0.000239279 	0.000110615
2.66383 	0.0306 	-0.000238639 	0.000110108
2.66533 	0.0305959 	-0.000237999 	0.000109601
2.66683 	0.0305914 	-0.00023739 	0.000109095
2.66833 	0.0305862 	-0.000236851 	0.000108593
2.66983 	0.0305809 	-0.000236312 	0.000108091
2.67134 	0.0305757 	-0.000235773 	0.000107589
2.67284 	0.0305705 	-0.000235234 	0.000107086
2.67434 	0.0305653 	-0.000234653 	0.000106567
2.67584 	0.0305603 	-0.000234042 	0.000106036
2.67734 	0.0305553 	-0.000233431 	0.000105505
2.67884 	0.0305502 	-0.00023282 	0.000104974
2.68034 	0.0305452 	-0.000232209 	0.000104443
2.68184 	0.0305394 	-0.000231593 	0.000103928
2.68334 	0.0305335 	-0.000230975 	0.000103417
2.68484 	0.0305276 	-0.000230356 	0.000102907
2.68634 	0.0305217 	-0.000229738 	0.000102396
2.68784 	0.0305157 	-0.00022912 	0.000101886
2.68934 	0.0305098 	-0.000228502 	0.000101376
2.69085 	0.0305039 	-0.000227883 	0.000100865
2.69235 	0.0304979 	-0.000227265 	0.000100355
2.69385 	0.030492 	-0.000226647 	9.98444e-05
2.69535 	0.0304861 	-0.000226029 	9.9334e-05
2.69685 	0.0304799 	-0.000225428 	9.88273e-05
2.69835 	0.0304726 	-0.000224914 	9.8339e-05
2.69985 	0.0304653 	-0.000224401 	9.78508e-05
2.70135 	0.0304581 	-0.000223888 	9.73625e-05
2.70285 	0.0304508 	-0.000223375 	9.68743e-05
2.70435 	0.0304435 	-0.000222861 	9.6386e-05
2.70585 	0.0304364 	-0.000222266 	9.58831e-05
2.70735 	0.0304294 	-0.000221665 	9.53793e-05
2.70885 	0.0304224 	-0.000221065 	9.48756e-05
2.71036 	0.0304153 	-0.000220465 	9.43719e-05
2.71186 	0.0304083 	-0.000219865 	9.38681e-05
2.71336 	0.0304018 	-0.000219326 	9.34241e-05
2.71486 	0.0303955 	-0.000218817 	9.30097e-05
2.71636 	0.0303891 	-0.000218308 	9.25953e-05
2.71786 	0.0303828 	-0.000217799 	9.21809e-05
2.71936 	0.0303765 	-0.00021729 	9.17664e-05
2.72086 	0.0303702 	-0.000216781 	9.1352e-05
2.72236 	0.0303639 	-0.000216272 	9.09376e-05
2.72386 	0.0303576 	-0.000215763 	9.05232e-05
2.72536 	0.0303514 	-0.000215341 	9.01321e-05
2.72686 	0.0303457 	-0.000215278 	8.9837e-05
2.72836 	0.03034 	-0.000215214 	8.95419e-05
2.72986 	0.0303343 	-0.000215151 	8.92468e-05
2.73137 	0.0303286 	-0.000215087 	8.89518e-05
2.73287 	0.0303229 	-0.000215024 	8.86567e-05
2.73437 	0.0303175 	-0.000214615 	8.83518e-05
2.73587 	0.0303123 	-0.000213983 	8.80407e-05
2.73737 	0.030307 	-0.000213352 	8.77295e-05
2.73887 	0.0303018 	-0.000212721 	8.74184e-05
2.74037 	0.0302966 	-0.00021209 	8.71073e-05
2.74187 	0.0302914 	-0.000211459 	8.67961e-05
2.74337 	0.0302835 	-0.000210973 	8.63992e-05
2.74487 	0.0302755 	-0.000210487 	8.60017e-05
2.74637 	0.0302676 	-0.000210002 	8.56042e-05
2.74787 	0.0302597 	-0.000209516 	8.52067e-05
2.74937 	0.0302518 	-0.000209031 	8.48092e-05
2.75088 	0.0302439 	-0.000208545 	8.44118e-05
2.75238 	0.0302349 	-0.000208237 	8.39888e-05
2.75388 	0.030224 	-0.000208251 	8.35194e-05
2.75538 	0.030213 	-0.000208265 	8.30501e-05
2.75688 	0.0302021 	-0.000208278 	8.25808e-05
2.75838 	0.0301912 	-0.000208292 	8.21114e-05
2.75988 	0.0301803 	-0.000208306 	8.16421e-05
2.76138 	0.0301694 	-0.000207763 	8.11519e-05
2.76288 	0.0301585 	-0.000206695 	8.0642e-05
2.76438 	0.0301477 	-0.000205626 	8.01321e-05
2.76588 	0.0301368 	-0.000204557 	7.96222e-05
2.76738 	0.030126 	-0.000203489 	7.91123e-05
2.76888 	0.0301151 	-0.00020242 	7.86023e-05
2.77039 	0.0301037 	-0.000201691 	7.81273e-05
2.77189 	0.030092 	-0.000201122 	7.76687e-05
2.77339 	0.0300803 	-0.000200552 	7.721e-05
2.77489 	0.0300687 	-0.000199983 	7.67514e-05
2.77639 	0.030057 	-0.000199413 	7.62927e-05
2.77789 	0.0300443 	-0.000199207 	7.58629e-05
2.77939 	0.0300311 	-0.000199238 	7.5452e-05
2.78089 	0.0300178 	-0.00019927 	7.50411e-05
2.78239 	0.0300046 	-0.000199301 	7.46302e-05
2.78389 	0.0299913 	-0.000199332 	7.42193e-05
2.78539 	0.0299781 	-0.000199363 	7.38084e-05
2.78689 	0.0299644 	-0.000198734 	7.33718e-05
2.78839 	0.0299504 	-0.000197679 	7.29186e-05
2.78989 	0.0299363 	-0.000196624 	7.24654e-05
2.7914 	0.0299223 	-0.00019557 	7.20122e-05
2.7929 	0.0299083 	-0.000194515 	7.15591e-05
2.7944 	0.0298943 	-0.00019346 	7.11059e-05
2.7959 	0.029882 	-0.000192792 	7.0737e-05
2.7974 	0.0298706 	-0.000192328 	7.04125e-05
2.7989 	0.0298592 	-0.000191864 	7.00881e-05
2.8004 	0.0298479 	-0.0001914 	6.97637e-05
2.8019 	0.0298389 	-0.000191567 	6.95713e-05
2.8034 	0.0298303 	-0.000191804 	6.93937e-05
2.8049 	0.0298216 	-0.00019204 	6.9216e-05
2.8064 	0.0298129 	-0.000192277 	6.90383e-05
2.8079 	0.0298043 	-0.000192514 	6.88607e-05
2.8094 	0.0297956 	-0.000192751 	6.8683e-05
2.81091 	0.0297866 	-0.000192108 	6.84918e-05
2.81241 	0.0297776 	-0.000191291 	6.82979e-05
2.81391 	0.0297685 	-0.000190474 	6.81041e-05
2.81541 	0.0297595 	-0.000189658 	6.79102e-05
2.81691 	0.0297504 	-0.000188841 	6.77163e-05
2.81841 	0.0297414 	-0.000188024 	6.75225e-05
2.81991 	0.0297282 	-0.000187507 	6.72982e-05
2.82141 	0.0297142 	-0.000187045 	6.70682e-05
2.82291 	0.0296991 	-0.000186674 	6.68332e-05
2.82441 	0.02968 	-0.000186667 	6.6578e-05
2.82591 	0.0296608 	-0.000186661 	6.63227e-05
2.82741 	0.0296416 	-0.000186654 	6.60675e-05
2.82891 	0.0296224 	-0.000186648 	6.58122e-05
2.83042 	0.0296032 	-0.000186641 	6.5557e-05
2.83192 	0.0295839 	-0.000186496 	6.53012e-05
2.83342 	0.0295637 	-0.000185461 	6.50417e-05
2.83492 	0.0295436 	-0.000184427 	6.47823e-05
2.83642 	0.0295235 	-0.000183392 	6.45228e-05
2.83792 	0.0295033 	-0.000182357 	6.42634e-05
2.83942 	0.0294832 	-0.000181323 	6.4004e-05
2.84092 	0.0294637 	-0.000180386 	6.37562e-05
2.84242 	0.0294473 	-0.000179907 	6.35634e-05
2.84392 	0.0294326 	-0.000179728 	6.34031e-05
2.84542 	0.02942 	-0.000179906 	6.32816e-05
2.84692 	0.0294075 	-0.000180084 	6.31601e-05
2.84842 	0.0293949 	-0.000180262 	6.30386e-05
2.84992 	0.0293823 	-0.00018044 	6.29171e-05
2.85143 	0.0293697 	-0.000180618 	6.27956e-05
2.85293 	0.0293572 	-0.000180356 	6.26785e-05
2.85443 	0.0293446 	-0.000179564 	6.25667e-05
2.85593 	0.0293319 	-0.000178771 	6.24549e-05
2.85743 	0.0293193 	-0.000177979 	6.23431e-05
2.85893 	0.0293067 	-0.000177186 	6.22313e-05
2.86043 	0.0292941 	-0.000176394 	6.21195e-05
2.86193 	0.0292767 	-0.000175758 	6.19802e-05
2.86343 	0.0292505 	-0.000175456 	6.17908e-05
2.86493 	0.029221 	-0.000175288 	6.15831e-05
2.86643 	0.0291915 	-0.00017512 	6.13754e-05
2.86793 	0.029162 	-0.000174951 	6.11677e-05
2.86943 	0.0291325 	-0.000174783 	6.096e-05
2.87094 	0.029103 	-0.000174615 	6.07523e-05
2.87244 	0.0290729 	-0.000173757 	6.05499e-05
2.87394 	0.0290425 	-0.000172646 	6.03495e-05
2.87544 	0.0290122 	-0.000171535 	6.0149e-05
2.87694 	0.0289818 	-0.000170424 	5.99486e-05
2.87844 	0.0289515 	-0.000169313 	5.97481e-05
2.87994 	0.0289211 	-0.000168201 	5.95477e-05
2.88144 	0.0288995 	-0.00016802 	5.94469e-05
2.88294 	0.0288796 	-0.000168051 	5.93672e-05
2.88444 	0.0288598 	-0.000168083 	5.92875e-05
2.88594 	0.0288399 	-0.000168115 	5.92078e-05
2.88744 	0.0288201 	-0.000168147 	5.91281e-05
2.88894 	0.0288002 	-0.000168179 	5.90484e-05
2.89045 	0.0287809 	-0.000167416 	5.89814e-05
2.89195 	0.0287615 	-0.00016658 	5.89155e-05
2.89345 	0.0287422 	-0.000165744 	5.88497e-05
2.89495 	0.0287229 	-0.000164908 	5.87838e-05
2.89645 	0.0287036 	-0.000164072 	5.87179e-05
2.89795 	0.0286714 	-0.000163382 	5.86662e-05
2.89945 	0.0286222 	-0.000162869 	5.8633e-05
2.90095 	0.028573 	-0.000162356 	5.85998e-05
2.90245 	0.0285238 	-0.000161843 	5.85666e-05
2.90395 	0.0284746 	-0.00016133 	5.85333e-05
2.90545 	0.0284254 	-0.000160818 	5.85001e-05
2.90695 	0.0283753 	-0.000159507 	5.84823e-05
2.90845 	0.0283251 	-0.000158153 	5.84653e-05
2.90995 	0.0282749 	-0.0001568 	5.84483e-05
2.91146 	0.0282247 	-0.000155447 	5.84312e-05
2.91296 	0.0281755 	-0.000154203 	5.84191e-05
2.91446 	0.0281325 	-0.000153936 	5.84667e-05
2.91596 	0.0280892 	-0.000153891 	5.85357e-05
2.91746 	0.0280459 	-0.000153846 	5.86048e-05
2.91896 	0.0280026 	-0.000153801 	5.86738e-05
2.92046 	0.0279593 	-0.000153756 	5.87429e-05
2.92196 	0.0279294 	-0.000153973 	5.87793e-05
2.92346 	0.0279031 	-0.000154264 	5.88066e-05
2.92496 	0.0278769 	-0.000154554 	5.88339e-05
2.92646 	0.0278506 	-0.000154845 	5.88613e-05
2.92796 	0.0278063 	-0.000154559 	5.89332e-05
2.92946 	0.027722 	-0.000152939 	5.91016e-05
2.93097 	0.027625 	-0.000150882 	5.92996e-05
2.93247 	0.0275279 	-0.000148824 	5.94977e-05
2.93397 	0.0274309 	-0.000146767 	5.96958e-05
2.93547 	0.0273384 	-0.000145061 	5.98733e-05
2.93697 	0.0272538 	-0.000143968 	6.00149e-05
2.93847 	0.0271691 	-0.000142874 	6.01566e-05
2.93997 	0.0270845 	-0.000141781 	6.02982e-05
2.94147 	0.0270031 	-0.000140597 	6.04224e-05
2.94297 	0.0269316 	-0.000139316 	6.05058e-05
2.94447 	0.0268692 	-0.000138007 	6.05567e-05
2.94597 	0.0268067 	-0.000136699 	6.06075e-05
2.94747 	0.0267442 	-0.00013539 	6.06584e-05
2.94897 	0.0266788 	-0.000134469 	6.06897e-05
2.95048 	0.0266117 	-0.00013376 	6.07104e-05
2.95198 	0.0265446 	-0.000133052 	6.0731e-05
2.95348 	0.0264645 	-0.000132113 	6.07355e-05
2.95498 	0.0263432 	-0.000130444 	6.06886e-05
2.95648 	0.0261712 	-0.000127793 	6.05777e-05
2.95798 	0.0259974 	-0.000125108 	6.04646e-05
2.95948 	0.0258236 	-0.000122422 	6.03514e-05
2.96098 	0.0256403 	-0.000119965 	6.02075e-05
2.96248 	0.0254502 	-0.000117673 	6.00412e-05
2.96398 	0.0252602 	-0.000115381 	5.98749e-05
2.96548 	0.0250869 	-0.000113258 	5.97013e-05
2.96698 	0.0249325 	-0.000111313 	5.95211e-05
2.96848 	0.0248052 	-0.000109562 	5.93383e-05
2.96998 	0.0246779 	-0.000107812 	5.91554e-05
2.97149 	0.0245489 	-0.000106106 	5.89663e-05
2.97299 	0.0244079 	-0.000104721 	5.8732e-05
2.97449 	0.0242668 	-0.000103336 	5.84978e-05
2.97599 	0.0240793 	-0.000101479 	5.81658e-05
2.97749 	0.0238243 	-9.8937e-05 	5.76916e-05
2.97899 	0.0234642 	-9.52551e-05 	5.7013e-05
2.98049 	0.0230963 	-9.14876e-05 	5.6319e-05
2.98199 	0.022718 	-8.77286e-05 	5.56034e-05
2.98349 	0.0223059 	-8.3997e-05 	5.48169e-05
2.98499 	0.0218938 	-8.02653e-05 	5.40304e-05
2.98649 	0.021543 	-7.7197e-05 	5.33293e-05
2.98799 	0.0212278 	-7.44892e-05 	5.26838e-05
2.98949 	0.0209655 	-7.22923e-05 	5.21273e-05
2.991 	0.0207033 	-7.00953e-05 	5.15708e-05
2.9925 	0.020401 	-6.78861e-05 	5.09524e-05
2.994 	0.0200927 	-6.56751e-05 	5.03249e-05
2.9955 	0.0175049 	-5.66442e-05 	4.39243e-05
2.997 	0.0134418 	-4.31704e-05 	3.37841e-05
2.9985 	0.00672088 	-2.15852e-05 	1.6892e-05
3 	0 	0 	0
