0 	0 	0 	0
0.00150075 	-0.00033989 	-2.96107e-07 	1.68684e-06
0.0030015 	-0.000679781 	-5.92213e-07 	3.37368e-06
0.00450225 	-0.00102234 	-9.42189e-07 	5.05908e-06
0.006003 	-0.00138653 	-2.02513e-06 	6.81291e-06
0.00750375 	-0.00175218 	-3.19403e-06 	8.58118e-06
0.0090045 	-0.00211772 	-4.36346e-06 	1.03497e-05
0.0105053 	-0.00244672 	-5.71011e-06 	1.2211e-05
0.012006 	-0.00277572 	-7.05677e-06 	1.40723e-05
0.0135068 	-0.00310472 	-8.40343e-06 	1.59336e-05
0.0150075 	-0.00336564 	-1.09121e-05 	1.70901e-05
0.0165083 	-0.0036025 	-1.39261e-05 	1.79931e-05
0.018009 	-0.00383936 	-1.69401e-05 	1.88962e-05
0.0195098 	-0.00405911 	-2.0257e-05 	1.98633e-05
0.0210105 	-0.00426223 	-2.38686e-05 	2.08927e-05
0.0225113 	-0.00446536 	-2.74801e-05 	2.19222e-05
0.024012 	-0.00465372 	-3.09078e-05 	2.28616e-05
0.0255128 	-0.00476015 	-3.37084e-05 	2.32016e-05
0.0270135 	-0.00484926 	-3.64559e-05 	2.33947e-05
0.0285143 	-0.00493837 	-3.92035e-05 	2.35879e-05
0.030015 	-0.00501431 	-4.25196e-05 	2.37732e-05
0.0315158 	-0.00507563 	-4.64676e-05 	2.39499e-05
0.0330165 	-0.00513694 	-5.04155e-05 	2.41265e-05
0.0345173 	-0.00519819 	-5.43481e-05 	2.43074e-05
0.036018 	-0.00525527 	-5.76628e-05 	2.46589e-05
0.0375188 	-0.00530854 	-6.08576e-05 	2.50334e-05
0.0390195 	-0.0053618 	-6.40525e-05 	2.54078e-05
0.0405203 	-0.00541506 	-6.72473e-05 	2.57823e-05
0.042021 	-0.00544463 	-7.1819e-05 	2.59904e-05
0.0435218 	-0.00547044 	-7.66084e-05 	2.61722e-05
0.0450225 	-0.00549626 	-8.13979e-05 	2.63541e-05
0.0465233 	-0.00552271 	-8.62657e-05 	2.66336e-05
0.048024 	-0.00555203 	-9.16998e-05 	2.74404e-05
0.0495248 	-0.00558209 	-9.77601e-05 	2.85883e-05
0.0510255 	-0.00561215 	-0.00010382 	2.97361e-05
0.0525263 	-0.00564221 	-0.000109881 	3.08839e-05
0.054027 	-0.00565542 	-0.000117177 	3.19052e-05
0.0555278 	-0.00565889 	-0.000125187 	3.28534e-05
0.0570285 	-0.00566237 	-0.000133198 	3.38016e-05
0.0585293 	-0.00566585 	-0.000141208 	3.47498e-05
0.06003 	-0.00567146 	-0.000147502 	3.56719e-05
0.0615308 	-0.00567873 	-0.000152119 	3.66381e-05
0.0630315 	-0.00568661 	-0.00015603 	3.76376e-05
0.0645323 	-0.00569449 	-0.000159941 	3.86371e-05
0.066033 	-0.00570237 	-0.000163852 	3.96367e-05
0.0675338 	-0.00569195 	-0.000169645 	4.06563e-05
0.0690345 	-0.00567512 	-0.0001761 	4.16829e-05
0.0705353 	-0.00565828 	-0.000182554 	4.27095e-05
0.072036 	-0.00564144 	-0.000189009 	4.37362e-05
0.0735368 	-0.00563002 	-0.000194633 	4.46835e-05
0.0750375 	-0.00562346 	-0.000199542 	4.55902e-05
0.0765383 	-0.005623 	-0.000203616 	4.65126e-05
0.078039 	-0.00562254 	-0.000207689 	4.7435e-05
0.0795398 	-0.00562208 	-0.000211762 	4.83575e-05
0.0810405 	-0.00561849 	-0.000216189 	4.93113e-05
0.0825413 	-0.00559502 	-0.000222861 	5.04646e-05
0.084042 	-0.00557155 	-0.000229533 	5.16179e-05
0.0855428 	-0.00554808 	-0.000236205 	5.27712e-05
0.0870435 	-0.00552461 	-0.000242877 	5.39245e-05
0.0885443 	-0.00550849 	-0.000248503 	5.48421e-05
0.090045 	-0.00549474 	-0.000253797 	5.56939e-05
0.0915458 	-0.00548894 	-0.000258011 	5.64125e-05
0.0930465 	-0.00548315 	-0.000262225 	5.71311e-05
0.0945473 	-0.00547735 	-0.000266439 	5.78497e-05
0.096048 	-0.00547156 	-0.000270653 	5.85683e-05
0.0975488 	-0.0054493 	-0.000276782 	5.95871e-05
0.0990495 	-0.00542218 	-0.000283475 	6.06943e-05
0.10055 	-0.00539506 	-0.000290169 	6.18015e-05
0.102051 	-0.00536794 	-0.000296862 	6.29088e-05
0.103552 	-0.00534295 	-0.000303285 	6.39201e-05
0.105053 	-0.005325 	-0.000308812 	6.46129e-05
0.106553 	-0.00530808 	-0.000314207 	6.52705e-05
0.108054 	-0.00529898 	-0.000318599 	6.56603e-05
0.109555 	-0.00528989 	-0.000322991 	6.605e-05
0.111056 	-0.0052808 	-0.000327383 	6.64398e-05
0.112556 	-0.0052717 	-0.000331776 	6.68295e-05
0.114057 	-0.00525078 	-0.000337508 	6.74959e-05
0.115558 	-0.00522194 	-0.000344137 	6.83477e-05
0.117059 	-0.00519309 	-0.000350766 	6.91994e-05
0.118559 	-0.00516425 	-0.000357395 	7.00512e-05
0.12006 	-0.00513541 	-0.000364025 	7.09029e-05
0.121561 	-0.00511421 	-0.000369802 	7.14534e-05
0.123062 	-0.00509441 	-0.000375425 	7.19495e-05
0.124562 	-0.00507709 	-0.000380761 	7.23507e-05
0.126063 	-0.00506608 	-0.00038537 	7.25119e-05
0.127564 	-0.00505507 	-0.000389979 	7.2673e-05
0.129065 	-0.00504407 	-0.000394588 	7.28342e-05
0.130565 	-0.00503306 	-0.000399197 	7.29954e-05
0.132066 	-0.00501178 	-0.000404912 	7.33691e-05
0.133567 	-0.00498252 	-0.000411487 	7.3908e-05
0.135068 	-0.00495325 	-0.000418061 	7.44468e-05
0.136568 	-0.00492399 	-0.000424635 	7.49857e-05
0.138069 	-0.00489473 	-0.000431209 	7.55246e-05
0.13957 	-0.00487071 	-0.000437227 	7.59612e-05
0.141071 	-0.00485004 	-0.000442889 	7.63328e-05
0.142571 	-0.00482936 	-0.000448551 	7.67043e-05
0.144072 	-0.00481307 	-0.000453745 	7.69466e-05
0.145573 	-0.00480081 	-0.000458508 	7.70703e-05
0.147074 	-0.00478854 	-0.000463272 	7.7194e-05
0.148574 	-0.00477628 	-0.000468035 	7.73177e-05
0.150075 	-0.00476402 	-0.000472798 	7.74414e-05
0.151576 	-0.00474152 	-0.00047864 	7.76582e-05
0.153077 	-0.00471248 	-0.000485171 	7.79345e-05
0.154577 	-0.00468345 	-0.000491702 	7.82108e-05
0.156078 	-0.00465441 	-0.000498234 	7.8487e-05
0.157579 	-0.00462537 	-0.000504765 	7.87633e-05
0.15908 	-0.00460003 	-0.000510889 	7.89954e-05
0.16058 	-0.00457881 	-0.000516559 	7.91782e-05
0.162081 	-0.00455759 	-0.00052223 	7.93611e-05
0.163582 	-0.00453637 	-0.0005279 	7.95439e-05
0.165083 	-0.00452104 	-0.00053296 	7.95972e-05
0.166583 	-0.00450747 	-0.000537837 	7.96116e-05
0.168084 	-0.00449391 	-0.000542714 	7.96261e-05
0.169585 	-0.00448034 	-0.000547591 	7.96406e-05
0.171086 	-0.00446677 	-0.000552467 	7.96551e-05
0.172586 	-0.00444268 	-0.000558504 	7.9658e-05
0.174087 	-0.00441376 	-0.000565073 	7.96556e-05
0.175588 	-0.00438484 	-0.000571642 	7.96532e-05
0.177089 	-0.00435592 	-0.000578211 	7.96508e-05
0.178589 	-0.004327 	-0.00058478 	7.96485e-05
0.18009 	-0.00430083 	-0.000591011 	7.96143e-05
0.181591 	-0.00427904 	-0.0005967 	7.95292e-05
0.183092 	-0.00425726 	-0.00060239 	7.94442e-05
0.184592 	-0.00423547 	-0.000608079 	7.93592e-05
0.186093 	-0.00421368 	-0.000613768 	7.92741e-05
0.187594 	-0.00419868 	-0.000618704 	7.91407e-05
0.189095 	-0.00418391 	-0.000623613 	7.90056e-05
0.190595 	-0.00416914 	-0.000628523 	7.88705e-05
0.192096 	-0.00415438 	-0.000633432 	7.87354e-05
0.193597 	-0.00413961 	-0.000638341 	7.86003e-05
0.195098 	-0.00411459 	-0.000644495 	7.84721e-05
0.196598 	-0.00408584 	-0.000651102 	7.83465e-05
0.198099 	-0.00405708 	-0.000657709 	7.82209e-05
0.1996 	-0.00402833 	-0.000664316 	7.80953e-05
0.201101 	-0.00399958 	-0.000670923 	7.79697e-05
0.202601 	-0.00397273 	-0.000677261 	7.77951e-05
0.204102 	-0.00395042 	-0.000682962 	7.75039e-05
0.205603 	-0.00392812 	-0.000688663 	7.72128e-05
0.207104 	-0.00390581 	-0.000694363 	7.69216e-05
0.208604 	-0.0038835 	-0.000700064 	7.66304e-05
0.210105 	-0.00386149 	-0.000705726 	7.63372e-05
0.211606 	-0.00384563 	-0.000710615 	7.60012e-05
0.213107 	-0.00382976 	-0.000715503 	7.56651e-05
0.214607 	-0.0038139 	-0.000720392 	7.53291e-05
0.216108 	-0.00379803 	-0.000725281 	7.49931e-05
0.217609 	-0.00378217 	-0.00073017 	7.46571e-05
0.21911 	-0.00375753 	-0.000736252 	7.44477e-05
0.22061 	-0.00372906 	-0.000742855 	7.42937e-05
0.222111 	-0.00370059 	-0.000749458 	7.41396e-05
0.223612 	-0.00367212 	-0.000756062 	7.39856e-05
0.225113 	-0.00364365 	-0.000762665 	7.38315e-05
0.226613 	-0.00361604 	-0.000769117 	7.36327e-05
0.228114 	-0.00359309 	-0.000774752 	7.31922e-05
0.229615 	-0.00357013 	-0.000780387 	7.27516e-05
0.231116 	-0.00354718 	-0.000786022 	7.23111e-05
0.232616 	-0.00352422 	-0.000791656 	7.18705e-05
0.234117 	-0.00350127 	-0.000797291 	7.143e-05
0.235618 	-0.00347831 	-0.000802926 	7.09894e-05
0.237119 	-0.00346071 	-0.000807755 	7.04253e-05
0.238619 	-0.0034434 	-0.00081254 	6.98543e-05
0.24012 	-0.00342609 	-0.000817324 	6.92834e-05
0.241621 	-0.00340877 	-0.000822109 	6.87125e-05
0.243122 	-0.00339146 	-0.000826894 	6.81416e-05
0.244622 	-0.00336835 	-0.00083259 	6.77827e-05
0.246123 	-0.00333983 	-0.000839133 	6.76212e-05
0.247624 	-0.00331132 	-0.000845677 	6.74596e-05
0.249125 	-0.0032828 	-0.00085222 	6.7298e-05
0.250625 	-0.00325429 	-0.000858764 	6.71365e-05
0.252126 	-0.00322577 	-0.000865307 	6.69749e-05
0.253627 	-0.00320138 	-0.000870856 	6.65542e-05
0.255128 	-0.00317736 	-0.000876316 	6.61101e-05
0.256628 	-0.00315334 	-0.000881776 	6.5666e-05
0.258129 	-0.00312932 	-0.000887236 	6.52219e-05
0.25963 	-0.0031053 	-0.000892696 	6.47778e-05
0.261131 	-0.00308128 	-0.000898156 	6.43337e-05
0.262631 	-0.00305726 	-0.000903616 	6.38895e-05
0.264132 	-0.00303603 	-0.000908532 	6.33718e-05
0.265633 	-0.00301662 	-0.000913095 	6.28061e-05
0.267134 	-0.0029972 	-0.000917657 	6.22404e-05
0.268634 	-0.00297779 	-0.00092222 	6.16747e-05
0.270135 	-0.00295837 	-0.000926782 	6.1109e-05
0.271636 	-0.00293753 	-0.000931611 	6.06388e-05
0.273137 	-0.00290814 	-0.000938033 	6.07397e-05
0.274637 	-0.00287875 	-0.000944454 	6.08406e-05
0.276138 	-0.00284936 	-0.000950876 	6.09415e-05
0.277639 	-0.00281998 	-0.000957297 	6.10423e-05
0.27914 	-0.00279059 	-0.000963719 	6.11432e-05
0.28064 	-0.00276462 	-0.000969301 	6.10103e-05
0.282141 	-0.00274165 	-0.000974144 	6.06719e-05
0.283642 	-0.00271868 	-0.000978987 	6.03335e-05
0.285143 	-0.00269571 	-0.00098383 	5.99951e-05
0.286643 	-0.00267274 	-0.000988674 	5.96567e-05
0.288144 	-0.00264977 	-0.000993517 	5.93182e-05
0.289645 	-0.0026268 	-0.00099836 	5.89798e-05
0.291146 	-0.00260383 	-0.0010032 	5.86414e-05
0.292646 	-0.00258086 	-0.00100805 	5.8303e-05
0.294147 	-0.00256171 	-0.00101205 	5.76801e-05
0.295648 	-0.00254274 	-0.00101601 	5.70437e-05
0.297149 	-0.00252377 	-0.00101996 	5.64074e-05
0.298649 	-0.0025048 	-0.00102392 	5.5771e-05
0.30015 	-0.00248583 	-0.00102788 	5.51347e-05
0.301651 	-0.00245985 	-0.00103332 	5.49519e-05
0.303152 	-0.00242734 	-0.00104013 	5.51922e-05
0.304652 	-0.00239482 	-0.00104694 	5.54324e-05
0.306153 	-0.00236231 	-0.00105375 	5.56727e-05
0.307654 	-0.00232979 	-0.00106056 	5.5913e-05
0.309155 	-0.00229728 	-0.00106737 	5.61532e-05
0.310655 	-0.00227268 	-0.00107224 	5.55424e-05
0.312156 	-0.00224846 	-0.00107702 	5.4892e-05
0.313657 	-0.00222423 	-0.00108179 	5.42417e-05
0.315158 	-0.0022 	-0.00108657 	5.35913e-05
0.316658 	-0.00217578 	-0.00109135 	5.29409e-05
0.318159 	-0.00215155 	-0.00109613 	5.22905e-05
0.31966 	-0.00212732 	-0.0011009 	5.16401e-05
0.321161 	-0.00210309 	-0.00110568 	5.09898e-05
0.322661 	-0.00207887 	-0.00111046 	5.03394e-05
0.324162 	-0.00205464 	-0.00111524 	4.9689e-05
0.325663 	-0.00203561 	-0.00111878 	4.83775e-05
0.327164 	-0.00201695 	-0.00112224 	4.70189e-05
0.328664 	-0.00199829 	-0.00112569 	4.56602e-05
0.330165 	-0.00197962 	-0.00112915 	4.43016e-05
0.331666 	-0.00196096 	-0.00113261 	4.2943e-05
0.333167 	-0.00193219 	-0.00113827 	4.22088e-05
0.334667 	-0.00189635 	-0.00114546 	4.19114e-05
0.336168 	-0.00186051 	-0.00115266 	4.1614e-05
0.337669 	-0.00182467 	-0.00115986 	4.13166e-05
0.33917 	-0.00178883 	-0.00116705 	4.10192e-05
0.34067 	-0.00175468 	-0.00117386 	4.06131e-05
0.342171 	-0.00173043 	-0.00117837 	3.95681e-05
0.343672 	-0.00170618 	-0.00118289 	3.85231e-05
0.345173 	-0.00168192 	-0.0011874 	3.74781e-05
0.346673 	-0.00165767 	-0.00119191 	3.64331e-05
0.348174 	-0.00163342 	-0.00119643 	3.53882e-05
0.349675 	-0.00160917 	-0.00120094 	3.43432e-05
0.351176 	-0.00158492 	-0.00120545 	3.32982e-05
0.352676 	-0.00156067 	-0.00120997 	3.22532e-05
0.354177 	-0.00153642 	-0.00121448 	3.12083e-05
0.355678 	-0.00151217 	-0.00121899 	3.01633e-05
0.357179 	-0.00148792 	-0.0012235 	2.91183e-05
0.358679 	-0.00146869 	-0.0012269 	2.77818e-05
0.36018 	-0.00145487 	-0.00122908 	2.61308e-05
0.361681 	-0.00144104 	-0.00123127 	2.44798e-05
0.363182 	-0.00142722 	-0.00123345 	2.28288e-05
0.364682 	-0.0014134 	-0.00123564 	2.11778e-05
0.366183 	-0.00139814 	-0.0012383 	2.00359e-05
0.367684 	-0.00137965 	-0.00124204 	2.0041e-05
0.369185 	-0.00136116 	-0.00124577 	2.0046e-05
0.370685 	-0.00134267 	-0.00124951 	2.00511e-05
0.372186 	-0.00132418 	-0.00125325 	2.00561e-05
0.373687 	-0.00130521 	-0.00125704 	1.99841e-05
0.375188 	-0.00127907 	-0.00126159 	1.87719e-05
0.376688 	-0.00125294 	-0.00126614 	1.75597e-05
0.378189 	-0.0012268 	-0.0012707 	1.63475e-05
0.37969 	-0.00120067 	-0.00127525 	1.51353e-05
0.381191 	-0.00117453 	-0.0012798 	1.39232e-05
0.382691 	-0.0011484 	-0.00128435 	1.2711e-05
0.384192 	-0.00112226 	-0.00128891 	1.14988e-05
0.385693 	-0.00109612 	-0.00129346 	1.02866e-05
0.387194 	-0.00106999 	-0.00129801 	9.07443e-06
0.388694 	-0.00104385 	-0.00130256 	7.86225e-06
0.390195 	-0.00101772 	-0.00130712 	6.65008e-06
0.391696 	-0.000991583 	-0.00131167 	5.4379e-06
0.393197 	-0.000965447 	-0.00131622 	4.22572e-06
0.394697 	-0.000936892 	-0.001321 	2.47511e-06
0.396198 	-0.000906286 	-0.00132598 	2.68006e-07
0.397699 	-0.000875681 	-0.00133095 	-1.9391e-06
0.3992 	-0.000845075 	-0.00133593 	-4.1462e-06
0.4007 	-0.000814469 	-0.0013409 	-6.35331e-06
0.402201 	-0.000784824 	-0.00134624 	-7.47282e-06
0.403702 	-0.000755743 	-0.00135179 	-7.95225e-06
0.405203 	-0.000726662 	-0.00135734 	-8.43168e-06
0.406703 	-0.000697581 	-0.00136289 	-8.91112e-06
0.408204 	-0.000668501 	-0.00136844 	-9.39055e-06
0.409705 	-0.000638159 	-0.00137369 	-1.01857e-05
0.411206 	-0.00060721 	-0.0013788 	-1.11327e-05
0.412706 	-0.000576262 	-0.0013839 	-1.20798e-05
0.414207 	-0.000545313 	-0.00138901 	-1.30268e-05
0.415708 	-0.000514365 	-0.00139412 	-1.39738e-05
0.417209 	-0.000483416 	-0.00139923 	-1.49209e-05
0.418709 	-0.000452468 	-0.00140434 	-1.58679e-05
0.42021 	-0.000421519 	-0.00140944 	-1.68149e-05
0.421711 	-0.000390571 	-0.00141455 	-1.7762e-05
0.423212 	-0.000359622 	-0.00141966 	-1.8709e-05
0.424712 	-0.000328674 	-0.00142477 	-1.9656e-05
0.426213 	-0.000297725 	-0.00142988 	-2.06031e-05
0.427714 	-0.000266776 	-0.00143499 	-2.15501e-05
0.429215 	-0.000235828 	-0.00144009 	-2.24972e-05
0.430715 	-0.000204879 	-0.0014452 	-2.34442e-05
0.432216 	-0.000174014 	-0.00145026 	-2.44036e-05
0.433717 	-0.000144425 	-0.0014546 	-2.55516e-05
0.435218 	-0.000114836 	-0.00145894 	-2.66997e-05
0.436718 	-8.52465e-05 	-0.00146327 	-2.78477e-05
0.438219 	-5.56572e-05 	-0.00146761 	-2.89957e-05
0.43972 	-2.35932e-05 	-0.00147295 	-2.94289e-05
0.441221 	1.08016e-05 	-0.00147924 	-2.91888e-05
0.442721 	4.51964e-05 	-0.00148552 	-2.89487e-05
0.444222 	7.95912e-05 	-0.00149181 	-2.87086e-05
0.445723 	0.000113986 	-0.0014981 	-2.84685e-05
0.447224 	0.000147469 	-0.00150327 	-2.8801e-05
0.448724 	0.000180907 	-0.00150839 	-2.91622e-05
0.450225 	0.000214344 	-0.00151351 	-2.95234e-05
0.451726 	0.000247782 	-0.00151863 	-2.98846e-05
0.453227 	0.00028122 	-0.00152375 	-3.02458e-05
0.454727 	0.000314657 	-0.00152887 	-3.06071e-05
0.456228 	0.000348095 	-0.00153398 	-3.09683e-05
0.457729 	0.000381533 	-0.0015391 	-3.13295e-05
0.45923 	0.00041497 	-0.00154422 	-3.16907e-05
0.46073 	0.000448408 	-0.00154934 	-3.20519e-05
0.462231 	0.000481845 	-0.00155446 	-3.24131e-05
0.463732 	0.000515283 	-0.00155958 	-3.27743e-05
0.465233 	0.000548721 	-0.0015647 	-3.31355e-05
0.466733 	0.000582158 	-0.00156982 	-3.34967e-05
0.468234 	0.000615596 	-0.00157493 	-3.38579e-05
0.469735 	0.000649033 	-0.00158005 	-3.42191e-05
0.471236 	0.000682471 	-0.00158517 	-3.45804e-05
0.472736 	0.000715909 	-0.00159029 	-3.49416e-05
0.474237 	0.000748333 	-0.00159447 	-3.57874e-05
0.475738 	0.000780753 	-0.00159864 	-3.66354e-05
0.477239 	0.000813174 	-0.00160281 	-3.74833e-05
0.478739 	0.000845594 	-0.00160699 	-3.83313e-05
0.48024 	0.000881939 	-0.00161305 	-3.7819e-05
0.481741 	0.000918577 	-0.00161925 	-3.7205e-05
0.483242 	0.000955215 	-0.00162546 	-3.6591e-05
0.484742 	0.000991854 	-0.00163166 	-3.59771e-05
0.486243 	0.00102783 	-0.0016368 	-3.61666e-05
0.487744 	0.0010637 	-0.00164179 	-3.64738e-05
0.489245 	0.00109958 	-0.00164678 	-3.6781e-05
0.490745 	0.00113546 	-0.00165176 	-3.70883e-05
0.492246 	0.00117133 	-0.00165675 	-3.73955e-05
0.493747 	0.00120721 	-0.00166173 	-3.77027e-05
0.495248 	0.00124309 	-0.00166672 	-3.80099e-05
0.496748 	0.00127896 	-0.0016717 	-3.83172e-05
0.498249 	0.00131484 	-0.00167669 	-3.86244e-05
0.49975 	0.00135072 	-0.00168167 	-3.89316e-05
0.501251 	0.00138659 	-0.00168666 	-3.92389e-05
0.502751 	0.00142247 	-0.00169165 	-3.95461e-05
0.504252 	0.00145835 	-0.00169663 	-3.98533e-05
0.505753 	0.00149422 	-0.00170162 	-4.01605e-05
0.507254 	0.0015301 	-0.0017066 	-4.04678e-05
0.508754 	0.00156598 	-0.00171159 	-4.0775e-05
0.510255 	0.00160185 	-0.00171657 	-4.10822e-05
0.511756 	0.00163773 	-0.00172156 	-4.13895e-05
0.513257 	0.0016736 	-0.00172655 	-4.16967e-05
0.514757 	0.00170948 	-0.00173153 	-4.20039e-05
0.516258 	0.00174511 	-0.00173619 	-4.25745e-05
0.517759 	0.00178018 	-0.00174013 	-4.37443e-05
0.51926 	0.00181525 	-0.00174406 	-4.4914e-05
0.52076 	0.00185032 	-0.00174799 	-4.60838e-05
0.522261 	0.00188842 	-0.00175371 	-4.60846e-05
0.523762 	0.00192706 	-0.00175974 	-4.58794e-05
0.525263 	0.0019657 	-0.00176578 	-4.56742e-05
0.526763 	0.0020041 	-0.00177126 	-4.58266e-05
0.528264 	0.00204219 	-0.00177599 	-4.64738e-05
0.529765 	0.00208027 	-0.00178072 	-4.7121e-05
0.531266 	0.00211835 	-0.00178545 	-4.77682e-05
0.532766 	0.00215643 	-0.00179018 	-4.84154e-05
0.534267 	0.00219452 	-0.0017949 	-4.90626e-05
0.535768 	0.0022326 	-0.00179963 	-4.97098e-05
0.537269 	0.00227068 	-0.00180436 	-5.0357e-05
0.538769 	0.00230877 	-0.00180909 	-5.10042e-05
0.54027 	0.00234685 	-0.00181382 	-5.16514e-05
0.541771 	0.00238493 	-0.00181855 	-5.22986e-05
0.543272 	0.00242301 	-0.00182328 	-5.29458e-05
0.544772 	0.0024611 	-0.001828 	-5.3593e-05
0.546273 	0.00249918 	-0.00183273 	-5.42402e-05
0.547774 	0.00253726 	-0.00183746 	-5.48874e-05
0.549275 	0.00257535 	-0.00184219 	-5.55346e-05
0.550775 	0.00261343 	-0.00184692 	-5.61818e-05
0.552276 	0.00265151 	-0.00185165 	-5.6829e-05
0.553777 	0.00268959 	-0.00185638 	-5.74762e-05
0.555278 	0.00272768 	-0.0018611 	-5.81234e-05
0.556778 	0.00276576 	-0.00186583 	-5.87706e-05
0.558279 	0.00280384 	-0.00187056 	-5.94178e-05
0.55978 	0.00284193 	-0.00187529 	-6.0065e-05
0.561281 	0.00288001 	-0.00188002 	-6.07122e-05
0.562781 	0.00291769 	-0.00188368 	-6.2141e-05
0.564282 	0.00295535 	-0.0018873 	-6.36015e-05
0.565783 	0.00299382 	-0.0018915 	-6.47384e-05
0.567284 	0.0030346 	-0.00189738 	-6.4939e-05
0.568784 	0.00307538 	-0.00190327 	-6.51396e-05
0.570285 	0.00311414 	-0.00190807 	-6.55616e-05
0.571786 	0.00315146 	-0.00191211 	-6.61396e-05
0.573287 	0.00318878 	-0.00191615 	-6.67176e-05
0.574787 	0.00322611 	-0.00192019 	-6.72956e-05
0.576288 	0.00326343 	-0.00192423 	-6.78735e-05
0.577789 	0.00330075 	-0.00192828 	-6.84515e-05
0.57929 	0.00333807 	-0.00193232 	-6.90295e-05
0.58079 	0.0033754 	-0.00193636 	-6.96075e-05
0.582291 	0.00341272 	-0.0019404 	-7.01854e-05
0.583792 	0.00345004 	-0.00194444 	-7.07634e-05
0.585293 	0.00348736 	-0.00194848 	-7.13414e-05
0.586793 	0.00352469 	-0.00195252 	-7.19194e-05
0.588294 	0.00356201 	-0.00195657 	-7.24973e-05
0.589795 	0.00359933 	-0.00196061 	-7.30753e-05
0.591296 	0.00363665 	-0.00196465 	-7.36533e-05
0.592796 	0.00367398 	-0.00196869 	-7.42313e-05
0.594297 	0.0037113 	-0.00197273 	-7.48092e-05
0.595798 	0.00374862 	-0.00197677 	-7.53872e-05
0.597299 	0.00378595 	-0.00198082 	-7.59652e-05
0.598799 	0.00382327 	-0.00198486 	-7.65432e-05
0.6003 	0.00386059 	-0.0019889 	-7.71211e-05
0.601801 	0.00389791 	-0.00199294 	-7.76991e-05
0.603302 	0.00393524 	-0.00199698 	-7.82771e-05
0.604802 	0.00397256 	-0.00200102 	-7.88551e-05
0.606303 	0.00400988 	-0.00200506 	-7.9433e-05
0.607804 	0.0040472 	-0.00200911 	-8.0011e-05
0.609305 	0.00408453 	-0.00201315 	-8.0589e-05
0.610805 	0.00412243 	-0.00201616 	-8.15072e-05
0.612306 	0.00416149 	-0.00201947 	-8.23643e-05
0.613807 	0.0042073 	-0.0020249 	-8.27347e-05
0.615308 	0.00424915 	-0.00202953 	-8.30223e-05
0.616808 	0.00428442 	-0.00203282 	-8.31718e-05
0.618309 	0.00431969 	-0.00203611 	-8.33212e-05
0.61981 	0.00435495 	-0.0020394 	-8.34707e-05
0.621311 	0.00439022 	-0.00204268 	-8.36202e-05
0.622811 	0.00442549 	-0.00204597 	-8.37696e-05
0.624312 	0.00446075 	-0.00204926 	-8.39191e-05
0.625813 	0.00449602 	-0.00205254 	-8.40685e-05
0.627314 	0.00453129 	-0.00205583 	-8.4218e-05
0.628814 	0.00456655 	-0.00205912 	-8.43674e-05
0.630315 	0.00460182 	-0.0020624 	-8.45169e-05
0.631816 	0.00463709 	-0.00206569 	-8.46663e-05
0.633317 	0.00467235 	-0.00206898 	-8.48158e-05
0.634817 	0.00470762 	-0.00207227 	-8.49652e-05
0.636318 	0.00474289 	-0.00207555 	-8.51147e-05
0.637819 	0.00477816 	-0.00207884 	-8.52642e-05
0.63932 	0.00481342 	-0.00208213 	-8.54136e-05
0.64082 	0.00484869 	-0.00208541 	-8.55631e-05
0.642321 	0.00488396 	-0.0020887 	-8.57125e-05
0.643822 	0.00491922 	-0.00209199 	-8.5862e-05
0.645323 	0.00495449 	-0.00209528 	-8.60114e-05
0.646823 	0.00498976 	-0.00209856 	-8.61609e-05
0.648324 	0.00502502 	-0.00210185 	-8.63103e-05
0.649825 	0.00506029 	-0.00210514 	-8.64598e-05
0.651326 	0.00509556 	-0.00210842 	-8.66093e-05
0.652826 	0.00513082 	-0.00211171 	-8.67587e-05
0.654327 	0.00516609 	-0.002115 	-8.69082e-05
0.655828 	0.00520136 	-0.00211829 	-8.70576e-05
0.657329 	0.00523662 	-0.00212157 	-8.72071e-05
0.658829 	0.00527189 	-0.00212486 	-8.73565e-05
0.66033 	0.00530564 	-0.00212777 	-8.74956e-05
0.661831 	0.00533324 	-0.00213009 	-8.76934e-05
0.663332 	0.00537135 	-0.00213331 	-8.748e-05
0.664832 	0.00541257 	-0.00213661 	-8.71379e-05
0.666333 	0.00545378 	-0.00213992 	-8.67958e-05
0.667834 	0.005495 	-0.00214323 	-8.64537e-05
0.669335 	0.00553622 	-0.00214653 	-8.61116e-05
0.670835 	0.00557744 	-0.00214984 	-8.57695e-05
0.672336 	0.00561866 	-0.00215315 	-8.54274e-05
0.673837 	0.00565987 	-0.00215645 	-8.50853e-05
0.675338 	0.00570109 	-0.00215976 	-8.47432e-05
0.676838 	0.00574231 	-0.00216307 	-8.44011e-05
0.678339 	0.00578353 	-0.00216637 	-8.40589e-05
0.67984 	0.00582474 	-0.00216968 	-8.37168e-05
0.681341 	0.00586596 	-0.00217299 	-8.33747e-05
0.682841 	0.00590718 	-0.00217629 	-8.30326e-05
0.684342 	0.0059484 	-0.0021796 	-8.26905e-05
0.685843 	0.00598961 	-0.00218291 	-8.23484e-05
0.687344 	0.00603083 	-0.00218621 	-8.20063e-05
0.688844 	0.00607205 	-0.00218952 	-8.16642e-05
0.690345 	0.00611327 	-0.00219283 	-8.13221e-05
0.691846 	0.00615449 	-0.00219613 	-8.098e-05
0.693347 	0.00619536 	-0.00219943 	-8.06532e-05
0.694847 	0.00623613 	-0.00220272 	-8.03305e-05
0.696348 	0.00627691 	-0.00220601 	-8.00078e-05
0.697849 	0.00631769 	-0.0022093 	-7.9685e-05
0.69935 	0.00635847 	-0.00221259 	-7.93623e-05
0.70085 	0.00639925 	-0.00221588 	-7.90396e-05
0.702351 	0.00644002 	-0.00221917 	-7.87169e-05
0.703852 	0.0064808 	-0.00222246 	-7.83942e-05
0.705353 	0.00652158 	-0.00222575 	-7.80715e-05
0.706853 	0.00656236 	-0.00222904 	-7.77487e-05
0.708354 	0.00660314 	-0.00223232 	-7.7426e-05
0.709855 	0.00664391 	-0.00223561 	-7.71033e-05
0.711356 	0.00668469 	-0.0022389 	-7.67806e-05
0.712856 	0.00673067 	-0.00224244 	-7.60374e-05
0.714357 	0.00677763 	-0.0022457 	-7.51696e-05
0.715858 	0.0068248 	-0.00224881 	-7.4221e-05
0.717359 	0.00687197 	-0.00225191 	-7.32725e-05
0.718859 	0.00691914 	-0.00225502 	-7.23239e-05
0.72036 	0.00696631 	-0.00225813 	-7.13754e-05
0.721861 	0.00701347 	-0.00226123 	-7.04269e-05
0.723362 	0.00706064 	-0.00226434 	-6.94783e-05
0.724862 	0.00710781 	-0.00226745 	-6.85298e-05
0.726363 	0.00715498 	-0.00227055 	-6.75812e-05
0.727864 	0.00720215 	-0.00227366 	-6.66327e-05
0.729365 	0.00724932 	-0.00227677 	-6.56842e-05
0.730865 	0.00729649 	-0.00227987 	-6.47356e-05
0.732366 	0.00734366 	-0.00228298 	-6.37871e-05
0.733867 	0.00739083 	-0.00228609 	-6.28386e-05
0.735368 	0.007438 	-0.00228919 	-6.189e-05
0.736868 	0.00748517 	-0.0022923 	-6.09415e-05
0.738369 	0.00753233 	-0.00229541 	-5.99929e-05
0.73987 	0.0075795 	-0.00229851 	-5.90444e-05
0.741371 	0.00762667 	-0.00230162 	-5.80959e-05
0.742871 	0.00767384 	-0.00230473 	-5.71473e-05
0.744372 	0.00772101 	-0.00230783 	-5.61988e-05
0.745873 	0.00776818 	-0.00231094 	-5.52502e-05
0.747374 	0.00781535 	-0.00231405 	-5.43017e-05
0.748874 	0.00786252 	-0.00231715 	-5.33532e-05
0.750375 	0.00790969 	-0.00232026 	-5.24046e-05
0.751876 	0.00795686 	-0.00232337 	-5.14561e-05
0.753377 	0.00800402 	-0.00232647 	-5.05076e-05
0.754877 	0.00805119 	-0.00232958 	-4.9559e-05
0.756378 	0.00809836 	-0.00233269 	-4.86105e-05
0.757879 	0.00814553 	-0.00233579 	-4.76619e-05
0.75938 	0.0081927 	-0.0023389 	-4.67134e-05
0.76088 	0.00823987 	-0.00234201 	-4.57649e-05
0.762381 	0.00828704 	-0.00234511 	-4.48163e-05
0.763882 	0.00833587 	-0.0023477 	-4.35295e-05
0.765383 	0.00838606 	-0.00234986 	-4.19669e-05
0.766883 	0.00843474 	-0.00235308 	-4.04896e-05
0.768384 	0.00848299 	-0.00235661 	-3.90366e-05
0.769885 	0.00853132 	-0.00235918 	-3.79212e-05
0.771386 	0.00857968 	-0.00236148 	-3.6898e-05
0.772886 	0.00862803 	-0.00236378 	-3.58748e-05
0.774387 	0.00867639 	-0.00236608 	-3.48517e-05
0.775888 	0.00872474 	-0.00236838 	-3.38285e-05
0.777389 	0.0087731 	-0.00237068 	-3.28053e-05
0.778889 	0.00882146 	-0.00237298 	-3.17821e-05
0.78039 	0.00886981 	-0.00237528 	-3.07589e-05
0.781891 	0.00891817 	-0.00237759 	-2.97357e-05
0.783392 	0.00896652 	-0.00237989 	-2.87125e-05
0.784892 	0.00901488 	-0.00238219 	-2.76893e-05
0.786393 	0.00906323 	-0.00238449 	-2.66661e-05
0.787894 	0.00911159 	-0.00238679 	-2.5643e-05
0.789395 	0.00915994 	-0.00238909 	-2.46198e-05
0.790895 	0.0092083 	-0.00239139 	-2.35966e-05
0.792396 	0.00925665 	-0.00239369 	-2.25734e-05
0.793897 	0.00930501 	-0.00239599 	-2.15502e-05
0.795398 	0.00935336 	-0.0023983 	-2.0527e-05
0.796898 	0.00940172 	-0.0024006 	-1.95038e-05
0.798399 	0.00945008 	-0.0024029 	-1.84806e-05
0.7999 	0.00949843 	-0.0024052 	-1.74575e-05
0.801401 	0.00954679 	-0.0024075 	-1.64343e-05
0.802901 	0.00959514 	-0.0024098 	-1.54111e-05
0.804402 	0.0096435 	-0.0024121 	-1.43879e-05
0.805903 	0.00969185 	-0.0024144 	-1.33647e-05
0.807404 	0.00974021 	-0.0024167 	-1.23415e-05
0.808904 	0.00978856 	-0.00241901 	-1.13183e-05
0.810405 	0.00983692 	-0.00242131 	-1.02951e-05
0.811906 	0.00988527 	-0.00242361 	-9.27195e-06
0.813407 	0.00993363 	-0.00242591 	-8.24876e-06
0.814907 	0.00998198 	-0.00242821 	-7.22557e-06
0.816408 	0.0100303 	-0.00243051 	-6.20238e-06
0.817909 	0.0100802 	-0.00243163 	-5.71573e-06
0.81941 	0.0101301 	-0.00243274 	-5.2385e-06
0.82091 	0.01018 	-0.00243384 	-4.76127e-06
0.822411 	0.0102285 	-0.00243585 	-4.12477e-06
0.823912 	0.0102765 	-0.00243817 	-3.43399e-06
0.825413 	0.0103246 	-0.00244049 	-2.74321e-06
0.826913 	0.0103727 	-0.00244273 	-2.05047e-06
0.828414 	0.0104215 	-0.00244421 	-1.34132e-06
0.829915 	0.0104703 	-0.00244569 	-6.32165e-07
0.831416 	0.0105191 	-0.00244717 	7.69877e-08
0.832916 	0.0105679 	-0.00244865 	7.8614e-07
0.834417 	0.0106167 	-0.00245013 	1.49529e-06
0.835918 	0.0106654 	-0.00245162 	2.20444e-06
0.837419 	0.0107142 	-0.0024531 	2.9136e-06
0.838919 	0.010763 	-0.00245458 	3.62275e-06
0.84042 	0.0108118 	-0.00245606 	4.3319e-06
0.841921 	0.0108606 	-0.00245754 	5.04105e-06
0.843422 	0.0109094 	-0.00245903 	5.75021e-06
0.844922 	0.0109582 	-0.00246051 	6.45936e-06
0.846423 	0.0110069 	-0.00246199 	7.16851e-06
0.847924 	0.0110557 	-0.00246347 	7.87766e-06
0.849425 	0.0111045 	-0.00246495 	8.58681e-06
0.850925 	0.0111533 	-0.00246643 	9.29597e-06
0.852426 	0.0112021 	-0.00246792 	1.00051e-05
0.853927 	0.0112509 	-0.0024694 	1.07143e-05
0.855428 	0.0112997 	-0.00247088 	1.14234e-05
0.856928 	0.0113484 	-0.00247236 	1.21326e-05
0.858429 	0.0113972 	-0.00247384 	1.28417e-05
0.85993 	0.011446 	-0.00247533 	1.35509e-05
0.861431 	0.0114948 	-0.00247681 	1.426e-05
0.862931 	0.0115436 	-0.00247829 	1.49692e-05
0.864432 	0.0115924 	-0.00247977 	1.56783e-05
0.865933 	0.0116412 	-0.00248125 	1.63875e-05
0.867434 	0.01169 	-0.00248273 	1.70966e-05
0.868934 	0.0117387 	-0.00248422 	1.78058e-05
0.870435 	0.0117875 	-0.0024857 	1.85149e-05
0.871936 	0.0118358 	-0.00248699 	1.92048e-05
0.873437 	0.0118818 	-0.00248751 	1.98162e-05
0.874937 	0.0119278 	-0.00248804 	2.04276e-05
0.876438 	0.0119738 	-0.00248856 	2.1039e-05
0.877939 	0.0120198 	-0.00248909 	2.16504e-05
0.87944 	0.0120677 	-0.00248993 	2.22787e-05
0.88094 	0.0121193 	-0.0024914 	2.29395e-05
0.882441 	0.012171 	-0.00249286 	2.36003e-05
0.883942 	0.0122227 	-0.00249433 	2.42611e-05
0.885443 	0.0122743 	-0.00249579 	2.49219e-05
0.886943 	0.012326 	-0.00249726 	2.55827e-05
0.888444 	0.0123725 	-0.0024981 	2.61477e-05
0.889945 	0.0124183 	-0.00249886 	2.66998e-05
0.891446 	0.0124641 	-0.00249961 	2.7252e-05
0.892946 	0.01251 	-0.00250037 	2.78042e-05
0.894447 	0.0125558 	-0.00250113 	2.83564e-05
0.895948 	0.0126016 	-0.00250189 	2.89085e-05
0.897449 	0.0126474 	-0.00250264 	2.94607e-05
0.898949 	0.0126933 	-0.0025034 	3.00129e-05
0.90045 	0.0127391 	-0.00250416 	3.05651e-05
0.901951 	0.0127849 	-0.00250492 	3.11172e-05
0.903452 	0.0128307 	-0.00250568 	3.16694e-05
0.904952 	0.0128766 	-0.00250643 	3.22216e-05
0.906453 	0.0129224 	-0.00250719 	3.27738e-05
0.907954 	0.0129682 	-0.00250795 	3.33259e-05
0.909455 	0.0130141 	-0.00250871 	3.38781e-05
0.910955 	0.0130599 	-0.00250946 	3.44303e-05
0.912456 	0.0131057 	-0.00251022 	3.49825e-05
0.913957 	0.0131515 	-0.00251098 	3.55346e-05
0.915458 	0.0131974 	-0.00251174 	3.60868e-05
0.916958 	0.0132432 	-0.0025125 	3.6639e-05
0.918459 	0.013289 	-0.00251325 	3.71911e-05
0.91996 	0.0133349 	-0.00251401 	3.77433e-05
0.921461 	0.0133807 	-0.00251477 	3.82955e-05
0.922961 	0.0134265 	-0.00251553 	3.88477e-05
0.924462 	0.0134723 	-0.00251628 	3.93998e-05
0.925963 	0.0135182 	-0.00251704 	3.9952e-05
0.927464 	0.013564 	-0.0025178 	4.05042e-05
0.928964 	0.0136072 	-0.00251836 	4.09918e-05
0.930465 	0.0136432 	-0.00251837 	4.12959e-05
0.931966 	0.0136791 	-0.00251838 	4.16001e-05
0.933467 	0.0137151 	-0.00251839 	4.19043e-05
0.934967 	0.013751 	-0.0025184 	4.22084e-05
0.936468 	0.013787 	-0.00251841 	4.25126e-05
0.937969 	0.013823 	-0.00251842 	4.28168e-05
0.93947 	0.0138578 	-0.00251882 	4.32052e-05
0.94097 	0.0138921 	-0.00251944 	4.36416e-05
0.942471 	0.0139264 	-0.00252006 	4.4078e-05
0.943972 	0.0139607 	-0.00252068 	4.45145e-05
0.945473 	0.013995 	-0.0025213 	4.49509e-05
0.946973 	0.0140293 	-0.00252192 	4.53873e-05
0.948474 	0.0140636 	-0.00252254 	4.58238e-05
0.949975 	0.0140993 	-0.00252308 	4.61789e-05
0.951476 	0.0141411 	-0.00252329 	4.61952e-05
0.952976 	0.0141828 	-0.0025235 	4.62116e-05
0.954477 	0.0142245 	-0.00252371 	4.62279e-05
0.955978 	0.0142662 	-0.00252391 	4.62442e-05
0.957479 	0.014308 	-0.00252412 	4.62605e-05
0.958979 	0.0143497 	-0.00252433 	4.62768e-05
0.96048 	0.0143914 	-0.00252454 	4.62932e-05
0.961981 	0.0144331 	-0.00252475 	4.63095e-05
0.963482 	0.0144749 	-0.00252496 	4.63258e-05
0.964982 	0.0145166 	-0.00252516 	4.63421e-05
0.966483 	0.0145583 	-0.00252537 	4.63584e-05
0.967984 	0.0146001 	-0.00252558 	4.63747e-05
0.969485 	0.0146418 	-0.00252579 	4.63911e-05
0.970985 	0.0146835 	-0.002526 	4.64074e-05
0.972486 	0.0147252 	-0.0025262 	4.64237e-05
0.973987 	0.014767 	-0.00252641 	4.644e-05
0.975488 	0.0148087 	-0.00252662 	4.64563e-05
0.976988 	0.0148504 	-0.00252683 	4.64727e-05
0.978489 	0.0148921 	-0.00252704 	4.6489e-05
0.97999 	0.0149339 	-0.00252725 	4.65053e-05
0.981491 	0.0149756 	-0.00252745 	4.65216e-05
0.982991 	0.0150173 	-0.00252766 	4.65379e-05
0.984492 	0.015059 	-0.00252787 	4.65543e-05
0.985993 	0.0151008 	-0.00252808 	4.65706e-05
0.987494 	0.0151458 	-0.00252821 	4.64669e-05
0.988994 	0.0152006 	-0.00252811 	4.60031e-05
0.990495 	0.0152554 	-0.00252801 	4.55393e-05
0.991996 	0.0153102 	-0.00252791 	4.50755e-05
0.993497 	0.0153651 	-0.0025278 	4.46118e-05
0.994997 	0.0154199 	-0.0025277 	4.4148e-05
0.996498 	0.0154747 	-0.0025276 	4.36842e-05
0.997999 	0.0155295 	-0.0025275 	4.32204e-05
0.9995 	0.0155844 	-0.0025274 	4.27567e-05
1.001 	0.0156324 	-0.0025275 	4.23292e-05
1.0025 	0.0156777 	-0.00252769 	4.19159e-05
1.004 	0.015723 	-0.00252787 	4.15025e-05
1.0055 	0.0157683 	-0.00252806 	4.10892e-05
1.007 	0.0158137 	-0.00252824 	4.06759e-05
1.0085 	0.015859 	-0.00252842 	4.02625e-05
1.01001 	0.0159043 	-0.00252861 	3.98492e-05
1.01151 	0.0159496 	-0.00252879 	3.94359e-05
1.01301 	0.015995 	-0.00252898 	3.90226e-05
1.01451 	0.0160403 	-0.00252908 	3.85942e-05
1.01601 	0.0160853 	-0.0025287 	3.80726e-05
1.01751 	0.0161303 	-0.00252832 	3.75511e-05
1.01901 	0.0161754 	-0.00252795 	3.70296e-05
1.02051 	0.0162204 	-0.00252757 	3.6508e-05
1.02201 	0.0162655 	-0.00252719 	3.59865e-05
1.02351 	0.0163105 	-0.00252681 	3.5465e-05
1.02501 	0.0163555 	-0.00252643 	3.49434e-05
1.02651 	0.0164006 	-0.00252605 	3.44219e-05
1.02801 	0.0164456 	-0.00252567 	3.39004e-05
1.02951 	0.0164906 	-0.00252529 	3.33788e-05
1.03102 	0.0165357 	-0.00252491 	3.28573e-05
1.03252 	0.0165807 	-0.00252454 	3.23358e-05
1.03402 	0.0166258 	-0.00252416 	3.18142e-05
1.03552 	0.0166708 	-0.00252378 	3.12927e-05
1.03702 	0.0167158 	-0.0025234 	3.07712e-05
1.03852 	0.0167609 	-0.00252302 	3.02496e-05
1.04002 	0.0168059 	-0.00252264 	2.97281e-05
1.04152 	0.0168509 	-0.00252226 	2.92066e-05
1.04302 	0.016896 	-0.00252188 	2.8685e-05
1.04452 	0.016941 	-0.0025215 	2.81635e-05
1.04602 	0.0169861 	-0.00252113 	2.7642e-05
1.04752 	0.0170324 	-0.00252061 	2.71209e-05
1.04902 	0.0170825 	-0.00251968 	2.6601e-05
1.05053 	0.0171326 	-0.00251875 	2.60812e-05
1.05203 	0.0171827 	-0.00251783 	2.55613e-05
1.05353 	0.0172328 	-0.0025169 	2.50414e-05
1.05503 	0.0172829 	-0.00251597 	2.45216e-05
1.05653 	0.0173331 	-0.00251504 	2.40017e-05
1.05803 	0.0173832 	-0.00251412 	2.34819e-05
1.05953 	0.0174333 	-0.00251319 	2.2962e-05
1.06103 	0.0174834 	-0.00251226 	2.24422e-05
1.06253 	0.0175335 	-0.00251133 	2.19223e-05
1.06403 	0.0175825 	-0.00251058 	2.12352e-05
1.06553 	0.017631 	-0.00250989 	2.04731e-05
1.06703 	0.0176795 	-0.00250921 	1.9711e-05
1.06853 	0.017728 	-0.00250853 	1.89489e-05
1.07004 	0.0177764 	-0.00250785 	1.81868e-05
1.07154 	0.0178249 	-0.00250717 	1.74247e-05
1.07304 	0.0178734 	-0.00250648 	1.66626e-05
1.07454 	0.0179219 	-0.0025058 	1.59005e-05
1.07604 	0.0179704 	-0.00250512 	1.51384e-05
1.07754 	0.0180189 	-0.00250444 	1.43763e-05
1.07904 	0.0180674 	-0.00250375 	1.36142e-05
1.08054 	0.0181159 	-0.00250307 	1.28521e-05
1.08204 	0.0181627 	-0.00250191 	1.25278e-05
1.08354 	0.0182091 	-0.00250066 	1.22883e-05
1.08504 	0.0182556 	-0.00249941 	1.20487e-05
1.08654 	0.0183021 	-0.00249816 	1.18091e-05
1.08804 	0.0183486 	-0.00249691 	1.15695e-05
1.08954 	0.0183951 	-0.00249565 	1.13299e-05
1.09105 	0.0184415 	-0.0024944 	1.10903e-05
1.09255 	0.018488 	-0.00249315 	1.08508e-05
1.09405 	0.0185345 	-0.0024919 	1.06112e-05
1.09555 	0.018581 	-0.00249065 	1.03716e-05
1.09705 	0.0186274 	-0.00248939 	1.0132e-05
1.09855 	0.0186739 	-0.00248814 	9.89241e-06
1.10005 	0.0187204 	-0.00248689 	9.65283e-06
1.10155 	0.0187669 	-0.00248564 	9.41324e-06
1.10305 	0.0188134 	-0.00248439 	9.17366e-06
1.10455 	0.0188598 	-0.00248313 	8.93407e-06
1.10605 	0.0189063 	-0.00248188 	8.69449e-06
1.10755 	0.0189528 	-0.00248063 	8.4549e-06
1.10905 	0.0189989 	-0.00247915 	8.48141e-06
1.11056 	0.0190444 	-0.00247729 	8.95837e-06
1.11206 	0.0190898 	-0.00247543 	9.43534e-06
1.11356 	0.0191353 	-0.00247357 	9.9123e-06
1.11506 	0.0191808 	-0.00247172 	1.03893e-05
1.11656 	0.0192262 	-0.00246986 	1.08662e-05
1.11806 	0.0192717 	-0.002468 	1.13432e-05
1.11956 	0.0193172 	-0.00246614 	1.18201e-05
1.12106 	0.0193627 	-0.00246428 	1.22971e-05
1.12256 	0.0194081 	-0.00246242 	1.27741e-05
1.12406 	0.0194536 	-0.00246056 	1.3251e-05
1.12556 	0.0194991 	-0.0024587 	1.3728e-05
1.12706 	0.0195446 	-0.00245684 	1.4205e-05
1.12856 	0.0195892 	-0.00245515 	1.44965e-05
1.13007 	0.0196335 	-0.00245356 	1.46948e-05
1.13157 	0.0196778 	-0.00245196 	1.48932e-05
1.13307 	0.019722 	-0.00245036 	1.50916e-05
1.13457 	0.0197663 	-0.00244876 	1.52899e-05
1.13607 	0.0198106 	-0.00244716 	1.54883e-05
1.13757 	0.0198549 	-0.00244556 	1.56867e-05
1.13907 	0.0198991 	-0.00244397 	1.58851e-05
1.14057 	0.0199434 	-0.00244237 	1.60834e-05
1.14207 	0.0199877 	-0.00244077 	1.62818e-05
1.14357 	0.020032 	-0.00243917 	1.64802e-05
1.14507 	0.0200762 	-0.00243757 	1.66785e-05
1.14657 	0.0201205 	-0.00243598 	1.68769e-05
1.14807 	0.0201648 	-0.00243438 	1.70753e-05
1.14957 	0.020208 	-0.00243255 	1.73235e-05
1.15108 	0.0202497 	-0.00243043 	1.76383e-05
1.15258 	0.0202915 	-0.00242831 	1.79531e-05
1.15408 	0.0203332 	-0.00242618 	1.82679e-05
1.15558 	0.0203749 	-0.00242406 	1.85827e-05
1.15708 	0.0204167 	-0.00242194 	1.88975e-05
1.15858 	0.0204584 	-0.00241981 	1.92123e-05
1.16008 	0.0205001 	-0.00241769 	1.95271e-05
1.16158 	0.0205419 	-0.00241557 	1.98419e-05
1.16308 	0.0205836 	-0.00241344 	2.01567e-05
1.16458 	0.0206254 	-0.00241132 	2.04715e-05
1.16608 	0.0206671 	-0.00240919 	2.07863e-05
1.16758 	0.0207088 	-0.00240707 	2.11011e-05
1.16908 	0.0207506 	-0.00240495 	2.14159e-05
1.17059 	0.0207923 	-0.00240282 	2.17307e-05
1.17209 	0.0208325 	-0.00240028 	2.21341e-05
1.17359 	0.020872 	-0.00239756 	2.25738e-05
1.17509 	0.0209116 	-0.00239484 	2.30135e-05
1.17659 	0.0209511 	-0.00239213 	2.34532e-05
1.17809 	0.0209907 	-0.00238941 	2.38929e-05
1.17959 	0.0210302 	-0.00238669 	2.43326e-05
1.18109 	0.0210698 	-0.00238397 	2.47723e-05
1.18259 	0.0211093 	-0.00238125 	2.5212e-05
1.18409 	0.0211489 	-0.00237854 	2.56518e-05
1.18559 	0.0211885 	-0.00237582 	2.60915e-05
1.18709 	0.021228 	-0.0023731 	2.65312e-05
1.18859 	0.0212676 	-0.00237038 	2.69709e-05
1.1901 	0.0213071 	-0.00236767 	2.74106e-05
1.1916 	0.0213467 	-0.00236495 	2.78503e-05
1.1931 	0.0213862 	-0.00236223 	2.829e-05
1.1946 	0.0214245 	-0.00235975 	2.86749e-05
1.1961 	0.0214623 	-0.00235734 	2.90438e-05
1.1976 	0.0215002 	-0.00235494 	2.94126e-05
1.1991 	0.021538 	-0.00235253 	2.97815e-05
1.2006 	0.0215759 	-0.00235012 	3.01503e-05
1.2021 	0.0216138 	-0.00234771 	3.05191e-05
1.2036 	0.0216516 	-0.0023453 	3.0888e-05
1.2051 	0.0216895 	-0.0023429 	3.12568e-05
1.2066 	0.0217273 	-0.00234049 	3.16257e-05
1.2081 	0.0217652 	-0.00233808 	3.19945e-05
1.2096 	0.0218031 	-0.00233567 	3.23634e-05
1.21111 	0.0218409 	-0.00233326 	3.27322e-05
1.21261 	0.0218788 	-0.00233086 	3.3101e-05
1.21411 	0.0219166 	-0.00232845 	3.34699e-05
1.21561 	0.0219545 	-0.00232604 	3.38387e-05
1.21711 	0.0219924 	-0.00232363 	3.42076e-05
1.21861 	0.0220301 	-0.0023212 	3.45664e-05
1.22011 	0.0220656 	-0.00231846 	3.47792e-05
1.22161 	0.0221012 	-0.00231573 	3.49919e-05
1.22311 	0.0221367 	-0.00231299 	3.52047e-05
1.22461 	0.0221722 	-0.00231025 	3.54174e-05
1.22611 	0.0222078 	-0.00230751 	3.56302e-05
1.22761 	0.0222433 	-0.00230477 	3.58429e-05
1.22911 	0.0222788 	-0.00230204 	3.60557e-05
1.23062 	0.0223144 	-0.0022993 	3.62684e-05
1.23212 	0.0223499 	-0.00229656 	3.64812e-05
1.23362 	0.0223854 	-0.00229382 	3.66939e-05
1.23512 	0.0224188 	-0.00229105 	3.68143e-05
1.23662 	0.0224488 	-0.00228824 	3.67858e-05
1.23812 	0.0224788 	-0.00228542 	3.67574e-05
1.23962 	0.0225088 	-0.0022826 	3.67289e-05
1.24112 	0.0225388 	-0.00227978 	3.67004e-05
1.24262 	0.0225688 	-0.00227697 	3.66719e-05
1.24412 	0.0225988 	-0.00227415 	3.66434e-05
1.24562 	0.0226288 	-0.00227133 	3.6615e-05
1.24712 	0.0226588 	-0.00226851 	3.65865e-05
1.24862 	0.0226888 	-0.0022657 	3.6558e-05
1.25013 	0.0227188 	-0.00226288 	3.65295e-05
1.25163 	0.0227488 	-0.00226006 	3.6501e-05
1.25313 	0.0227788 	-0.00225725 	3.64726e-05
1.25463 	0.0228088 	-0.00225443 	3.64441e-05
1.25613 	0.0228388 	-0.00225161 	3.64156e-05
1.25763 	0.0228688 	-0.00224879 	3.63871e-05
1.25913 	0.0228988 	-0.00224598 	3.63586e-05
1.26063 	0.0229294 	-0.00224311 	3.63229e-05
1.26213 	0.0229634 	-0.00223997 	3.62471e-05
1.26363 	0.0229975 	-0.00223684 	3.61714e-05
1.26513 	0.0230316 	-0.0022337 	3.60957e-05
1.26663 	0.0230656 	-0.00223057 	3.602e-05
1.26813 	0.0230997 	-0.00222743 	3.59442e-05
1.26963 	0.0231337 	-0.00222429 	3.58685e-05
1.27114 	0.0231678 	-0.00222116 	3.57928e-05
1.27264 	0.0232019 	-0.00221802 	3.57171e-05
1.27414 	0.0232359 	-0.00221488 	3.56413e-05
1.27564 	0.02327 	-0.00221175 	3.55656e-05
1.27714 	0.0233041 	-0.00220861 	3.54899e-05
1.27864 	0.0233381 	-0.00220548 	3.54141e-05
1.28014 	0.0233722 	-0.00220234 	3.53384e-05
1.28164 	0.0234062 	-0.0021992 	3.52627e-05
1.28314 	0.0234403 	-0.00219607 	3.5187e-05
1.28464 	0.0234744 	-0.00219293 	3.51112e-05
1.28614 	0.0235084 	-0.00218979 	3.50355e-05
1.28764 	0.0235425 	-0.00218666 	3.49598e-05
1.28914 	0.0235765 	-0.00218352 	3.4884e-05
1.29065 	0.0236027 	-0.00218091 	3.4771e-05
1.29215 	0.0236282 	-0.00217834 	3.46545e-05
1.29365 	0.0236536 	-0.00217577 	3.45381e-05
1.29515 	0.0236791 	-0.0021732 	3.44216e-05
1.29665 	0.0237045 	-0.00217063 	3.43051e-05
1.29815 	0.02373 	-0.00216807 	3.41887e-05
1.29965 	0.0237502 	-0.00216585 	3.4016e-05
1.30115 	0.0237655 	-0.00216398 	3.37906e-05
1.30265 	0.0237807 	-0.0021621 	3.35651e-05
1.30415 	0.023796 	-0.00216022 	3.33397e-05
1.30565 	0.0238113 	-0.00215834 	3.31143e-05
1.30715 	0.0238266 	-0.00215646 	3.28889e-05
1.30865 	0.0238419 	-0.00215458 	3.26635e-05
1.31016 	0.0238572 	-0.00215271 	3.2438e-05
1.31166 	0.0238724 	-0.00215083 	3.22126e-05
1.31316 	0.0238877 	-0.00214895 	3.19872e-05
1.31466 	0.023903 	-0.00214707 	3.17618e-05
1.31616 	0.0239183 	-0.00214519 	3.15363e-05
1.31766 	0.0239336 	-0.00214331 	3.13109e-05
1.31916 	0.0239489 	-0.00214144 	3.10855e-05
1.32066 	0.0239642 	-0.00213956 	3.08601e-05
1.32216 	0.0239794 	-0.00213768 	3.06346e-05
1.32366 	0.0239947 	-0.0021358 	3.04092e-05
1.32516 	0.02401 	-0.00213392 	3.01838e-05
1.32666 	0.0240253 	-0.00213205 	2.99584e-05
1.32816 	0.0240406 	-0.00213017 	2.9733e-05
1.32966 	0.0240604 	-0.00212793 	2.94789e-05
1.33117 	0.0240804 	-0.00212567 	2.92235e-05
1.33267 	0.0241004 	-0.00212342 	2.89682e-05
1.33417 	0.0241204 	-0.00212116 	2.87128e-05
1.33567 	0.0241404 	-0.00211891 	2.84575e-05
1.33717 	0.0241603 	-0.00211665 	2.82022e-05
1.33867 	0.0241803 	-0.0021144 	2.79468e-05
1.34017 	0.0242003 	-0.00211214 	2.76915e-05
1.34167 	0.0242203 	-0.00210989 	2.74361e-05
1.34317 	0.0242403 	-0.00210763 	2.71808e-05
1.34467 	0.0242603 	-0.00210537 	2.69254e-05
1.34617 	0.0242803 	-0.00210312 	2.66701e-05
1.34767 	0.0243003 	-0.00210086 	2.64147e-05
1.34917 	0.0243203 	-0.00209861 	2.61594e-05
1.35068 	0.0243403 	-0.00209635 	2.59041e-05
1.35218 	0.0243603 	-0.0020941 	2.56487e-05
1.35368 	0.0243803 	-0.00209184 	2.53934e-05
1.35518 	0.0244003 	-0.00208959 	2.5138e-05
1.35668 	0.0244202 	-0.00208733 	2.48827e-05
1.35818 	0.0244402 	-0.00208508 	2.46273e-05
1.35968 	0.0244602 	-0.00208282 	2.4372e-05
1.36118 	0.0244802 	-0.00208051 	2.41127e-05
1.36268 	0.0244998 	-0.00207796 	2.38343e-05
1.36418 	0.0245196 	-0.00207534 	2.35464e-05
1.36568 	0.0245402 	-0.00207255 	2.3228e-05
1.36718 	0.0245607 	-0.00206976 	2.29096e-05
1.36868 	0.0245813 	-0.00206696 	2.25912e-05
1.37019 	0.0246018 	-0.00206417 	2.22728e-05
1.37169 	0.0246224 	-0.00206137 	2.19545e-05
1.37319 	0.0246429 	-0.00205858 	2.16361e-05
1.37469 	0.0246635 	-0.00205579 	2.13177e-05
1.37619 	0.024684 	-0.00205299 	2.09993e-05
1.37769 	0.0247046 	-0.0020502 	2.06809e-05
1.37919 	0.0247252 	-0.0020474 	2.03625e-05
1.38069 	0.0247457 	-0.00204461 	2.00441e-05
1.38219 	0.0247663 	-0.00204182 	1.97257e-05
1.38369 	0.0247868 	-0.00203902 	1.94073e-05
1.38519 	0.0248074 	-0.00203623 	1.90889e-05
1.38669 	0.0248279 	-0.00203343 	1.87705e-05
1.38819 	0.0248485 	-0.00203064 	1.84521e-05
1.38969 	0.024869 	-0.00202785 	1.81338e-05
1.3912 	0.0248896 	-0.00202505 	1.78154e-05
1.3927 	0.0249101 	-0.00202226 	1.7497e-05
1.3942 	0.0249307 	-0.00201946 	1.71786e-05
1.3957 	0.0249513 	-0.00201667 	1.68602e-05
1.3972 	0.0249723 	-0.00201372 	1.65424e-05
1.3987 	0.0249941 	-0.00201047 	1.62259e-05
1.4002 	0.0250159 	-0.00200722 	1.59094e-05
1.4017 	0.0250378 	-0.00200398 	1.55929e-05
1.4032 	0.0250596 	-0.00200073 	1.52764e-05
1.4047 	0.0250815 	-0.00199748 	1.49599e-05
1.4062 	0.0251033 	-0.00199423 	1.46434e-05
1.4077 	0.0251252 	-0.00199098 	1.43269e-05
1.4092 	0.025147 	-0.00198773 	1.40103e-05
1.41071 	0.0251689 	-0.00198449 	1.36938e-05
1.41221 	0.0251907 	-0.00198124 	1.33773e-05
1.41371 	0.0252125 	-0.00197799 	1.30608e-05
1.41521 	0.0252344 	-0.00197474 	1.27443e-05
1.41671 	0.0252562 	-0.00197149 	1.24278e-05
1.41821 	0.0252781 	-0.00196824 	1.21113e-05
1.41971 	0.0252999 	-0.001965 	1.17948e-05
1.42121 	0.0253218 	-0.00196175 	1.14782e-05
1.42271 	0.0253436 	-0.0019585 	1.11617e-05
1.42421 	0.0253655 	-0.00195525 	1.08452e-05
1.42571 	0.0253873 	-0.001952 	1.05287e-05
1.42721 	0.0254091 	-0.00194875 	1.02122e-05
1.42871 	0.025431 	-0.00194551 	9.89568e-06
1.43022 	0.0254499 	-0.0019427 	9.62352e-06
1.43172 	0.0254673 	-0.0019401 	9.37241e-06
1.43322 	0.0254847 	-0.00193751 	9.12234e-06
1.43472 	0.0254992 	-0.00193521 	8.92531e-06
1.43622 	0.0255136 	-0.00193291 	8.72828e-06
1.43772 	0.025528 	-0.00193061 	8.53125e-06
1.43922 	0.0255425 	-0.00192831 	8.33422e-06
1.44072 	0.0255569 	-0.001926 	8.13719e-06
1.44222 	0.0255714 	-0.0019237 	7.94015e-06
1.44372 	0.0255858 	-0.0019214 	7.74312e-06
1.44522 	0.0256003 	-0.0019191 	7.54609e-06
1.44672 	0.0256147 	-0.00191679 	7.34906e-06
1.44822 	0.0256292 	-0.00191449 	7.15203e-06
1.44972 	0.0256436 	-0.00191219 	6.955e-06
1.45123 	0.025658 	-0.00190989 	6.75797e-06
1.45273 	0.0256725 	-0.00190759 	6.56093e-06
1.45423 	0.0256869 	-0.00190528 	6.3639e-06
1.45573 	0.0257014 	-0.00190298 	6.16687e-06
1.45723 	0.0257158 	-0.00190068 	5.96984e-06
1.45873 	0.0257303 	-0.00189838 	5.77281e-06
1.46023 	0.0257447 	-0.00189607 	5.57578e-06
1.46173 	0.0257591 	-0.00189377 	5.37875e-06
1.46323 	0.0257736 	-0.00189147 	5.18171e-06
1.46473 	0.025788 	-0.00188917 	4.98468e-06
1.46623 	0.0258039 	-0.00188636 	4.77431e-06
1.46773 	0.0258214 	-0.00188301 	4.54927e-06
1.46923 	0.0258388 	-0.00187965 	4.32423e-06
1.47074 	0.0258562 	-0.0018763 	4.09918e-06
1.47224 	0.0258737 	-0.00187294 	3.87414e-06
1.47374 	0.0258911 	-0.00186958 	3.64909e-06
1.47524 	0.0259086 	-0.00186623 	3.42405e-06
1.47674 	0.025926 	-0.00186287 	3.199e-06
1.47824 	0.0259435 	-0.00185952 	2.97396e-06
1.47974 	0.0259609 	-0.00185616 	2.74892e-06
1.48124 	0.0259784 	-0.0018528 	2.52387e-06
1.48274 	0.0259958 	-0.00184945 	2.29883e-06
1.48424 	0.0260133 	-0.00184609 	2.07378e-06
1.48574 	0.0260307 	-0.00184274 	1.84874e-06
1.48724 	0.0260482 	-0.00183938 	1.62369e-06
1.48874 	0.0260656 	-0.00183603 	1.39865e-06
1.49025 	0.0260831 	-0.00183267 	1.17361e-06
1.49175 	0.0261005 	-0.00182931 	9.48562e-07
1.49325 	0.026118 	-0.00182596 	7.23518e-07
1.49475 	0.0261354 	-0.0018226 	4.98474e-07
1.49625 	0.0261492 	-0.00181993 	3.12474e-07
1.49775 	0.0261628 	-0.00181727 	1.2751e-07
1.49925 	0.0261765 	-0.00181462 	-5.74543e-08
1.50075 	0.0261902 	-0.00181196 	-2.42419e-07
1.50225 	0.0262039 	-0.0018093 	-4.27383e-07
1.50375 	0.0262175 	-0.00180665 	-6.12347e-07
1.50525 	0.0262312 	-0.00180399 	-7.97312e-07
1.50675 	0.0262428 	-0.00180172 	-9.54466e-07
1.50825 	0.0262534 	-0.00179965 	-1.09745e-06
1.50975 	0.026264 	-0.00179757 	-1.24044e-06
1.51126 	0.0262745 	-0.0017955 	-1.38343e-06
1.51276 	0.0262851 	-0.00179343 	-1.52642e-06
1.51426 	0.0262957 	-0.00179135 	-1.66941e-06
1.51576 	0.0263063 	-0.00178928 	-1.81239e-06
1.51726 	0.0263168 	-0.00178721 	-1.95538e-06
1.51876 	0.0263274 	-0.00178513 	-2.09837e-06
1.52026 	0.026338 	-0.00178306 	-2.24136e-06
1.52176 	0.0263486 	-0.00178099 	-2.38435e-06
1.52326 	0.0263591 	-0.00177891 	-2.52733e-06
1.52476 	0.0263697 	-0.00177684 	-2.67032e-06
1.52626 	0.0263803 	-0.00177477 	-2.81331e-06
1.52776 	0.0263909 	-0.00177269 	-2.9563e-06
1.52926 	0.0264014 	-0.00177062 	-3.09929e-06
1.53077 	0.026412 	-0.00176855 	-3.24227e-06
1.53227 	0.0264226 	-0.00176647 	-3.38526e-06
1.53377 	0.0264331 	-0.0017644 	-3.52825e-06
1.53527 	0.0264451 	-0.00176179 	-3.68654e-06
1.53677 	0.0264584 	-0.00175869 	-3.85873e-06
1.53827 	0.0264717 	-0.00175559 	-4.03092e-06
1.53977 	0.026485 	-0.0017525 	-4.20311e-06
1.54127 	0.0264983 	-0.0017494 	-4.3753e-06
1.54277 	0.0265115 	-0.0017463 	-4.54749e-06
1.54427 	0.0265248 	-0.0017432 	-4.71968e-06
1.54577 	0.0265381 	-0.00174011 	-4.89188e-06
1.54727 	0.0265514 	-0.00173701 	-5.06407e-06
1.54877 	0.0265647 	-0.00173391 	-5.23626e-06
1.55028 	0.026578 	-0.00173081 	-5.40845e-06
1.55178 	0.0265912 	-0.00172772 	-5.58064e-06
1.55328 	0.0266045 	-0.00172462 	-5.75283e-06
1.55478 	0.0266178 	-0.00172152 	-5.92502e-06
1.55628 	0.0266311 	-0.00171842 	-6.09722e-06
1.55778 	0.0266444 	-0.00171533 	-6.26941e-06
1.55928 	0.0266576 	-0.00171223 	-6.4416e-06
1.56078 	0.0266699 	-0.00170937 	-6.58911e-06
1.56228 	0.0266795 	-0.00170718 	-6.66854e-06
1.56378 	0.0266891 	-0.00170498 	-6.74797e-06
1.56528 	0.0266986 	-0.00170278 	-6.8274e-06
1.56678 	0.0267082 	-0.00170059 	-6.90684e-06
1.56828 	0.0267177 	-0.00169839 	-6.98627e-06
1.56978 	0.0267273 	-0.0016962 	-7.0657e-06
1.57129 	0.0267368 	-0.001694 	-7.14513e-06
1.57279 	0.0267464 	-0.00169181 	-7.22457e-06
1.57429 	0.0267559 	-0.00168961 	-7.304e-06
1.57579 	0.0267655 	-0.00168741 	-7.38343e-06
1.57729 	0.0267751 	-0.00168522 	-7.46286e-06
1.57879 	0.0267839 	-0.0016832 	-7.51248e-06
1.58029 	0.0267911 	-0.00168156 	-7.49592e-06
1.58179 	0.0267983 	-0.00167993 	-7.47936e-06
1.58329 	0.0268055 	-0.0016783 	-7.46281e-06
1.58479 	0.0268127 	-0.00167666 	-7.44625e-06
1.58629 	0.0268199 	-0.00167503 	-7.42969e-06
1.58779 	0.0268271 	-0.00167339 	-7.41313e-06
1.58929 	0.0268343 	-0.00167176 	-7.39658e-06
1.5908 	0.0268415 	-0.00167013 	-7.38002e-06
1.5923 	0.0268487 	-0.00166849 	-7.36346e-06
1.5938 	0.0268559 	-0.00166686 	-7.3469e-06
1.5953 	0.0268631 	-0.00166523 	-7.33035e-06
1.5968 	0.0268704 	-0.00166359 	-7.31379e-06
1.5983 	0.0268776 	-0.00166196 	-7.29723e-06
1.5998 	0.0268848 	-0.00166032 	-7.28067e-06
1.6013 	0.026892 	-0.00165869 	-7.26412e-06
1.6028 	0.0268992 	-0.00165706 	-7.24756e-06
1.6043 	0.0269091 	-0.00165449 	-7.24463e-06
1.6058 	0.0269205 	-0.00165143 	-7.24883e-06
1.6073 	0.0269318 	-0.00164838 	-7.25303e-06
1.6088 	0.0269432 	-0.00164532 	-7.25723e-06
1.61031 	0.0269545 	-0.00164226 	-7.26143e-06
1.61181 	0.0269659 	-0.00163921 	-7.26563e-06
1.61331 	0.0269773 	-0.00163615 	-7.26983e-06
1.61481 	0.0269886 	-0.00163309 	-7.27403e-06
1.61631 	0.027 	-0.00163004 	-7.27823e-06
1.61781 	0.0270113 	-0.00162698 	-7.28243e-06
1.61931 	0.0270227 	-0.00162392 	-7.28663e-06
1.62081 	0.027034 	-0.00162087 	-7.29083e-06
1.62231 	0.0270454 	-0.00161781 	-7.29504e-06
1.62381 	0.0270568 	-0.00161475 	-7.29924e-06
1.62531 	0.0270681 	-0.0016117 	-7.30344e-06
1.62681 	0.0270763 	-0.00160953 	-7.27546e-06
1.62831 	0.027083 	-0.00160775 	-7.23315e-06
1.62981 	0.0270898 	-0.00160597 	-7.19084e-06
1.63132 	0.0270966 	-0.0016042 	-7.14853e-06
1.63282 	0.0271033 	-0.00160242 	-7.10622e-06
1.63432 	0.0271101 	-0.00160065 	-7.06391e-06
1.63582 	0.0271169 	-0.00159887 	-7.0216e-06
1.63732 	0.0271236 	-0.00159709 	-6.97928e-06
1.63882 	0.0271304 	-0.00159532 	-6.93697e-06
1.64032 	0.0271371 	-0.00159354 	-6.89466e-06
1.64182 	0.0271439 	-0.00159177 	-6.85235e-06
1.64332 	0.0271507 	-0.00158999 	-6.81004e-06
1.64482 	0.0271574 	-0.00158822 	-6.76773e-06
1.64632 	0.0271642 	-0.00158644 	-6.72542e-06
1.64782 	0.0271709 	-0.00158466 	-6.6831e-06
1.64932 	0.0271777 	-0.00158289 	-6.64079e-06
1.65083 	0.0271839 	-0.00158127 	-6.59017e-06
1.65233 	0.0271872 	-0.00158043 	-6.49901e-06
1.65383 	0.0271906 	-0.00157959 	-6.40786e-06
1.65533 	0.027194 	-0.00157875 	-6.3167e-06
1.65683 	0.0271973 	-0.00157791 	-6.22554e-06
1.65833 	0.0272007 	-0.00157707 	-6.13439e-06
1.65983 	0.027204 	-0.00157623 	-6.04323e-06
1.66133 	0.0272074 	-0.00157539 	-5.95208e-06
1.66283 	0.0272108 	-0.00157455 	-5.86092e-06
1.66433 	0.0272141 	-0.00157371 	-5.76977e-06
1.66583 	0.0272175 	-0.00157287 	-5.67861e-06
1.66733 	0.0272208 	-0.00157203 	-5.58745e-06
1.66883 	0.0272242 	-0.00157119 	-5.4963e-06
1.67034 	0.0272276 	-0.00157035 	-5.40514e-06
1.67184 	0.027231 	-0.00156947 	-5.31578e-06
1.67334 	0.0272369 	-0.00156768 	-5.26694e-06
1.67484 	0.0272428 	-0.00156589 	-5.21809e-06
1.67634 	0.0272487 	-0.00156409 	-5.16925e-06
1.67784 	0.0272546 	-0.0015623 	-5.12041e-06
1.67934 	0.0272605 	-0.00156051 	-5.07157e-06
1.68084 	0.0272664 	-0.00155872 	-5.02273e-06
1.68234 	0.0272723 	-0.00155692 	-4.97389e-06
1.68384 	0.0272782 	-0.00155513 	-4.92505e-06
1.68534 	0.0272841 	-0.00155334 	-4.87621e-06
1.68684 	0.02729 	-0.00155154 	-4.82737e-06
1.68834 	0.0272959 	-0.00154975 	-4.77853e-06
1.68984 	0.0273018 	-0.00154796 	-4.72969e-06
1.69135 	0.0273078 	-0.00154621 	-4.63878e-06
1.69285 	0.0273139 	-0.00154453 	-4.48132e-06
1.69435 	0.0273199 	-0.00154285 	-4.32385e-06
1.69585 	0.027326 	-0.00154117 	-4.16638e-06
1.69735 	0.0273321 	-0.00153949 	-4.00892e-06
1.69885 	0.0273381 	-0.00153781 	-3.85145e-06
1.70035 	0.0273442 	-0.00153613 	-3.69398e-06
1.70185 	0.0273502 	-0.00153445 	-3.53652e-06
1.70335 	0.0273563 	-0.00153277 	-3.37905e-06
1.70485 	0.0273624 	-0.00153109 	-3.22158e-06
1.70635 	0.0273684 	-0.00152941 	-3.06411e-06
1.70785 	0.0273745 	-0.00152773 	-2.90665e-06
1.70935 	0.0273806 	-0.00152605 	-2.74918e-06
1.71086 	0.0273866 	-0.00152437 	-2.59171e-06
1.71236 	0.0273927 	-0.00152269 	-2.43425e-06
1.71386 	0.0273988 	-0.00152101 	-2.27678e-06
1.71536 	0.0274048 	-0.00151933 	-2.11931e-06
1.71686 	0.0274109 	-0.00151765 	-1.96185e-06
1.71836 	0.0274169 	-0.00151597 	-1.80438e-06
1.71986 	0.027423 	-0.00151429 	-1.64691e-06
1.72136 	0.0274291 	-0.00151261 	-1.48944e-06
1.72286 	0.0274349 	-0.00151104 	-1.29909e-06
1.72436 	0.0274406 	-0.0015096 	-1.06757e-06
1.72586 	0.0274462 	-0.00150816 	-8.3604e-07
1.72736 	0.0274518 	-0.00150672 	-6.04515e-07
1.72886 	0.0274574 	-0.00150529 	-3.7299e-07
1.73037 	0.0274631 	-0.00150385 	-1.41465e-07
1.73187 	0.0274687 	-0.00150241 	9.00596e-08
1.73337 	0.0274743 	-0.00150097 	3.21585e-07
1.73487 	0.0274799 	-0.00149954 	5.5311e-07
1.73637 	0.0274855 	-0.0014981 	7.84635e-07
1.73787 	0.0274912 	-0.00149666 	1.01616e-06
1.73937 	0.0274968 	-0.00149523 	1.24768e-06
1.74087 	0.0275013 	-0.00149413 	1.44419e-06
1.74237 	0.0275056 	-0.00149309 	1.63432e-06
1.74387 	0.0275099 	-0.00149205 	1.82445e-06
1.74537 	0.0275142 	-0.00149102 	2.01458e-06
1.74687 	0.0275185 	-0.00148998 	2.20472e-06
1.74837 	0.0275228 	-0.00148894 	2.39485e-06
1.74987 	0.0275271 	-0.00148791 	2.58498e-06
1.75138 	0.0275314 	-0.00148687 	2.77512e-06
1.75288 	0.0275357 	-0.00148584 	2.96525e-06
1.75438 	0.02754 	-0.0014848 	3.15538e-06
1.75588 	0.0275452 	-0.00148338 	3.42212e-06
1.75738 	0.0275514 	-0.00148156 	3.77002e-06
1.75888 	0.0275577 	-0.00147974 	4.11791e-06
1.76038 	0.0275639 	-0.00147792 	4.46581e-06
1.76188 	0.0275702 	-0.0014761 	4.8137e-06
1.76338 	0.0275764 	-0.00147428 	5.1616e-06
1.76488 	0.0275826 	-0.00147246 	5.50949e-06
1.76638 	0.0275889 	-0.00147063 	5.85739e-06
1.76788 	0.0275951 	-0.00146881 	6.20529e-06
1.76938 	0.0276014 	-0.00146699 	6.55318e-06
1.77089 	0.0276076 	-0.00146517 	6.90108e-06
1.77239 	0.0276139 	-0.00146335 	7.24897e-06
1.77389 	0.0276201 	-0.00146153 	7.59687e-06
1.77539 	0.0276263 	-0.00145971 	7.94476e-06
1.77689 	0.0276326 	-0.00145789 	8.29266e-06
1.77839 	0.0276388 	-0.00145607 	8.64055e-06
1.77989 	0.0276451 	-0.00145425 	8.98845e-06
1.78139 	0.0276513 	-0.00145242 	9.33634e-06
1.78289 	0.0276575 	-0.0014506 	9.68424e-06
1.78439 	0.0276638 	-0.00144878 	1.00321e-05
1.78589 	0.02767 	-0.00144696 	1.038e-05
1.78739 	0.0276763 	-0.00144514 	1.07279e-05
1.78889 	0.0276825 	-0.00144332 	1.10758e-05
1.7904 	0.0276888 	-0.0014415 	1.14237e-05
1.7919 	0.027695 	-0.00143968 	1.17716e-05
1.7934 	0.0277017 	-0.00143767 	1.2156e-05
1.7949 	0.0277092 	-0.00143526 	1.26153e-05
1.7964 	0.0277167 	-0.00143286 	1.30746e-05
1.7979 	0.0277242 	-0.00143046 	1.35338e-05
1.7994 	0.0277317 	-0.00142805 	1.39931e-05
1.8009 	0.0277393 	-0.00142565 	1.44523e-05
1.8024 	0.0277468 	-0.00142325 	1.49116e-05
1.8039 	0.0277543 	-0.00142084 	1.53708e-05
1.8054 	0.0277618 	-0.00141844 	1.58301e-05
1.8069 	0.0277689 	-0.00141622 	1.62861e-05
1.8084 	0.0277746 	-0.00141464 	1.67312e-05
1.8099 	0.0277802 	-0.00141306 	1.71762e-05
1.81141 	0.0277859 	-0.00141148 	1.76213e-05
1.81291 	0.0277915 	-0.0014099 	1.80663e-05
1.81441 	0.0277971 	-0.00140832 	1.85114e-05
1.81591 	0.0278028 	-0.00140674 	1.89564e-05
1.81741 	0.0278084 	-0.00140516 	1.94015e-05
1.81891 	0.0278142 	-0.00140354 	1.98547e-05
1.82041 	0.0278206 	-0.00140164 	2.03702e-05
1.82191 	0.027827 	-0.00139974 	2.08857e-05
1.82341 	0.0278334 	-0.00139783 	2.14013e-05
1.82491 	0.0278398 	-0.00139593 	2.19168e-05
1.82641 	0.0278462 	-0.00139403 	2.24323e-05
1.82791 	0.0278526 	-0.00139213 	2.29479e-05
1.82941 	0.027859 	-0.00139023 	2.34634e-05
1.83092 	0.0278654 	-0.00138833 	2.39789e-05
1.83242 	0.0278718 	-0.00138643 	2.44945e-05
1.83392 	0.0278782 	-0.00138453 	2.501e-05
1.83542 	0.0278846 	-0.00138263 	2.55255e-05
1.83692 	0.027891 	-0.00138073 	2.60411e-05
1.83842 	0.0278974 	-0.00137882 	2.65566e-05
1.83992 	0.0279038 	-0.00137692 	2.70721e-05
1.84142 	0.0279102 	-0.00137502 	2.75877e-05
1.84292 	0.0279166 	-0.00137312 	2.81032e-05
1.84442 	0.027923 	-0.00137122 	2.86187e-05
1.84592 	0.0279294 	-0.00136932 	2.91343e-05
1.84742 	0.0279358 	-0.00136742 	2.96498e-05
1.84892 	0.0279422 	-0.00136552 	3.01653e-05
1.85043 	0.0279486 	-0.00136362 	3.06809e-05
1.85193 	0.027955 	-0.00136172 	3.11964e-05
1.85343 	0.0279614 	-0.00135981 	3.17119e-05
1.85493 	0.0279678 	-0.00135791 	3.22275e-05
1.85643 	0.0279742 	-0.00135601 	3.2743e-05
1.85793 	0.0279806 	-0.00135411 	3.32585e-05
1.85943 	0.027987 	-0.00135221 	3.37741e-05
1.86093 	0.0279933 	-0.00135031 	3.42896e-05
1.86243 	0.0279998 	-0.00134841 	3.48056e-05
1.86393 	0.0280069 	-0.00134617 	3.53797e-05
1.86543 	0.0280141 	-0.00134393 	3.59538e-05
1.86693 	0.0280213 	-0.0013417 	3.65279e-05
1.86843 	0.0280285 	-0.00133946 	3.7102e-05
1.86993 	0.0280356 	-0.00133722 	3.76761e-05
1.87144 	0.0280428 	-0.00133499 	3.82502e-05
1.87294 	0.0280494 	-0.001333 	3.88222e-05
1.87444 	0.0280549 	-0.00133152 	3.93901e-05
1.87594 	0.0280604 	-0.00133004 	3.9958e-05
1.87744 	0.0280659 	-0.00132855 	4.05259e-05
1.87894 	0.0280714 	-0.00132707 	4.10938e-05
1.88044 	0.0280769 	-0.00132559 	4.16617e-05
1.88194 	0.0280825 	-0.00132403 	4.2221e-05
1.88344 	0.0280883 	-0.00132236 	4.27672e-05
1.88494 	0.0280941 	-0.00132068 	4.33134e-05
1.88644 	0.0280999 	-0.00131901 	4.38595e-05
1.88794 	0.0281057 	-0.00131734 	4.44057e-05
1.88944 	0.0281115 	-0.00131566 	4.49519e-05
1.89095 	0.0281173 	-0.00131399 	4.54981e-05
1.89245 	0.0281231 	-0.00131232 	4.60443e-05
1.89395 	0.0281289 	-0.00131064 	4.65904e-05
1.89545 	0.0281347 	-0.00130897 	4.71366e-05
1.89695 	0.0281405 	-0.0013073 	4.76828e-05
1.89845 	0.0281463 	-0.00130562 	4.8229e-05
1.89995 	0.0281521 	-0.00130395 	4.87752e-05
1.90145 	0.0281579 	-0.00130227 	4.93213e-05
1.90295 	0.0281637 	-0.0013006 	4.98675e-05
1.90445 	0.0281695 	-0.00129893 	5.04137e-05
1.90595 	0.0281753 	-0.00129725 	5.09599e-05
1.90745 	0.0281811 	-0.00129558 	5.15061e-05
1.90895 	0.0281869 	-0.00129391 	5.20522e-05
1.91046 	0.0281927 	-0.00129223 	5.25984e-05
1.91196 	0.0281985 	-0.00129056 	5.31446e-05
1.91346 	0.0282043 	-0.00128889 	5.36908e-05
1.91496 	0.0282101 	-0.00128721 	5.4237e-05
1.91646 	0.0282159 	-0.00128554 	5.47831e-05
1.91796 	0.0282217 	-0.00128387 	5.53293e-05
1.91946 	0.0282275 	-0.00128219 	5.58755e-05
1.92096 	0.0282333 	-0.00128052 	5.64217e-05
1.92246 	0.0282391 	-0.00127884 	5.69679e-05
1.92396 	0.0282449 	-0.00127717 	5.7514e-05
1.92546 	0.0282507 	-0.0012755 	5.80602e-05
1.92696 	0.0282565 	-0.00127382 	5.86064e-05
1.92846 	0.0282623 	-0.00127215 	5.91526e-05
1.92996 	0.0282681 	-0.00127048 	5.96988e-05
1.93147 	0.0282744 	-0.00126858 	6.02693e-05
1.93297 	0.028281 	-0.00126656 	6.08526e-05
1.93447 	0.0282876 	-0.00126453 	6.1436e-05
1.93597 	0.0282942 	-0.00126251 	6.20194e-05
1.93747 	0.0283006 	-0.00126063 	6.26364e-05
1.93897 	0.0283065 	-0.00125906 	6.33288e-05
1.94047 	0.0283124 	-0.00125749 	6.40211e-05
1.94197 	0.0283184 	-0.00125592 	6.47134e-05
1.94347 	0.0283239 	-0.00125441 	6.53203e-05
1.94497 	0.028329 	-0.00125296 	6.58227e-05
1.94647 	0.0283341 	-0.00125151 	6.63252e-05
1.94797 	0.0283392 	-0.00125007 	6.68276e-05
1.94947 	0.0283443 	-0.00124862 	6.73301e-05
1.95098 	0.0283494 	-0.00124718 	6.78326e-05
1.95248 	0.0283545 	-0.00124573 	6.8335e-05
1.95398 	0.0283596 	-0.00124428 	6.88375e-05
1.95548 	0.0283646 	-0.00124284 	6.93399e-05
1.95698 	0.0283697 	-0.00124139 	6.98424e-05
1.95848 	0.0283748 	-0.00123995 	7.03449e-05
1.95998 	0.0283799 	-0.0012385 	7.08473e-05
1.96148 	0.028385 	-0.00123706 	7.13498e-05
1.96298 	0.0283901 	-0.00123561 	7.18522e-05
1.96448 	0.0283952 	-0.00123416 	7.23547e-05
1.96598 	0.0284003 	-0.00123272 	7.28572e-05
1.96748 	0.0284054 	-0.00123127 	7.33596e-05
1.96898 	0.0284105 	-0.00122983 	7.38621e-05
1.97049 	0.0284155 	-0.00122838 	7.43645e-05
1.97199 	0.0284206 	-0.00122693 	7.4867e-05
1.97349 	0.0284257 	-0.00122549 	7.53695e-05
1.97499 	0.0284308 	-0.00122404 	7.58719e-05
1.97649 	0.0284359 	-0.0012226 	7.63744e-05
1.97799 	0.028441 	-0.00122115 	7.68768e-05
1.97949 	0.0284461 	-0.0012197 	7.73793e-05
1.98099 	0.0284512 	-0.00121826 	7.78817e-05
1.98249 	0.0284563 	-0.00121681 	7.83842e-05
1.98399 	0.0284614 	-0.00121537 	7.88867e-05
1.98549 	0.0284665 	-0.00121392 	7.93891e-05
1.98699 	0.0284715 	-0.00121248 	7.98916e-05
1.98849 	0.0284766 	-0.00121103 	8.0394e-05
1.98999 	0.0284817 	-0.00120958 	8.08965e-05
1.9915 	0.0284868 	-0.00120814 	8.1399e-05
1.993 	0.0284919 	-0.00120669 	8.19014e-05
1.9945 	0.028497 	-0.00120525 	8.24039e-05
1.996 	0.0285021 	-0.0012038 	8.29063e-05
1.9975 	0.0285071 	-0.00120233 	8.33578e-05
1.999 	0.0285119 	-0.00120081 	8.37402e-05
2.0005 	0.0285162 	-0.00119952 	8.41192e-05
2.002 	0.0285191 	-0.00119881 	8.44896e-05
2.0035 	0.0285229 	-0.00119777 	8.49178e-05
2.005 	0.0285285 	-0.00119619 	8.54415e-05
2.0065 	0.0285341 	-0.00119461 	8.59651e-05
2.008 	0.0285397 	-0.00119303 	8.64887e-05
2.0095 	0.0285453 	-0.00119145 	8.70123e-05
2.01101 	0.0285508 	-0.00118987 	8.75359e-05
2.01251 	0.0285564 	-0.00118829 	8.80596e-05
2.01401 	0.028562 	-0.00118671 	8.85832e-05
2.01551 	0.0285676 	-0.00118513 	8.91068e-05
2.01701 	0.0285732 	-0.00118355 	8.96304e-05
2.01851 	0.0285787 	-0.00118197 	9.0154e-05
2.02001 	0.0285843 	-0.00118039 	9.06777e-05
2.02151 	0.0285899 	-0.00117881 	9.12013e-05
2.02301 	0.0285955 	-0.00117723 	9.17249e-05
2.02451 	0.0286011 	-0.00117565 	9.22485e-05
2.02601 	0.0286066 	-0.00117407 	9.27721e-05
2.02751 	0.0286122 	-0.00117249 	9.32958e-05
2.02901 	0.0286178 	-0.00117091 	9.38194e-05
2.03052 	0.0286234 	-0.00116933 	9.4343e-05
2.03202 	0.028629 	-0.00116775 	9.48666e-05
2.03352 	0.0286345 	-0.00116617 	9.53902e-05
2.03502 	0.0286401 	-0.00116459 	9.59139e-05
2.03652 	0.0286457 	-0.00116301 	9.64375e-05
2.03802 	0.0286513 	-0.00116143 	9.69611e-05
2.03952 	0.0286568 	-0.00115985 	9.74847e-05
2.04102 	0.0286624 	-0.00115827 	9.80084e-05
2.04252 	0.028668 	-0.00115669 	9.8532e-05
2.04402 	0.0286736 	-0.00115511 	9.90556e-05
2.04552 	0.0286792 	-0.00115353 	9.95792e-05
2.04702 	0.0286847 	-0.00115195 	0.000100103
2.04852 	0.0286903 	-0.00115037 	0.000100626
2.05003 	0.0286959 	-0.00114879 	0.00010115
2.05153 	0.0287015 	-0.00114721 	0.000101674
2.05303 	0.0287071 	-0.00114563 	0.000102197
2.05453 	0.0287126 	-0.00114405 	0.000102721
2.05603 	0.0287182 	-0.00114247 	0.000103245
2.05753 	0.0287238 	-0.00114089 	0.000103768
2.05903 	0.0287294 	-0.00113931 	0.000104292
2.06053 	0.028735 	-0.00113773 	0.000104815
2.06203 	0.0287408 	-0.00113608 	0.000105327
2.06353 	0.0287469 	-0.00113436 	0.000105789
2.06503 	0.028753 	-0.00113264 	0.000106254
2.06653 	0.0287591 	-0.00113092 	0.000106724
2.06803 	0.0287652 	-0.0011292 	0.000107194
2.06953 	0.0287713 	-0.00112748 	0.000107664
2.07104 	0.0287774 	-0.00112575 	0.000108134
2.07254 	0.0287835 	-0.00112403 	0.000108604
2.07404 	0.0287896 	-0.00112231 	0.000109074
2.07554 	0.0287957 	-0.00112059 	0.000109544
2.07704 	0.0288018 	-0.00111887 	0.000110014
2.07854 	0.0288079 	-0.00111715 	0.000110484
2.08004 	0.028814 	-0.00111543 	0.000110954
2.08154 	0.0288201 	-0.00111371 	0.000111424
2.08304 	0.0288262 	-0.00111199 	0.000111894
2.08454 	0.0288323 	-0.00111026 	0.000112364
2.08604 	0.0288384 	-0.00110854 	0.000112834
2.08754 	0.0288445 	-0.00110682 	0.000113304
2.08904 	0.0288506 	-0.0011051 	0.000113774
2.09055 	0.0288567 	-0.00110338 	0.000114244
2.09205 	0.0288628 	-0.00110166 	0.000114714
2.09355 	0.0288689 	-0.00109994 	0.000115184
2.09505 	0.028875 	-0.00109822 	0.000115654
2.09655 	0.0288811 	-0.0010965 	0.000116124
2.09805 	0.0288872 	-0.00109477 	0.000116594
2.09955 	0.0288933 	-0.00109305 	0.000117064
2.10105 	0.0288994 	-0.00109133 	0.000117534
2.10255 	0.0289055 	-0.00108961 	0.000118004
2.10405 	0.0289117 	-0.00108789 	0.000118474
2.10555 	0.0289178 	-0.00108617 	0.000118944
2.10705 	0.0289239 	-0.00108445 	0.000119414
2.10855 	0.02893 	-0.00108273 	0.000119884
2.11006 	0.0289361 	-0.00108101 	0.000120354
2.11156 	0.0289422 	-0.00107928 	0.000120824
2.11306 	0.0289483 	-0.00107756 	0.000121294
2.11456 	0.0289544 	-0.00107584 	0.000121764
2.11606 	0.0289605 	-0.00107412 	0.000122234
2.11756 	0.0289666 	-0.0010724 	0.000122704
2.11906 	0.0289726 	-0.00107068 	0.000123137
2.12056 	0.0289786 	-0.00106896 	0.00012348
2.12206 	0.0289848 	-0.00106727 	0.000123841
2.12356 	0.028991 	-0.0010656 	0.000124212
2.12506 	0.0289969 	-0.00106392 	0.000124539
2.12656 	0.0290028 	-0.00106223 	0.000124863
2.12806 	0.0290087 	-0.00106055 	0.000125187
2.12956 	0.0290146 	-0.00105886 	0.00012551
2.13107 	0.0290205 	-0.00105717 	0.000125834
2.13257 	0.0290264 	-0.00105549 	0.000126157
2.13407 	0.0290323 	-0.0010538 	0.000126481
2.13557 	0.0290382 	-0.00105211 	0.000126805
2.13707 	0.0290441 	-0.00105043 	0.000127128
2.13857 	0.02905 	-0.00104874 	0.000127452
2.14007 	0.0290559 	-0.00104706 	0.000127776
2.14157 	0.0290618 	-0.00104537 	0.000128099
2.14307 	0.0290677 	-0.00104368 	0.000128423
2.14457 	0.0290737 	-0.001042 	0.000128746
2.14607 	0.0290796 	-0.00104031 	0.00012907
2.14757 	0.0290855 	-0.00103862 	0.000129394
2.14907 	0.0290914 	-0.00103694 	0.000129717
2.15058 	0.0290973 	-0.00103525 	0.000130041
2.15208 	0.0291032 	-0.00103356 	0.000130365
2.15358 	0.0291091 	-0.00103188 	0.000130688
2.15508 	0.029115 	-0.00103019 	0.000131012
2.15658 	0.0291209 	-0.0010285 	0.000131335
2.15808 	0.0291268 	-0.00102682 	0.000131659
2.15958 	0.0291327 	-0.00102513 	0.000131983
2.16108 	0.0291386 	-0.00102344 	0.000132306
2.16258 	0.0291445 	-0.00102176 	0.00013263
2.16408 	0.0291504 	-0.00102007 	0.000132954
2.16558 	0.0291563 	-0.00101839 	0.000133277
2.16708 	0.0291622 	-0.0010167 	0.000133601
2.16858 	0.0291681 	-0.00101501 	0.000133925
2.17009 	0.029174 	-0.00101333 	0.000134248
2.17159 	0.0291799 	-0.00101164 	0.000134572
2.17309 	0.0291858 	-0.00100995 	0.000134895
2.17459 	0.0291915 	-0.00100828 	0.000135191
2.17609 	0.0291971 	-0.00100664 	0.000135451
2.17759 	0.0292026 	-0.00100499 	0.000135711
2.17909 	0.0292082 	-0.00100336 	0.000135971
2.18059 	0.0292139 	-0.00100177 	0.000136232
2.18209 	0.0292196 	-0.00100018 	0.000136494
2.18359 	0.0292254 	-0.000998586 	0.000136755
2.18509 	0.0292302 	-0.000997143 	0.000136957
2.18659 	0.029235 	-0.000995717 	0.000137152
2.18809 	0.0292397 	-0.000994291 	0.000137347
2.18959 	0.0292444 	-0.000992865 	0.000137543
2.1911 	0.0292492 	-0.000991439 	0.000137738
2.1926 	0.0292539 	-0.000990013 	0.000137933
2.1941 	0.0292586 	-0.000988587 	0.000138129
2.1956 	0.0292634 	-0.000987161 	0.000138324
2.1971 	0.0292681 	-0.000985736 	0.000138519
2.1986 	0.0292729 	-0.00098431 	0.000138714
2.2001 	0.0292776 	-0.000982884 	0.00013891
2.2016 	0.0292823 	-0.000981458 	0.000139105
2.2031 	0.0292871 	-0.000980032 	0.0001393
2.2046 	0.0292918 	-0.000978606 	0.000139495
2.2061 	0.0292965 	-0.00097718 	0.000139691
2.2076 	0.0293013 	-0.000975754 	0.000139886
2.2091 	0.029306 	-0.000974328 	0.000140081
2.21061 	0.0293107 	-0.000972902 	0.000140276
2.21211 	0.0293155 	-0.000971476 	0.000140472
2.21361 	0.0293202 	-0.00097005 	0.000140667
2.21511 	0.029325 	-0.000968624 	0.000140862
2.21661 	0.0293297 	-0.000967198 	0.000141058
2.21811 	0.0293344 	-0.000965772 	0.000141253
2.21961 	0.0293392 	-0.000964346 	0.000141448
2.22111 	0.0293439 	-0.00096292 	0.000141643
2.22261 	0.0293486 	-0.000961495 	0.000141839
2.22411 	0.0293534 	-0.000960069 	0.000142034
2.22561 	0.0293581 	-0.000958643 	0.000142229
2.22711 	0.0293629 	-0.000957217 	0.000142424
2.22861 	0.0293667 	-0.000955998 	0.000142559
2.23012 	0.0293702 	-0.000954828 	0.00014268
2.23162 	0.0293738 	-0.000953657 	0.000142801
2.23312 	0.0293774 	-0.000952487 	0.000142922
2.23462 	0.029381 	-0.000951327 	0.000143041
2.23612 	0.0293848 	-0.000950207 	0.000143153
2.23762 	0.0293885 	-0.000949086 	0.000143266
2.23912 	0.0293923 	-0.000947966 	0.000143379
2.24062 	0.0293961 	-0.000946845 	0.000143492
2.24212 	0.0294 	-0.000945601 	0.000143581
2.24362 	0.0294043 	-0.000944187 	0.000143637
2.24512 	0.0294085 	-0.000942772 	0.000143693
2.24662 	0.0294128 	-0.000941358 	0.00014375
2.24812 	0.029417 	-0.000939943 	0.000143806
2.24962 	0.0294213 	-0.000938529 	0.000143862
2.25113 	0.0294255 	-0.000937115 	0.000143918
2.25263 	0.0294298 	-0.0009357 	0.000143975
2.25413 	0.029434 	-0.000934286 	0.000144031
2.25563 	0.0294382 	-0.000932871 	0.000144087
2.25713 	0.0294425 	-0.000931457 	0.000144144
2.25863 	0.0294467 	-0.000930042 	0.0001442
2.26013 	0.029451 	-0.000928628 	0.000144256
2.26163 	0.0294552 	-0.000927214 	0.000144312
2.26313 	0.0294595 	-0.000925799 	0.000144369
2.26463 	0.0294637 	-0.000924385 	0.000144425
2.26613 	0.029468 	-0.00092297 	0.000144481
2.26763 	0.0294722 	-0.000921556 	0.000144538
2.26913 	0.0294765 	-0.000920141 	0.000144594
2.27064 	0.0294807 	-0.000918727 	0.00014465
2.27214 	0.0294849 	-0.000917313 	0.000144706
2.27364 	0.0294892 	-0.000915898 	0.000144763
2.27514 	0.0294934 	-0.000914484 	0.000144819
2.27664 	0.0294977 	-0.000913069 	0.000144875
2.27814 	0.0295019 	-0.000911655 	0.000144932
2.27964 	0.0295064 	-0.000910132 	0.000144963
2.28114 	0.0295111 	-0.000908471 	0.000144962
2.28264 	0.0295158 	-0.000906809 	0.000144961
2.28414 	0.0295205 	-0.000905148 	0.00014496
2.28564 	0.0295252 	-0.000903487 	0.00014496
2.28714 	0.0295299 	-0.000901825 	0.000144959
2.28864 	0.0295348 	-0.000900151 	0.000144961
2.29015 	0.02954 	-0.000898468 	0.000144965
2.29165 	0.0295451 	-0.000896785 	0.000144969
2.29315 	0.0295502 	-0.000895102 	0.000144974
2.29465 	0.0295553 	-0.00089342 	0.000144978
2.29615 	0.0295604 	-0.000891737 	0.000144982
2.29765 	0.0295653 	-0.00089004 	0.000144932
2.29915 	0.02957 	-0.000888333 	0.000144841
2.30065 	0.0295747 	-0.000886625 	0.00014475
2.30215 	0.0295794 	-0.000884918 	0.000144659
2.30365 	0.029584 	-0.00088321 	0.000144569
2.30515 	0.0295887 	-0.000881502 	0.000144478
2.30665 	0.0295934 	-0.000879795 	0.000144387
2.30815 	0.0295981 	-0.000878087 	0.000144296
2.30965 	0.0296028 	-0.00087638 	0.000144205
2.31116 	0.0296075 	-0.000874672 	0.000144114
2.31266 	0.0296122 	-0.000872965 	0.000144024
2.31416 	0.0296168 	-0.000871257 	0.000143933
2.31566 	0.0296215 	-0.00086955 	0.000143842
2.31716 	0.0296262 	-0.000867842 	0.000143751
2.31866 	0.0296309 	-0.000866135 	0.00014366
2.32016 	0.0296356 	-0.000864427 	0.00014357
2.32166 	0.0296403 	-0.00086272 	0.000143479
2.32316 	0.029645 	-0.000861012 	0.000143388
2.32466 	0.0296496 	-0.000859305 	0.000143297
2.32616 	0.0296543 	-0.000857597 	0.000143206
2.32766 	0.029659 	-0.00085589 	0.000143116
2.32916 	0.0296635 	-0.00085419 	0.000142993
2.33067 	0.0296678 	-0.000852502 	0.000142815
2.33217 	0.029672 	-0.000850814 	0.000142637
2.33367 	0.0296762 	-0.000849126 	0.000142459
2.33517 	0.0296805 	-0.000847438 	0.000142281
2.33667 	0.0296847 	-0.00084575 	0.000142103
2.33817 	0.0296889 	-0.000844062 	0.000141925
2.33967 	0.0296933 	-0.000842365 	0.000141745
2.34117 	0.0296979 	-0.00084066 	0.000141563
2.34267 	0.0297026 	-0.000838954 	0.00014138
2.34417 	0.0297072 	-0.000837248 	0.000141198
2.34567 	0.0297118 	-0.000835542 	0.000141015
2.34717 	0.0297164 	-0.000833836 	0.000140833
2.34867 	0.029721 	-0.000832131 	0.00014065
2.35018 	0.0297254 	-0.000830419 	0.000140501
2.35168 	0.0297294 	-0.000828696 	0.000140405
2.35318 	0.0297334 	-0.000826974 	0.000140309
2.35468 	0.0297374 	-0.000825252 	0.000140214
2.35618 	0.0297415 	-0.000823529 	0.000140118
2.35768 	0.0297455 	-0.000821807 	0.000140022
2.35918 	0.0297495 	-0.000820085 	0.000139927
2.36068 	0.0297536 	-0.000818362 	0.000139831
2.36218 	0.0297576 	-0.00081664 	0.000139735
2.36368 	0.0297616 	-0.000814918 	0.00013964
2.36518 	0.0297656 	-0.000813195 	0.000139544
2.36668 	0.0297697 	-0.000811473 	0.000139448
2.36818 	0.0297737 	-0.000809751 	0.000139352
2.36968 	0.0297777 	-0.000808028 	0.000139257
2.37119 	0.0297818 	-0.000806306 	0.000139161
2.37269 	0.0297858 	-0.000804584 	0.000139065
2.37419 	0.0297898 	-0.000802861 	0.00013897
2.37569 	0.0297938 	-0.000801139 	0.000138874
2.37719 	0.0297971 	-0.000799534 	0.00013885
2.37869 	0.0298 	-0.000797997 	0.000138867
2.38019 	0.0298028 	-0.00079646 	0.000138885
2.38169 	0.0298057 	-0.000794923 	0.000138902
2.38319 	0.0298086 	-0.000793386 	0.000138919
2.38469 	0.0298114 	-0.000791849 	0.000138937
2.38619 	0.0298143 	-0.000790312 	0.000138954
2.38769 	0.0298171 	-0.000788776 	0.000138972
2.38919 	0.0298211 	-0.000786978 	0.000138996
2.3907 	0.0298253 	-0.000785138 	0.000139022
2.3922 	0.0298295 	-0.000783297 	0.000139048
2.3937 	0.0298337 	-0.000781457 	0.000139073
2.3952 	0.0298378 	-0.000779616 	0.000139099
2.3967 	0.029842 	-0.000777776 	0.000139124
2.3982 	0.0298462 	-0.000775935 	0.00013915
2.3997 	0.0298504 	-0.000774095 	0.000139176
2.4012 	0.0298533 	-0.000772598 	0.000139215
2.4027 	0.029856 	-0.00077115 	0.000139256
2.4042 	0.0298587 	-0.000769702 	0.000139298
2.4057 	0.0298614 	-0.000768254 	0.000139339
2.4072 	0.0298642 	-0.000766806 	0.00013938
2.4087 	0.0298669 	-0.000765359 	0.000139422
2.41021 	0.0298696 	-0.000763911 	0.000139463
2.41171 	0.0298723 	-0.000762463 	0.000139504
2.41321 	0.0298751 	-0.000761015 	0.000139546
2.41471 	0.0298778 	-0.000759567 	0.000139587
2.41621 	0.0298805 	-0.00075812 	0.000139628
2.41771 	0.0298832 	-0.000756672 	0.00013967
2.41921 	0.029886 	-0.000755224 	0.000139711
2.42071 	0.0298887 	-0.000753776 	0.000139753
2.42221 	0.0298909 	-0.000752496 	0.000139799
2.42371 	0.0298914 	-0.000751713 	0.000139861
2.42521 	0.029892 	-0.00075093 	0.000139924
2.42671 	0.0298925 	-0.000750148 	0.000139986
2.42821 	0.0298931 	-0.000749365 	0.000140049
2.42971 	0.0298936 	-0.000748583 	0.000140111
2.43122 	0.0298942 	-0.0007478 	0.000140173
2.43272 	0.0298947 	-0.000747017 	0.000140236
2.43422 	0.0298953 	-0.000746235 	0.000140298
2.43572 	0.0298975 	-0.000745029 	0.00014038
2.43722 	0.0299004 	-0.000743677 	0.000140469
2.43872 	0.0299033 	-0.000742326 	0.000140558
2.44022 	0.0299061 	-0.000740974 	0.000140647
2.44172 	0.029909 	-0.000739622 	0.000140736
2.44322 	0.0299119 	-0.00073827 	0.000140825
2.44472 	0.0299147 	-0.000736918 	0.000140914
2.44622 	0.0299176 	-0.000735567 	0.000141003
2.44772 	0.0299204 	-0.000734212 	0.000141088
2.44922 	0.0299222 	-0.000732806 	0.00014111
2.45073 	0.0299241 	-0.0007314 	0.000141133
2.45223 	0.0299259 	-0.000729994 	0.000141155
2.45373 	0.0299277 	-0.000728589 	0.000141177
2.45523 	0.0299295 	-0.000727183 	0.000141199
2.45673 	0.0299314 	-0.000725777 	0.000141222
2.45823 	0.0299332 	-0.000724371 	0.000141244
2.45973 	0.029935 	-0.000722965 	0.000141266
2.46123 	0.0299369 	-0.00072156 	0.000141288
2.46273 	0.0299387 	-0.000720154 	0.00014131
2.46423 	0.0299405 	-0.000718748 	0.000141333
2.46573 	0.0299421 	-0.000717342 	0.000141334
2.46723 	0.0299427 	-0.000715936 	0.000141271
2.46873 	0.0299433 	-0.00071453 	0.000141207
2.47024 	0.029944 	-0.000713124 	0.000141144
2.47174 	0.0299446 	-0.000711717 	0.000141081
2.47324 	0.0299452 	-0.000710311 	0.000141017
2.47474 	0.0299459 	-0.000708905 	0.000140954
2.47624 	0.0299465 	-0.000707499 	0.00014089
2.47774 	0.0299471 	-0.000706093 	0.000140827
2.47924 	0.0299481 	-0.000704595 	0.000140765
2.48074 	0.0299512 	-0.000702576 	0.000140714
2.48224 	0.0299543 	-0.000700557 	0.000140663
2.48374 	0.0299574 	-0.000698538 	0.000140611
2.48524 	0.0299605 	-0.000696519 	0.00014056
2.48674 	0.0299636 	-0.0006945 	0.000140509
2.48824 	0.0299667 	-0.000692481 	0.000140457
2.48974 	0.0299698 	-0.000690462 	0.000140406
2.49125 	0.0299728 	-0.000688443 	0.000140355
2.49275 	0.0299759 	-0.000686424 	0.000140303
2.49425 	0.0299774 	-0.000684678 	0.000140169
2.49575 	0.0299788 	-0.000682955 	0.000140028
2.49725 	0.0299802 	-0.000681231 	0.000139887
2.49875 	0.0299815 	-0.000679507 	0.000139746
2.50025 	0.0299829 	-0.000677784 	0.000139606
2.50175 	0.0299843 	-0.00067606 	0.000139465
2.50325 	0.0299856 	-0.000674336 	0.000139324
2.50475 	0.029987 	-0.000672612 	0.000139183
2.50625 	0.0299884 	-0.000670889 	0.000139042
2.50775 	0.0299886 	-0.000669358 	0.000138835
2.50925 	0.0299881 	-0.000667956 	0.000138584
2.51076 	0.0299876 	-0.000666554 	0.000138332
2.51226 	0.0299872 	-0.000665152 	0.000138081
2.51376 	0.0299867 	-0.00066375 	0.00013783
2.51526 	0.0299862 	-0.000662348 	0.000137578
2.51676 	0.0299857 	-0.000660947 	0.000137327
2.51826 	0.0299852 	-0.000659545 	0.000137076
2.51976 	0.0299847 	-0.000658143 	0.000136825
2.52126 	0.0299844 	-0.000656697 	0.000136572
2.52276 	0.0299864 	-0.000654657 	0.000136305
2.52426 	0.0299884 	-0.000652618 	0.000136038
2.52576 	0.0299905 	-0.000650578 	0.000135771
2.52726 	0.0299925 	-0.000648539 	0.000135504
2.52876 	0.0299945 	-0.0006465 	0.000135237
2.53027 	0.0299965 	-0.00064446 	0.000134971
2.53177 	0.0299986 	-0.000642421 	0.000134704
2.53327 	0.0300006 	-0.000640382 	0.000134437
2.53477 	0.0300026 	-0.000638342 	0.00013417
2.53627 	0.0300038 	-0.000636519 	0.000133907
2.53777 	0.0300041 	-0.000634957 	0.000133649
2.53927 	0.0300044 	-0.000633394 	0.000133392
2.54077 	0.0300047 	-0.000631831 	0.000133134
2.54227 	0.030005 	-0.000630269 	0.000132877
2.54377 	0.0300052 	-0.000628706 	0.000132619
2.54527 	0.0300055 	-0.000627144 	0.000132362
2.54677 	0.0300052 	-0.000625807 	0.000132116
2.54827 	0.0300037 	-0.000624943 	0.000131898
2.54977 	0.0300022 	-0.00062408 	0.000131679
2.55128 	0.0300006 	-0.000623217 	0.00013146
2.55278 	0.0299991 	-0.000622354 	0.000131241
2.55428 	0.0299976 	-0.00062149 	0.000131022
2.55578 	0.0299961 	-0.000620627 	0.000130804
2.55728 	0.0299945 	-0.000619764 	0.000130585
2.55878 	0.029993 	-0.000618901 	0.000130366
2.56028 	0.0299915 	-0.000618037 	0.000130147
2.56178 	0.0299913 	-0.000617041 	0.000129952
2.56328 	0.0299926 	-0.000615903 	0.000129782
2.56478 	0.0299938 	-0.000614765 	0.000129612
2.56628 	0.0299951 	-0.000613627 	0.000129442
2.56778 	0.0299964 	-0.000612489 	0.000129272
2.56928 	0.0299976 	-0.000611352 	0.000129102
2.57079 	0.0299989 	-0.000610214 	0.000128931
2.57229 	0.0300001 	-0.000609076 	0.000128761
2.57379 	0.0300014 	-0.000607938 	0.000128591
2.57529 	0.0300027 	-0.0006068 	0.000128421
2.57679 	0.0300027 	-0.000605502 	0.000128185
2.57829 	0.0300019 	-0.000604103 	0.000127908
2.57979 	0.0300011 	-0.000602705 	0.000127631
2.58129 	0.0300004 	-0.000601306 	0.000127354
2.58279 	0.0299996 	-0.000599907 	0.000127076
2.58429 	0.029998 	-0.00059842 	0.000126757
2.58579 	0.029995 	-0.000596797 	0.000126375
2.58729 	0.029992 	-0.000595174 	0.000125992
2.58879 	0.0299891 	-0.000593551 	0.00012561
2.5903 	0.0299861 	-0.000591928 	0.000125227
2.5918 	0.0299832 	-0.000590305 	0.000124845
2.5933 	0.0299802 	-0.000588682 	0.000124462
2.5948 	0.0299772 	-0.000587059 	0.00012408
2.5963 	0.0299743 	-0.000585436 	0.000123697
2.5978 	0.0299713 	-0.000583813 	0.000123315
2.5993 	0.0299694 	-0.000582097 	0.000122953
2.6008 	0.0299693 	-0.000580223 	0.000122626
2.6023 	0.0299692 	-0.000578348 	0.0001223
2.6038 	0.0299691 	-0.000576474 	0.000121973
2.6053 	0.029969 	-0.0005746 	0.000121647
2.6068 	0.0299688 	-0.000572726 	0.00012132
2.6083 	0.0299687 	-0.000570851 	0.000120994
2.6098 	0.0299686 	-0.000568977 	0.000120667
2.61131 	0.0299685 	-0.000567103 	0.00012034
2.61281 	0.0299684 	-0.000565229 	0.000120014
2.61431 	0.0299675 	-0.000563452 	0.000119692
2.61581 	0.0299653 	-0.000561846 	0.000119378
2.61731 	0.0299631 	-0.00056024 	0.000119064
2.61881 	0.029961 	-0.000558634 	0.00011875
2.62031 	0.0299569 	-0.000557146 	0.000118422
2.62181 	0.0299524 	-0.000555686 	0.000118089
2.62331 	0.0299478 	-0.000554226 	0.000117757
2.62481 	0.0299433 	-0.000552767 	0.000117425
2.62631 	0.0299387 	-0.000551307 	0.000117092
2.62781 	0.0299342 	-0.000549848 	0.00011676
2.62931 	0.0299297 	-0.000548388 	0.000116428
2.63082 	0.0299251 	-0.000546929 	0.000116095
2.63232 	0.0299206 	-0.000545469 	0.000115763
2.63382 	0.029916 	-0.00054401 	0.000115431
2.63532 	0.0299133 	-0.000542137 	0.00011509
2.63682 	0.0299113 	-0.000540081 	0.000114744
2.63832 	0.0299093 	-0.000538024 	0.000114399
2.63982 	0.0299073 	-0.000535968 	0.000114054
2.64132 	0.0299053 	-0.000533912 	0.000113708
2.64282 	0.0299033 	-0.000531856 	0.000113363
2.64432 	0.0299013 	-0.0005298 	0.000113018
2.64582 	0.0298993 	-0.000527743 	0.000112673
2.64732 	0.0298973 	-0.000525687 	0.000112327
2.64882 	0.0298953 	-0.000523631 	0.000111982
2.65033 	0.0298924 	-0.000521891 	0.000111667
2.65183 	0.029889 	-0.000520316 	0.000111369
2.65333 	0.0298851 	-0.000519097 	0.000111111
2.65483 	0.0298807 	-0.000518223 	0.000110894
2.65633 	0.0298762 	-0.000517349 	0.000110676
2.65783 	0.0298718 	-0.000516475 	0.000110458
2.65933 	0.0298674 	-0.000515601 	0.000110241
2.66083 	0.029863 	-0.000514727 	0.000110023
2.66233 	0.0298585 	-0.000513853 	0.000109805
2.66383 	0.0298541 	-0.000512979 	0.000109588
2.66533 	0.0298497 	-0.000512105 	0.00010937
2.66683 	0.0298452 	-0.000511231 	0.000109152
2.66833 	0.0298424 	-0.000510285 	0.000108963
2.66983 	0.0298419 	-0.000509235 	0.000108814
2.67134 	0.0298413 	-0.000508185 	0.000108665
2.67284 	0.0298407 	-0.000507136 	0.000108516
2.67434 	0.0298402 	-0.000506086 	0.000108367
2.67584 	0.0298396 	-0.000505036 	0.000108218
2.67734 	0.0298391 	-0.000503987 	0.000108069
2.67884 	0.0298385 	-0.000502937 	0.00010792
2.68034 	0.029838 	-0.000501887 	0.000107771
2.68184 	0.0298374 	-0.000500838 	0.000107622
2.68334 	0.0298352 	-0.000499636 	0.000107414
2.68484 	0.0298289 	-0.00049808 	0.000107058
2.68634 	0.0298206 	-0.000496355 	0.000106628
2.68784 	0.0298123 	-0.00049463 	0.000106199
2.68934 	0.0298039 	-0.000492906 	0.000105769
2.69085 	0.0297956 	-0.000491181 	0.000105339
2.69235 	0.0297873 	-0.000489456 	0.000104909
2.69385 	0.0297789 	-0.000487731 	0.000104479
2.69535 	0.0297706 	-0.000486007 	0.000104049
2.69685 	0.0297623 	-0.000484282 	0.000103619
2.69835 	0.029754 	-0.000482557 	0.000103189
2.69985 	0.0297475 	-0.000480763 	0.000102792
2.70135 	0.0297432 	-0.000478893 	0.000102429
2.70285 	0.0297388 	-0.000477024 	0.000102067
2.70435 	0.0297344 	-0.000475154 	0.000101704
2.70585 	0.02973 	-0.000473285 	0.000101342
2.70735 	0.0297256 	-0.000471415 	0.000100979
2.70885 	0.0297213 	-0.000469546 	0.000100617
2.71036 	0.0297169 	-0.000467676 	0.000100254
2.71186 	0.0297125 	-0.000465807 	9.98918e-05
2.71336 	0.0297081 	-0.000463937 	9.95294e-05
2.71486 	0.029699 	-0.00046242 	9.90558e-05
2.71636 	0.0296876 	-0.00046108 	9.85291e-05
2.71786 	0.0296761 	-0.00045974 	9.80025e-05
2.71936 	0.0296647 	-0.0004584 	9.74758e-05
2.72086 	0.0296533 	-0.00045706 	9.69491e-05
2.72236 	0.0296419 	-0.00045572 	9.64225e-05
2.72386 	0.0296304 	-0.00045438 	9.58958e-05
2.72536 	0.029619 	-0.000453041 	9.53692e-05
2.72686 	0.0296076 	-0.000451701 	9.48425e-05
2.72836 	0.0295962 	-0.000450361 	9.43158e-05
2.72986 	0.029584 	-0.000448909 	9.37594e-05
2.73137 	0.0295717 	-0.000447438 	9.3198e-05
2.73287 	0.0295594 	-0.000445967 	9.26366e-05
2.73437 	0.0295471 	-0.000444497 	9.20752e-05
2.73587 	0.0295347 	-0.000443026 	9.15138e-05
2.73737 	0.0295224 	-0.000441556 	9.09524e-05
2.73887 	0.0295101 	-0.000440085 	9.03909e-05
2.74037 	0.0294978 	-0.000438614 	8.98295e-05
2.74187 	0.0294859 	-0.000437158 	8.92775e-05
2.74337 	0.0294787 	-0.000435862 	8.88393e-05
2.74487 	0.0294745 	-0.000434653 	8.84828e-05
2.74637 	0.0294703 	-0.000433445 	8.81264e-05
2.74787 	0.0294662 	-0.000432237 	8.777e-05
2.74937 	0.029462 	-0.000431028 	8.74136e-05
2.75088 	0.0294579 	-0.00042982 	8.70572e-05
2.75238 	0.0294537 	-0.000428612 	8.67008e-05
2.75388 	0.0294496 	-0.000427404 	8.63444e-05
2.75538 	0.0294454 	-0.000426195 	8.5988e-05
2.75688 	0.0294395 	-0.000425172 	8.56312e-05
2.75838 	0.0294317 	-0.000424347 	8.52741e-05
2.75988 	0.0294239 	-0.000423522 	8.4917e-05
2.76138 	0.0294161 	-0.000422697 	8.45599e-05
2.76288 	0.0294084 	-0.000421872 	8.42028e-05
2.76438 	0.0294006 	-0.000421047 	8.38457e-05
2.76588 	0.0293928 	-0.000420222 	8.34886e-05
2.76738 	0.029385 	-0.000419397 	8.31315e-05
2.76888 	0.0293758 	-0.000418144 	8.26345e-05
2.77039 	0.0293656 	-0.00041658 	8.20375e-05
2.77189 	0.0293534 	-0.000414415 	8.12585e-05
2.77339 	0.0293413 	-0.000412251 	8.04795e-05
2.77489 	0.0293292 	-0.000410086 	7.97005e-05
2.77639 	0.0293171 	-0.000407921 	7.89215e-05
2.77789 	0.0293049 	-0.000405756 	7.81425e-05
2.77939 	0.0292928 	-0.000403592 	7.73635e-05
2.78089 	0.0292807 	-0.000401427 	7.65845e-05
2.78239 	0.0292672 	-0.000399364 	7.58008e-05
2.78389 	0.0292507 	-0.000397533 	7.50065e-05
2.78539 	0.0292341 	-0.000395702 	7.42122e-05
2.78689 	0.0292176 	-0.000393871 	7.34179e-05
2.78839 	0.029201 	-0.00039204 	7.26236e-05
2.78989 	0.0291845 	-0.00039021 	7.18293e-05
2.7914 	0.029168 	-0.000388379 	7.1035e-05
2.7929 	0.0291528 	-0.000386634 	7.02945e-05
2.7944 	0.0291408 	-0.000385091 	6.96812e-05
2.7959 	0.0291293 	-0.000383555 	6.90917e-05
2.7974 	0.0291197 	-0.00038204 	6.85794e-05
2.7989 	0.02911 	-0.000380526 	6.80671e-05
2.8004 	0.0291003 	-0.000379011 	6.75547e-05
2.8019 	0.0290907 	-0.000377497 	6.70424e-05
2.8034 	0.029081 	-0.000375982 	6.65301e-05
2.8049 	0.0290713 	-0.000374467 	6.60178e-05
2.8064 	0.0290618 	-0.000373181 	6.55489e-05
2.8079 	0.0290524 	-0.00037252 	6.51991e-05
2.8094 	0.029043 	-0.000371859 	6.48494e-05
2.81091 	0.0290336 	-0.000371199 	6.44997e-05
2.81241 	0.0290243 	-0.000370538 	6.415e-05
2.81391 	0.0290149 	-0.000369877 	6.38003e-05
2.81541 	0.0290055 	-0.000369212 	6.34496e-05
2.81691 	0.0289893 	-0.000367575 	6.29213e-05
2.81841 	0.0289731 	-0.000365939 	6.23931e-05
2.81991 	0.0289533 	-0.000363779 	6.17639e-05
2.82141 	0.0289304 	-0.000361159 	6.10462e-05
2.82291 	0.0289075 	-0.00035854 	6.03285e-05
2.82441 	0.0288846 	-0.00035592 	5.96109e-05
2.82591 	0.0288616 	-0.000353301 	5.88932e-05
2.82741 	0.0288387 	-0.000350681 	5.81755e-05
2.82891 	0.0288156 	-0.000348314 	5.7503e-05
2.83042 	0.0287919 	-0.000346497 	5.69288e-05
2.83192 	0.0287683 	-0.00034468 	5.63546e-05
2.83342 	0.0287447 	-0.000342862 	5.57805e-05
2.83492 	0.028721 	-0.000341045 	5.52063e-05
2.83642 	0.0286974 	-0.000339228 	5.46321e-05
2.83792 	0.0286738 	-0.000337265 	5.41597e-05
2.83942 	0.0286502 	-0.000335245 	5.37269e-05
2.84092 	0.0286266 	-0.000333225 	5.32941e-05
2.84242 	0.028602 	-0.000330979 	5.30216e-05
2.84392 	0.0285774 	-0.000328719 	5.27593e-05
2.84542 	0.0285527 	-0.000326459 	5.24971e-05
2.84692 	0.0285281 	-0.000324199 	5.22349e-05
2.84842 	0.0285034 	-0.000321939 	5.19727e-05
2.84992 	0.0284731 	-0.000319555 	5.1671e-05
2.85143 	0.0284338 	-0.000316977 	5.13075e-05
2.85293 	0.0283945 	-0.000314398 	5.0944e-05
2.85443 	0.0283553 	-0.00031182 	5.05805e-05
2.85593 	0.028316 	-0.000309241 	5.02171e-05
2.85743 	0.0282818 	-0.00030694 	4.99338e-05
2.85893 	0.0282554 	-0.000305072 	4.97756e-05
2.86043 	0.028229 	-0.000303205 	4.96174e-05
2.86193 	0.0282073 	-0.000301588 	4.95305e-05
2.86343 	0.0281931 	-0.000300363 	4.95549e-05
2.86493 	0.0281789 	-0.000299138 	4.95792e-05
2.86643 	0.0281647 	-0.000297913 	4.96036e-05
2.86793 	0.0281505 	-0.000296689 	4.96279e-05
2.86943 	0.0281297 	-0.000295323 	4.96045e-05
2.87094 	0.0281002 	-0.000293777 	4.95196e-05
2.87244 	0.0280707 	-0.000292231 	4.94348e-05
2.87394 	0.0280413 	-0.000290684 	4.93499e-05
2.87544 	0.0280118 	-0.000289138 	4.9265e-05
2.87694 	0.0279833 	-0.000287419 	4.92603e-05
2.87844 	0.0279548 	-0.000285694 	4.92581e-05
2.87994 	0.0279263 	-0.000283969 	4.92559e-05
2.88144 	0.0278968 	-0.00028205 	4.9354e-05
2.88294 	0.0278671 	-0.000280088 	4.94735e-05
2.88444 	0.0278374 	-0.000278126 	4.9593e-05
2.88594 	0.0278077 	-0.000276165 	4.97125e-05
2.88744 	0.0277806 	-0.000274585 	4.97798e-05
2.88894 	0.0277576 	-0.000273576 	4.9769e-05
2.89045 	0.0277346 	-0.000272567 	4.97582e-05
2.89195 	0.0277116 	-0.000271558 	4.97474e-05
2.89345 	0.0276793 	-0.000270035 	4.98022e-05
2.89495 	0.0276335 	-0.000267765 	4.99522e-05
2.89645 	0.0275878 	-0.000265495 	5.01022e-05
2.89795 	0.027538 	-0.000262994 	5.02827e-05
2.89945 	0.0274693 	-0.000259429 	5.06039e-05
2.90095 	0.0274007 	-0.000255865 	5.09251e-05
2.90245 	0.0273321 	-0.0002523 	5.12462e-05
2.90395 	0.0272641 	-0.00024892 	5.15445e-05
2.90545 	0.0271985 	-0.000246167 	5.1765e-05
2.90695 	0.0271329 	-0.000243414 	5.19855e-05
2.90845 	0.0270673 	-0.000240662 	5.2206e-05
2.90995 	0.0270072 	-0.000238091 	5.24294e-05
2.91146 	0.0269501 	-0.000235615 	5.26542e-05
2.91296 	0.026893 	-0.00023314 	5.28791e-05
2.91446 	0.026842 	-0.000230897 	5.30998e-05
2.91596 	0.0268004 	-0.000229012 	5.33139e-05
2.91746 	0.0267588 	-0.000227126 	5.3528e-05
2.91896 	0.0267172 	-0.000225241 	5.37421e-05
2.92046 	0.0266653 	-0.000223403 	5.39307e-05
2.92196 	0.0266118 	-0.000221573 	5.41153e-05
2.92346 	0.0265584 	-0.000219743 	5.42999e-05
2.92496 	0.0264855 	-0.00021726 	5.45465e-05
2.92646 	0.0264029 	-0.000214454 	5.48236e-05
2.92796 	0.0263204 	-0.000211649 	5.51007e-05
2.92946 	0.0262252 	-0.000208407 	5.54231e-05
2.93097 	0.0261121 	-0.000204557 	5.58086e-05
2.93247 	0.0259991 	-0.000200707 	5.61941e-05
2.93397 	0.0258802 	-0.000196796 	5.65808e-05
2.93547 	0.0257447 	-0.000192708 	5.69712e-05
2.93697 	0.0256092 	-0.000188621 	5.73615e-05
2.93847 	0.025486 	-0.000184943 	5.76885e-05
2.93997 	0.0253812 	-0.000181882 	5.79201e-05
2.94147 	0.0252765 	-0.000178821 	5.81517e-05
2.94297 	0.0251771 	-0.000175933 	5.83571e-05
2.94447 	0.0251002 	-0.000173773 	5.84523e-05
2.94597 	0.0250234 	-0.000171613 	5.85475e-05
2.94747 	0.0249372 	-0.000169348 	5.86446e-05
2.94897 	0.0248348 	-0.000166902 	5.87449e-05
2.95048 	0.0247324 	-0.000164456 	5.88453e-05
2.95198 	0.0246252 	-0.000161938 	5.88852e-05
2.95348 	0.0245167 	-0.000159403 	5.89105e-05
2.95498 	0.0244083 	-0.000156868 	5.89357e-05
2.95648 	0.0243008 	-0.000154365 	5.89143e-05
2.95798 	0.0241937 	-0.000151878 	5.88698e-05
2.95948 	0.0240845 	-0.000149384 	5.88251e-05
2.96098 	0.0239616 	-0.000146844 	5.878e-05
2.96248 	0.0238387 	-0.000144305 	5.87349e-05
2.96398 	0.0236462 	-0.000140756 	5.85114e-05
2.96548 	0.0234405 	-0.000137014 	5.8254e-05
2.96698 	0.0232347 	-0.000133273 	5.79965e-05
2.96848 	0.0229604 	-0.000128515 	5.75556e-05
2.96998 	0.0226685 	-0.000123495 	5.70675e-05
2.97149 	0.022355 	-0.000118258 	5.65419e-05
2.97299 	0.022022 	-0.000112826 	5.59826e-05
2.97449 	0.0217225 	-0.0001081 	5.54631e-05
2.97599 	0.0214614 	-0.000104182 	5.49891e-05
2.97749 	0.0212003 	-0.000100264 	5.45151e-05
2.97899 	0.0209719 	-9.70507e-05 	5.40674e-05
2.98049 	0.0207727 	-9.44662e-05 	5.36431e-05
2.98199 	0.0205472 	-9.16355e-05 	5.31554e-05
2.98349 	0.0202946 	-8.85519e-05 	5.26026e-05
2.98499 	0.0200321 	-8.55343e-05 	5.20272e-05
2.98649 	0.0197641 	-8.25533e-05 	5.14393e-05
2.98799 	0.0194961 	-7.95722e-05 	5.08513e-05
2.98949 	0.0192264 	-7.6783e-05 	5.02518e-05
2.991 	0.0189564 	-7.40345e-05 	4.96499e-05
2.9925 	0.0186465 	-7.09927e-05 	4.89331e-05
2.994 	0.0173748 	-6.48099e-05 	4.5664e-05
2.9955 	0.014191 	-5.23829e-05 	3.732e-05
2.997 	0.0110071 	-3.99558e-05 	2.89761e-05
2.9985 	0.00600761 	-2.16187e-05 	1.58231e-05
3 	1.77772e-15 	-6.39721e-18 	4.68225e-18
