4.9958e-19 	-5.0571e-20 	-1.90625e-22 	-2.76993e-22
0.00150075 	-0.000154748 	-1.67116e-06 	-9.96847e-07
0.0030015 	-0.000309801 	-3.46035e-06 	-2.0114e-06
0.00450225 	-0.000464854 	-5.24955e-06 	-3.02594e-06
0.006003 	-0.000619907 	-7.03874e-06 	-4.04049e-06
0.00750375 	-0.000774959 	-8.82793e-06 	-5.05504e-06
0.0090045 	-0.000928443 	-1.07105e-05 	-6.08467e-06
0.0105053 	-0.00102238 	-1.37295e-05 	-6.90849e-06
0.012006 	-0.00111307 	-1.67961e-05 	-7.7316e-06
0.0135068 	-0.00120376 	-1.98628e-05 	-8.55471e-06
0.0150075 	-0.00129444 	-2.29295e-05 	-9.37781e-06
0.0165083 	-0.00138513 	-2.59961e-05 	-1.02009e-05
0.018009 	-0.00147581 	-2.90628e-05 	-1.1024e-05
0.0195098 	-0.00152862 	-3.27864e-05 	-1.16654e-05
0.0210105 	-0.00155095 	-3.72773e-05 	-1.21547e-05
0.0225113 	-0.00157328 	-4.17682e-05 	-1.26439e-05
0.024012 	-0.00159561 	-4.62591e-05 	-1.31332e-05
0.0255128 	-0.00161794 	-5.075e-05 	-1.36224e-05
0.0270135 	-0.00164027 	-5.52408e-05 	-1.41117e-05
0.0285143 	-0.0016626 	-5.97317e-05 	-1.46009e-05
0.030015 	-0.00167417 	-6.46483e-05 	-1.50101e-05
0.0315158 	-0.00167509 	-6.98946e-05 	-1.53064e-05
0.0330165 	-0.001676 	-7.5141e-05 	-1.56028e-05
0.0345173 	-0.00167692 	-8.03873e-05 	-1.58992e-05
0.036018 	-0.00167783 	-8.56337e-05 	-1.61956e-05
0.0375188 	-0.00167874 	-9.088e-05 	-1.6492e-05
0.0390195 	-0.00167966 	-9.61263e-05 	-1.67884e-05
0.0405203 	-0.00168057 	-0.000101373 	-1.70848e-05
0.042021 	-0.00167125 	-0.000106385 	-1.71787e-05
0.0435218 	-0.00166073 	-0.000111372 	-1.7245e-05
0.0450225 	-0.00165021 	-0.000116358 	-1.73112e-05
0.0465233 	-0.00163969 	-0.000121345 	-1.73775e-05
0.048024 	-0.00162917 	-0.000126331 	-1.74437e-05
0.0495248 	-0.00161865 	-0.000131318 	-1.751e-05
0.0510255 	-0.00160813 	-0.000136304 	-1.75763e-05
0.0525263 	-0.00159761 	-0.00014129 	-1.76425e-05
0.054027 	-0.0015842 	-0.000146437 	-1.76137e-05
0.0555278 	-0.00156921 	-0.000151674 	-1.75426e-05
0.0570285 	-0.00155422 	-0.00015691 	-1.74715e-05
0.0585293 	-0.00153923 	-0.000162147 	-1.74004e-05
0.06003 	-0.00152424 	-0.000167384 	-1.73293e-05
0.0615308 	-0.00150925 	-0.00017262 	-1.72582e-05
0.0630315 	-0.00149426 	-0.000177857 	-1.71871e-05
0.0645323 	-0.00147928 	-0.000183091 	-1.71164e-05
0.066033 	-0.00146431 	-0.000188326 	-1.70457e-05
0.0675338 	-0.00144504 	-0.000194443 	-1.69394e-05
0.0690345 	-0.00142421 	-0.000200883 	-1.68155e-05
0.0705353 	-0.00140338 	-0.000207323 	-1.66915e-05
0.072036 	-0.00138255 	-0.000213764 	-1.65676e-05
0.0735368 	-0.00136173 	-0.000220204 	-1.64437e-05
0.0750375 	-0.0013409 	-0.000226644 	-1.63197e-05
0.0765383 	-0.00132007 	-0.000233085 	-1.61958e-05
0.078039 	-0.00129924 	-0.000239525 	-1.60719e-05
0.0795398 	-0.00127842 	-0.000245965 	-1.59479e-05
0.0810405 	-0.001257 	-0.000252545 	-1.58496e-05
0.0825413 	-0.00123513 	-0.000259088 	-1.57994e-05
0.084042 	-0.00121326 	-0.000265631 	-1.57493e-05
0.0855428 	-0.00119139 	-0.000272173 	-1.56991e-05
0.0870435 	-0.00116952 	-0.000278716 	-1.5649e-05
0.0885443 	-0.00114765 	-0.000285259 	-1.55988e-05
0.090045 	-0.00112578 	-0.000291802 	-1.55486e-05
0.0915458 	-0.00110391 	-0.000298345 	-1.54985e-05
0.0930465 	-0.00108204 	-0.000304888 	-1.54483e-05
0.0945473 	-0.00106017 	-0.000311431 	-1.53982e-05
0.096048 	-0.0010383 	-0.000317974 	-1.5348e-05
0.0975488 	-0.00101889 	-0.00032376 	-1.53627e-05
0.0990495 	-0.000999853 	-0.000329465 	-1.53896e-05
0.10055 	-0.000980813 	-0.000335169 	-1.54165e-05
0.102051 	-0.000961772 	-0.000340874 	-1.54433e-05
0.103552 	-0.000942732 	-0.000346578 	-1.54702e-05
0.105053 	-0.000923691 	-0.000352282 	-1.54971e-05
0.106553 	-0.00090465 	-0.000357987 	-1.5524e-05
0.108054 	-0.00088561 	-0.000363691 	-1.55509e-05
0.109555 	-0.000866569 	-0.000369396 	-1.55778e-05
0.111056 	-0.000847529 	-0.0003751 	-1.56046e-05
0.112556 	-0.000828488 	-0.000380804 	-1.56315e-05
0.114057 	-0.000809586 	-0.000386466 	-1.56355e-05
0.115558 	-0.000790718 	-0.00039219 	-1.56148e-05
0.117059 	-0.000771851 	-0.000397914 	-1.55942e-05
0.118559 	-0.000752983 	-0.000403638 	-1.55736e-05
0.12006 	-0.000734116 	-0.000409362 	-1.55529e-05
0.121561 	-0.000715248 	-0.000415086 	-1.55323e-05
0.123062 	-0.000696381 	-0.00042081 	-1.55117e-05
0.124562 	-0.000677513 	-0.000426534 	-1.5491e-05
0.126063 	-0.000658646 	-0.000432257 	-1.54704e-05
0.127564 	-0.000639778 	-0.000437981 	-1.54498e-05
0.129065 	-0.000620911 	-0.000443705 	-1.54291e-05
0.130565 	-0.000602043 	-0.000449429 	-1.54085e-05
0.132066 	-0.000583252 	-0.000455109 	-1.52643e-05
0.133567 	-0.000564465 	-0.000460881 	-1.50797e-05
0.135068 	-0.000545678 	-0.000466653 	-1.48952e-05
0.136568 	-0.000526891 	-0.000472425 	-1.47106e-05
0.138069 	-0.000508104 	-0.000478197 	-1.45261e-05
0.13957 	-0.000489317 	-0.000483969 	-1.43416e-05
0.141071 	-0.00047053 	-0.000489741 	-1.4157e-05
0.142571 	-0.000451743 	-0.000495513 	-1.39725e-05
0.144072 	-0.000432956 	-0.000501285 	-1.37879e-05
0.145573 	-0.000414169 	-0.000507057 	-1.36034e-05
0.147074 	-0.000395382 	-0.000512829 	-1.34188e-05
0.148574 	-0.000376595 	-0.000518601 	-1.32343e-05
0.150075 	-0.000357808 	-0.000524373 	-1.30498e-05
0.151576 	-0.000339069 	-0.000530133 	-1.26328e-05
0.153077 	-0.000320276 	-0.000535994 	-1.22498e-05
0.154577 	-0.000301483 	-0.000541855 	-1.18667e-05
0.156078 	-0.000282689 	-0.000547716 	-1.14837e-05
0.157579 	-0.000263896 	-0.000553577 	-1.11007e-05
0.15908 	-0.000245102 	-0.000559438 	-1.07176e-05
0.16058 	-0.000226309 	-0.000565299 	-1.03346e-05
0.162081 	-0.000207515 	-0.00057116 	-9.95158e-06
0.163582 	-0.000188722 	-0.000577021 	-9.56854e-06
0.165083 	-0.000169928 	-0.000582882 	-9.18551e-06
0.166583 	-0.000151135 	-0.000588743 	-8.80248e-06
0.168084 	-0.000132342 	-0.000594604 	-8.41945e-06
0.169585 	-0.000113548 	-0.000600465 	-8.03642e-06
0.171086 	-9.46636e-05 	-0.000606391 	-7.6519e-06
0.172586 	-7.59393e-05 	-0.000612207 	-7.1186e-06
0.174087 	-5.69412e-05 	-0.000618127 	-6.6264e-06
0.175588 	-3.7943e-05 	-0.000624046 	-6.1342e-06
0.177089 	-1.89449e-05 	-0.000629966 	-5.64199e-06
0.178589 	5.32558e-08 	-0.000635885 	-5.14979e-06
0.18009 	1.90514e-05 	-0.000641805 	-4.65759e-06
0.181591 	3.80495e-05 	-0.000647724 	-4.16539e-06
0.183092 	5.70477e-05 	-0.000653644 	-3.67319e-06
0.184592 	7.60458e-05 	-0.000659563 	-3.18098e-06
0.186093 	9.5044e-05 	-0.000665483 	-2.68878e-06
0.187594 	0.000114042 	-0.000671402 	-2.19658e-06
0.189095 	0.00013304 	-0.000677322 	-1.70438e-06
0.190595 	0.000152038 	-0.000683241 	-1.21218e-06
0.192096 	0.000171037 	-0.000689161 	-7.19974e-07
0.193597 	0.000190376 	-0.000695288 	-2.92972e-07
0.195098 	0.00020925 	-0.00070101 	2.5484e-07
0.196598 	0.000228601 	-0.000706925 	8.05044e-07
0.198099 	0.000247952 	-0.000712839 	1.35525e-06
0.1996 	0.000267303 	-0.000718754 	1.90545e-06
0.201101 	0.000286654 	-0.000724668 	2.45566e-06
0.202601 	0.000306005 	-0.000730583 	3.00586e-06
0.204102 	0.000325356 	-0.000736498 	3.55606e-06
0.205603 	0.000344707 	-0.000742412 	4.10627e-06
0.207104 	0.000364058 	-0.000748327 	4.65647e-06
0.208604 	0.000383409 	-0.000754241 	5.20668e-06
0.210105 	0.00040276 	-0.000760156 	5.75688e-06
0.211606 	0.000422111 	-0.00076607 	6.30708e-06
0.213107 	0.000441462 	-0.000771985 	6.85729e-06
0.214607 	0.000460813 	-0.000777899 	7.40749e-06
0.216108 	0.000480164 	-0.000783814 	7.9577e-06
0.217609 	0.000499957 	-0.000790011 	8.41561e-06
0.21911 	0.000518886 	-0.00079564 	9.03676e-06
0.22061 	0.000538475 	-0.000801605 	9.67643e-06
0.222111 	0.000558065 	-0.000807571 	1.03161e-05
0.223612 	0.000577654 	-0.000813536 	1.09558e-05
0.225113 	0.000597243 	-0.000819502 	1.15954e-05
0.226613 	0.000616833 	-0.000825467 	1.22351e-05
0.228114 	0.000636422 	-0.000831433 	1.28748e-05
0.229615 	0.000656012 	-0.000837398 	1.35145e-05
0.231116 	0.000675601 	-0.000843364 	1.41541e-05
0.232616 	0.000695191 	-0.000849329 	1.47938e-05
0.234117 	0.00071478 	-0.000855295 	1.54335e-05
0.235618 	0.000734369 	-0.00086126 	1.60731e-05
0.237119 	0.000753959 	-0.000867226 	1.67128e-05
0.238619 	0.000773548 	-0.000873192 	1.73525e-05
0.24012 	0.000793138 	-0.000879157 	1.79922e-05
0.241621 	0.000812727 	-0.000885123 	1.86318e-05
0.243122 	0.000832778 	-0.000891366 	1.92055e-05
0.244622 	0.000852391 	-0.000897336 	1.97562e-05
0.246123 	0.000871864 	-0.000903108 	2.0467e-05
0.247624 	0.000891973 	-0.000909209 	2.12026e-05
0.249125 	0.000912082 	-0.00091531 	2.19381e-05
0.250625 	0.000932191 	-0.00092141 	2.26736e-05
0.252126 	0.0009523 	-0.000927511 	2.34091e-05
0.253627 	0.000972409 	-0.000933612 	2.41447e-05
0.255128 	0.000992518 	-0.000939712 	2.48802e-05
0.256628 	0.00101263 	-0.000945813 	2.56157e-05
0.258129 	0.00103274 	-0.000951914 	2.63512e-05
0.25963 	0.00105284 	-0.000958014 	2.70868e-05
0.261131 	0.00107295 	-0.000964115 	2.78223e-05
0.262631 	0.00109306 	-0.000970216 	2.85578e-05
0.264132 	0.00111317 	-0.000976316 	2.92933e-05
0.265633 	0.00113328 	-0.000982417 	3.00289e-05
0.267134 	0.00115339 	-0.000988518 	3.07644e-05
0.268634 	0.0011735 	-0.000994618 	3.14999e-05
0.270135 	0.00119386 	-0.00100083 	3.22476e-05
0.271636 	0.0012156 	-0.00100757 	3.30889e-05
0.273137 	0.0012348 	-0.00101283 	3.39757e-05
0.274637 	0.00125583 	-0.00101895 	3.48613e-05
0.276138 	0.00127687 	-0.00102507 	3.5747e-05
0.277639 	0.0012979 	-0.0010312 	3.66327e-05
0.27914 	0.00131893 	-0.00103732 	3.75184e-05
0.28064 	0.00133997 	-0.00104344 	3.84041e-05
0.282141 	0.001361 	-0.00104956 	3.92897e-05
0.283642 	0.00138204 	-0.00105568 	4.01754e-05
0.285143 	0.00140307 	-0.0010618 	4.10611e-05
0.286643 	0.00142411 	-0.00106792 	4.19468e-05
0.288144 	0.00144514 	-0.00107404 	4.28325e-05
0.289645 	0.00146617 	-0.00108017 	4.37182e-05
0.291146 	0.00148721 	-0.00108629 	4.46038e-05
0.292646 	0.00150824 	-0.00109241 	4.54895e-05
0.294147 	0.00152928 	-0.00109853 	4.63752e-05
0.295648 	0.00155031 	-0.00110465 	4.72609e-05
0.297149 	0.00157135 	-0.00111077 	4.81466e-05
0.298649 	0.00159238 	-0.00111689 	4.90322e-05
0.30015 	0.00161512 	-0.00112363 	5.00104e-05
0.301651 	0.00163689 	-0.0011297 	5.11304e-05
0.303152 	0.00165752 	-0.00113508 	5.23003e-05
0.304652 	0.00167954 	-0.00114099 	5.33016e-05
0.306153 	0.00170156 	-0.0011469 	5.43029e-05
0.307654 	0.00172357 	-0.00115282 	5.53042e-05
0.309155 	0.00174559 	-0.00115873 	5.63055e-05
0.310655 	0.0017676 	-0.00116464 	5.73068e-05
0.312156 	0.00178962 	-0.00117055 	5.83081e-05
0.313657 	0.00181164 	-0.00117647 	5.93094e-05
0.315158 	0.00183365 	-0.00118238 	6.03107e-05
0.316658 	0.00185567 	-0.00118829 	6.1312e-05
0.318159 	0.00187768 	-0.0011942 	6.23133e-05
0.31966 	0.0018997 	-0.00120012 	6.33146e-05
0.321161 	0.00192172 	-0.00120603 	6.43159e-05
0.322661 	0.00194373 	-0.00121194 	6.53172e-05
0.324162 	0.00196575 	-0.00121786 	6.63185e-05
0.325663 	0.00198777 	-0.00122377 	6.73198e-05
0.327164 	0.00200978 	-0.00122968 	6.83211e-05
0.328664 	0.0020318 	-0.00123559 	6.93224e-05
0.330165 	0.00205389 	-0.00124153 	7.03183e-05
0.331666 	0.00207837 	-0.00124824 	7.11543e-05
0.333167 	0.00210124 	-0.0012541 	7.20035e-05
0.334667 	0.00212302 	-0.00125938 	7.28646e-05
0.336168 	0.00214603 	-0.00126499 	7.38288e-05
0.337669 	0.00216905 	-0.0012706 	7.47931e-05
0.33917 	0.00219206 	-0.00127621 	7.57573e-05
0.34067 	0.00221507 	-0.00128183 	7.67216e-05
0.342171 	0.00223809 	-0.00128744 	7.76858e-05
0.343672 	0.0022611 	-0.00129305 	7.86501e-05
0.345173 	0.00228412 	-0.00129866 	7.96144e-05
0.346673 	0.00230713 	-0.00130427 	8.05786e-05
0.348174 	0.00233014 	-0.00130988 	8.15429e-05
0.349675 	0.00235316 	-0.00131549 	8.25071e-05
0.351176 	0.00237617 	-0.0013211 	8.34714e-05
0.352676 	0.00239919 	-0.00132671 	8.44356e-05
0.354177 	0.0024222 	-0.00133232 	8.53999e-05
0.355678 	0.00244521 	-0.00133793 	8.63641e-05
0.357179 	0.00246823 	-0.00134354 	8.73284e-05
0.358679 	0.00249124 	-0.00134915 	8.82927e-05
0.36018 	0.00251425 	-0.00135477 	8.92569e-05
0.361681 	0.00253727 	-0.00136038 	9.02212e-05
0.363182 	0.00256036 	-0.00136601 	9.11846e-05
0.364682 	0.00258552 	-0.00137225 	9.21256e-05
0.366183 	0.00261007 	-0.00137818 	9.28596e-05
0.367684 	0.00263327 	-0.00138345 	9.31271e-05
0.369185 	0.00265677 	-0.00138876 	9.36099e-05
0.370685 	0.00268067 	-0.00139414 	9.43721e-05
0.372186 	0.00270458 	-0.00139953 	9.51344e-05
0.373687 	0.00272848 	-0.00140491 	9.58966e-05
0.375188 	0.00275238 	-0.0014103 	9.66588e-05
0.376688 	0.00277628 	-0.00141568 	9.7421e-05
0.378189 	0.00280019 	-0.00142107 	9.81833e-05
0.37969 	0.00282409 	-0.00142645 	9.89455e-05
0.381191 	0.00284799 	-0.00143184 	9.97077e-05
0.382691 	0.00287189 	-0.00143722 	0.00010047
0.384192 	0.0028958 	-0.0014426 	0.000101232
0.385693 	0.0029197 	-0.00144799 	0.000101994
0.387194 	0.0029436 	-0.00145337 	0.000102757
0.388694 	0.00296751 	-0.00145876 	0.000103519
0.390195 	0.00299141 	-0.00146414 	0.000104281
0.391696 	0.00301531 	-0.00146953 	0.000105043
0.393197 	0.00303921 	-0.00147491 	0.000105806
0.394697 	0.00306312 	-0.0014803 	0.000106568
0.396198 	0.00308702 	-0.00148568 	0.00010733
0.397699 	0.00311092 	-0.00149106 	0.000108092
0.3992 	0.00313594 	-0.00149676 	0.000109088
0.4007 	0.00316148 	-0.0015026 	0.000110191
0.402201 	0.00318618 	-0.00150805 	0.000110587
0.403702 	0.00321041 	-0.00151326 	0.000110567
0.405203 	0.00323375 	-0.00151825 	0.000110708
0.406703 	0.00325582 	-0.00152293 	0.000111085
0.408204 	0.00327788 	-0.0015276 	0.000111462
0.409705 	0.00329995 	-0.00153228 	0.00011184
0.411206 	0.00332202 	-0.00153695 	0.000112217
0.412706 	0.00334408 	-0.00154163 	0.000112594
0.414207 	0.00336615 	-0.00154631 	0.000112971
0.415708 	0.00338822 	-0.00155098 	0.000113348
0.417209 	0.00341028 	-0.00155566 	0.000113725
0.418709 	0.00343235 	-0.00156033 	0.000114102
0.42021 	0.00345442 	-0.00156501 	0.00011448
0.421711 	0.00347648 	-0.00156968 	0.000114857
0.423212 	0.00349855 	-0.00157436 	0.000115234
0.424712 	0.00352062 	-0.00157904 	0.000115611
0.426213 	0.00354268 	-0.00158371 	0.000115988
0.427714 	0.00356475 	-0.00158839 	0.000116365
0.429215 	0.00358681 	-0.00159306 	0.000116742
0.430715 	0.00360888 	-0.00159774 	0.00011712
0.432216 	0.00363095 	-0.00160241 	0.000117497
0.433717 	0.00365301 	-0.00160709 	0.000117874
0.435218 	0.00367508 	-0.00161176 	0.000118251
0.436718 	0.00369307 	-0.00161559 	0.000118956
0.438219 	0.00371079 	-0.00161936 	0.000119683
0.43972 	0.00372621 	-0.00162256 	0.000119852
0.441221 	0.00373946 	-0.0016252 	0.000119496
0.442721 	0.00375272 	-0.00162784 	0.00011914
0.444222 	0.0037731 	-0.00163183 	0.000119207
0.445723 	0.00379431 	-0.00163597 	0.000119324
0.447224 	0.00381552 	-0.00164012 	0.000119442
0.448724 	0.00383674 	-0.00164426 	0.000119559
0.450225 	0.00385795 	-0.0016484 	0.000119676
0.451726 	0.00387916 	-0.00165255 	0.000119793
0.453227 	0.00390038 	-0.00165669 	0.00011991
0.454727 	0.00392159 	-0.00166083 	0.000120027
0.456228 	0.0039428 	-0.00166498 	0.000120144
0.457729 	0.00396401 	-0.00166912 	0.000120261
0.45923 	0.00398523 	-0.00167326 	0.000120379
0.46073 	0.00400644 	-0.00167741 	0.000120496
0.462231 	0.00402765 	-0.00168155 	0.000120613
0.463732 	0.00404887 	-0.00168569 	0.00012073
0.465233 	0.00407008 	-0.00168984 	0.000120847
0.466733 	0.00409129 	-0.00169398 	0.000120964
0.468234 	0.00411251 	-0.00169812 	0.000121081
0.469735 	0.00413372 	-0.00170227 	0.000121198
0.471236 	0.00415493 	-0.00170641 	0.000121315
0.472736 	0.00417614 	-0.00171055 	0.000121433
0.474237 	0.00419736 	-0.00171469 	0.00012155
0.475738 	0.00422465 	-0.00171996 	0.000122035
0.477239 	0.00425376 	-0.00172556 	0.000122631
0.478739 	0.00428287 	-0.00173116 	0.000123227
0.48024 	0.00430709 	-0.00173562 	0.00012291
0.481741 	0.00433096 	-0.00173999 	0.000122524
0.483242 	0.00435482 	-0.00174435 	0.000122137
0.484742 	0.00437981 	-0.00174873 	0.000122259
0.486243 	0.00440498 	-0.00175312 	0.00012246
0.487744 	0.00443015 	-0.0017575 	0.000122661
0.489245 	0.00445533 	-0.00176188 	0.000122862
0.490745 	0.0044805 	-0.00176627 	0.000123063
0.492246 	0.00450567 	-0.00177065 	0.000123264
0.493747 	0.00453084 	-0.00177503 	0.000123465
0.495248 	0.00455601 	-0.00177941 	0.000123666
0.496748 	0.00458118 	-0.0017838 	0.000123867
0.498249 	0.00460635 	-0.00178818 	0.000124068
0.49975 	0.00463152 	-0.00179256 	0.000124269
0.501251 	0.00465669 	-0.00179695 	0.00012447
0.502751 	0.00468186 	-0.00180133 	0.000124672
0.504252 	0.00470703 	-0.00180571 	0.000124873
0.505753 	0.0047322 	-0.0018101 	0.000125074
0.507254 	0.00475737 	-0.00181448 	0.000125275
0.508754 	0.00478254 	-0.00181886 	0.000125476
0.510255 	0.00480771 	-0.00182325 	0.000125677
0.511756 	0.00483288 	-0.00182763 	0.000125878
0.513257 	0.00485805 	-0.00183201 	0.000126079
0.514757 	0.00488322 	-0.00183639 	0.00012628
0.516258 	0.00490926 	-0.00184083 	0.000126584
0.517759 	0.00494003 	-0.00184552 	0.000127455
0.51926 	0.00497081 	-0.00185022 	0.000128326
0.52076 	0.00500159 	-0.00185491 	0.000129196
0.522261 	0.00502849 	-0.00185943 	0.000129308
0.523762 	0.00505471 	-0.00186391 	0.000129287
0.525263 	0.00508092 	-0.0018684 	0.000129266
0.526763 	0.00510791 	-0.00187283 	0.000129393
0.528264 	0.00513683 	-0.00187714 	0.000129894
0.529765 	0.00516575 	-0.00188144 	0.000130395
0.531266 	0.00519467 	-0.00188575 	0.000130895
0.532766 	0.00522358 	-0.00189006 	0.000131396
0.534267 	0.0052525 	-0.00189436 	0.000131896
0.535768 	0.00528142 	-0.00189867 	0.000132397
0.537269 	0.00531034 	-0.00190298 	0.000132897
0.538769 	0.00533925 	-0.00190728 	0.000133398
0.54027 	0.00536817 	-0.00191159 	0.000133898
0.541771 	0.00539709 	-0.0019159 	0.000134399
0.543272 	0.00542601 	-0.0019202 	0.000134899
0.544772 	0.00545492 	-0.00192451 	0.0001354
0.546273 	0.00548384 	-0.00192882 	0.000135901
0.547774 	0.00551276 	-0.00193312 	0.000136401
0.549275 	0.00554168 	-0.00193743 	0.000136902
0.550775 	0.00557059 	-0.00194174 	0.000137402
0.552276 	0.00559951 	-0.00194605 	0.000137903
0.553777 	0.00562843 	-0.00195035 	0.000138403
0.555278 	0.00565735 	-0.00195466 	0.000138904
0.556778 	0.00568626 	-0.00195897 	0.000139404
0.558279 	0.00571518 	-0.00196327 	0.000139905
0.55978 	0.00574452 	-0.00196756 	0.000140461
0.561281 	0.00577866 	-0.00197162 	0.000141654
0.562781 	0.00581279 	-0.00197569 	0.000142847
0.564282 	0.00584693 	-0.00197975 	0.00014404
0.565783 	0.00587941 	-0.00198384 	0.000145067
0.567284 	0.00590705 	-0.00198803 	0.000145613
0.568784 	0.0059347 	-0.00199222 	0.000146159
0.570285 	0.00596235 	-0.00199641 	0.000146705
0.571786 	0.00599052 	-0.00200056 	0.000147247
0.573287 	0.00602198 	-0.00200449 	0.000147766
0.574787 	0.00605345 	-0.00200842 	0.000148284
0.576288 	0.00608491 	-0.00201235 	0.000148802
0.577789 	0.00611637 	-0.00201628 	0.00014932
0.57929 	0.00614783 	-0.0020202 	0.000149839
0.58079 	0.00617929 	-0.00202413 	0.000150357
0.582291 	0.00621075 	-0.00202806 	0.000150875
0.583792 	0.00624221 	-0.00203199 	0.000151393
0.585293 	0.00627367 	-0.00203592 	0.000151912
0.586793 	0.00630514 	-0.00203985 	0.00015243
0.588294 	0.0063366 	-0.00204378 	0.000152948
0.589795 	0.00636806 	-0.00204771 	0.000153466
0.591296 	0.00639952 	-0.00205164 	0.000153985
0.592796 	0.00643098 	-0.00205557 	0.000154503
0.594297 	0.00646244 	-0.0020595 	0.000155021
0.595798 	0.0064939 	-0.00206343 	0.000155539
0.597299 	0.00652537 	-0.00206736 	0.000156058
0.598799 	0.00655683 	-0.00207129 	0.000156576
0.6003 	0.00658829 	-0.00207522 	0.000157094
0.601801 	0.00661975 	-0.00207915 	0.000157612
0.603302 	0.00665121 	-0.00208308 	0.000158131
0.604802 	0.00668267 	-0.002087 	0.000158649
0.606303 	0.00671661 	-0.00209082 	0.000159218
0.607804 	0.00675267 	-0.00209453 	0.00015983
0.609305 	0.00678873 	-0.00209824 	0.000160441
0.610805 	0.00682479 	-0.00210195 	0.000161053
0.612306 	0.00686002 	-0.00210568 	0.00016162
0.613807 	0.00689021 	-0.00210952 	0.000161913
0.615308 	0.00692041 	-0.00211336 	0.000162206
0.616808 	0.00695061 	-0.00211721 	0.000162499
0.618309 	0.00698081 	-0.00212105 	0.000162792
0.61981 	0.00701241 	-0.00212479 	0.000162991
0.621311 	0.00704602 	-0.00212838 	0.000163055
0.622811 	0.00707963 	-0.00213197 	0.000163119
0.624312 	0.00711324 	-0.00213557 	0.000163183
0.625813 	0.00714685 	-0.00213916 	0.000163247
0.627314 	0.00718046 	-0.00214275 	0.000163311
0.628814 	0.00721407 	-0.00214634 	0.000163375
0.630315 	0.00724768 	-0.00214994 	0.000163439
0.631816 	0.00728129 	-0.00215353 	0.000163503
0.633317 	0.0073149 	-0.00215712 	0.000163566
0.634817 	0.00734851 	-0.00216071 	0.00016363
0.636318 	0.00738212 	-0.0021643 	0.000163694
0.637819 	0.00741573 	-0.0021679 	0.000163758
0.63932 	0.00744934 	-0.00217149 	0.000163822
0.64082 	0.00748295 	-0.00217508 	0.000163886
0.642321 	0.00751656 	-0.00217867 	0.00016395
0.643822 	0.00755017 	-0.00218227 	0.000164014
0.645323 	0.00758378 	-0.00218586 	0.000164078
0.646823 	0.00761739 	-0.00218945 	0.000164142
0.648324 	0.007651 	-0.00219304 	0.000164206
0.649825 	0.00768461 	-0.00219663 	0.00016427
0.651326 	0.00771822 	-0.00220023 	0.000164334
0.652826 	0.00775183 	-0.00220382 	0.000164398
0.654327 	0.00778763 	-0.0022073 	0.000164348
0.655828 	0.00782532 	-0.00221069 	0.0001642
0.657329 	0.00786301 	-0.00221408 	0.000164053
0.658829 	0.0079007 	-0.00221746 	0.000163905
0.66033 	0.00793839 	-0.00222085 	0.000163758
0.661831 	0.00797329 	-0.00222435 	0.000163552
0.663332 	0.00800554 	-0.00222794 	0.000163292
0.664832 	0.00803778 	-0.00223154 	0.000163032
0.666333 	0.00807003 	-0.00223514 	0.000162771
0.667834 	0.00810228 	-0.00223874 	0.000162511
0.669335 	0.00813486 	-0.0022423 	0.000162235
0.670835 	0.00817002 	-0.00224556 	0.000161841
0.672336 	0.00820519 	-0.00224882 	0.000161446
0.673837 	0.00824035 	-0.00225208 	0.000161052
0.675338 	0.00827552 	-0.00225534 	0.000160657
0.676838 	0.00831068 	-0.0022586 	0.000160263
0.678339 	0.00834585 	-0.00226187 	0.000159868
0.67984 	0.00838101 	-0.00226513 	0.000159474
0.681341 	0.00841617 	-0.00226839 	0.00015908
0.682841 	0.00845134 	-0.00227165 	0.000158685
0.684342 	0.0084865 	-0.00227491 	0.000158291
0.685843 	0.00852167 	-0.00227818 	0.000157896
0.687344 	0.00855683 	-0.00228144 	0.000157502
0.688844 	0.008592 	-0.0022847 	0.000157107
0.690345 	0.00862716 	-0.00228796 	0.000156713
0.691846 	0.00866233 	-0.00229122 	0.000156318
0.693347 	0.00869749 	-0.00229448 	0.000155924
0.694847 	0.00873266 	-0.00229775 	0.000155529
0.696348 	0.00876782 	-0.00230101 	0.000155135
0.697849 	0.00880299 	-0.00230427 	0.00015474
0.69935 	0.00883815 	-0.00230753 	0.000154346
0.70085 	0.00887331 	-0.00231079 	0.000153951
0.702351 	0.00890848 	-0.00231406 	0.000153557
0.703852 	0.008944 	-0.0023173 	0.00015315
0.705353 	0.00898298 	-0.00232032 	0.00015262
0.706853 	0.00902197 	-0.00232334 	0.00015209
0.708354 	0.00906095 	-0.00232637 	0.000151559
0.709855 	0.00909993 	-0.00232939 	0.000151029
0.711356 	0.00913892 	-0.00233241 	0.000150499
0.712856 	0.00917616 	-0.00233558 	0.000149971
0.714357 	0.00921056 	-0.002339 	0.000149447
0.715858 	0.00924497 	-0.00234241 	0.000148923
0.717359 	0.00927937 	-0.00234582 	0.000148399
0.718859 	0.00931378 	-0.00234923 	0.000147875
0.72036 	0.00934818 	-0.00235264 	0.000147351
0.721861 	0.00938148 	-0.0023558 	0.000146795
0.723362 	0.00941151 	-0.00235822 	0.000146142
0.724862 	0.00944154 	-0.00236063 	0.000145489
0.726363 	0.00947156 	-0.00236305 	0.000144837
0.727864 	0.00950159 	-0.00236547 	0.000144184
0.729365 	0.00953162 	-0.00236788 	0.000143531
0.730865 	0.00956165 	-0.0023703 	0.000142879
0.732366 	0.00959168 	-0.00237271 	0.000142226
0.733867 	0.0096217 	-0.00237513 	0.000141573
0.735368 	0.00965173 	-0.00237755 	0.000140921
0.736868 	0.00968176 	-0.00237996 	0.000140268
0.738369 	0.00971179 	-0.00238238 	0.000139615
0.73987 	0.00974182 	-0.00238479 	0.000138963
0.741371 	0.00977184 	-0.00238721 	0.00013831
0.742871 	0.00980187 	-0.00238963 	0.000137657
0.744372 	0.0098319 	-0.00239204 	0.000137005
0.745873 	0.00986193 	-0.00239446 	0.000136352
0.747374 	0.00989196 	-0.00239687 	0.000135699
0.748874 	0.00992198 	-0.00239929 	0.000135047
0.750375 	0.00995201 	-0.0024017 	0.000134394
0.751876 	0.00998204 	-0.00240412 	0.000133741
0.753377 	0.0100121 	-0.00240654 	0.000133089
0.754877 	0.0100421 	-0.00240895 	0.000132436
0.756378 	0.010071 	-0.00241114 	0.000131766
0.757879 	0.0100961 	-0.00241257 	0.000131038
0.75938 	0.0101212 	-0.002414 	0.000130311
0.76088 	0.0101463 	-0.00241543 	0.000129584
0.762381 	0.0101714 	-0.00241686 	0.000128856
0.763882 	0.0101965 	-0.00241829 	0.000128129
0.765383 	0.0102216 	-0.00241972 	0.000127402
0.766883 	0.0102438 	-0.00242161 	0.000126746
0.768384 	0.0102651 	-0.00242365 	0.000126111
0.769885 	0.0102865 	-0.00242568 	0.000125476
0.771386 	0.0103078 	-0.00242771 	0.00012484
0.772886 	0.0103292 	-0.00242974 	0.000124205
0.774387 	0.0103506 	-0.00243177 	0.00012357
0.775888 	0.0103719 	-0.0024338 	0.000122935
0.777389 	0.0104011 	-0.00243568 	0.000122041
0.778889 	0.0104314 	-0.00243754 	0.000121106
0.78039 	0.0104618 	-0.00243939 	0.000120171
0.781891 	0.0104922 	-0.00244125 	0.000119236
0.783392 	0.0105226 	-0.00244311 	0.000118301
0.784892 	0.0105529 	-0.00244496 	0.000117366
0.786393 	0.0105833 	-0.00244682 	0.000116431
0.787894 	0.0106137 	-0.00244867 	0.000115496
0.789395 	0.0106441 	-0.00245053 	0.000114561
0.790895 	0.0106744 	-0.00245239 	0.000113625
0.792396 	0.0107048 	-0.00245424 	0.00011269
0.793897 	0.0107352 	-0.0024561 	0.000111755
0.795398 	0.0107655 	-0.00245795 	0.00011082
0.796898 	0.0107959 	-0.00245981 	0.000109885
0.798399 	0.0108263 	-0.00246166 	0.00010895
0.7999 	0.0108567 	-0.00246352 	0.000108015
0.801401 	0.010887 	-0.00246538 	0.00010708
0.802901 	0.0109174 	-0.00246723 	0.000106145
0.804402 	0.0109478 	-0.00246909 	0.00010521
0.805903 	0.0109782 	-0.00247094 	0.000104275
0.807404 	0.0110085 	-0.0024728 	0.00010334
0.808904 	0.0110389 	-0.00247466 	0.000102405
0.810405 	0.0110693 	-0.00247651 	0.00010147
0.811906 	0.0111088 	-0.00247825 	0.00010026
0.813407 	0.0111483 	-0.00247998 	9.9048e-05
0.814907 	0.0111878 	-0.00248172 	9.78364e-05
0.816408 	0.0112273 	-0.00248345 	9.66249e-05
0.817909 	0.0112669 	-0.00248519 	9.54133e-05
0.81941 	0.0113064 	-0.00248692 	9.42017e-05
0.82091 	0.0113459 	-0.00248866 	9.29902e-05
0.822411 	0.0113829 	-0.00249095 	9.18077e-05
0.823912 	0.0114189 	-0.00249343 	9.06351e-05
0.825413 	0.011455 	-0.0024959 	8.94625e-05
0.826913 	0.011491 	-0.00249838 	8.829e-05
0.828414 	0.0115271 	-0.00250086 	8.71174e-05
0.829915 	0.0115632 	-0.00250334 	8.59448e-05
0.831416 	0.0115992 	-0.00250582 	8.47722e-05
0.832916 	0.0116353 	-0.00250829 	8.35996e-05
0.834417 	0.0116723 	-0.0025099 	8.26893e-05
0.835918 	0.0117092 	-0.00251151 	8.17811e-05
0.837419 	0.0117462 	-0.00251311 	8.0873e-05
0.838919 	0.0117832 	-0.00251471 	7.99648e-05
0.84042 	0.0118202 	-0.00251631 	7.90566e-05
0.841921 	0.0118572 	-0.00251792 	7.81484e-05
0.843422 	0.0118942 	-0.00251952 	7.72402e-05
0.844922 	0.0119312 	-0.00252112 	7.6332e-05
0.846423 	0.0119681 	-0.00252272 	7.54238e-05
0.847924 	0.0120051 	-0.00252433 	7.45156e-05
0.849425 	0.0120421 	-0.00252593 	7.36074e-05
0.850925 	0.0120791 	-0.00252753 	7.26992e-05
0.852426 	0.0121161 	-0.00252913 	7.1791e-05
0.853927 	0.0121531 	-0.00253074 	7.08828e-05
0.855428 	0.01219 	-0.00253234 	6.99746e-05
0.856928 	0.012227 	-0.00253394 	6.90664e-05
0.858429 	0.012264 	-0.00253554 	6.81582e-05
0.85993 	0.012301 	-0.00253715 	6.72501e-05
0.861431 	0.012338 	-0.00253875 	6.63419e-05
0.862931 	0.012375 	-0.00254035 	6.54337e-05
0.864432 	0.0124119 	-0.00254195 	6.45255e-05
0.865933 	0.0124489 	-0.00254356 	6.36173e-05
0.867434 	0.0124869 	-0.00254481 	6.28169e-05
0.868934 	0.0125262 	-0.00254562 	6.21535e-05
0.870435 	0.0125654 	-0.00254642 	6.14901e-05
0.871936 	0.0126047 	-0.00254723 	6.08267e-05
0.873437 	0.0126439 	-0.00254804 	6.01633e-05
0.874937 	0.0126832 	-0.00254885 	5.95e-05
0.876438 	0.0127224 	-0.00254965 	5.88366e-05
0.877939 	0.0127617 	-0.00255046 	5.81732e-05
0.87944 	0.0128003 	-0.00255157 	5.74944e-05
0.88094 	0.0128376 	-0.00255326 	5.67857e-05
0.882441 	0.0128749 	-0.00255494 	5.60771e-05
0.883942 	0.0129122 	-0.00255663 	5.53685e-05
0.885443 	0.0129496 	-0.00255832 	5.46599e-05
0.886943 	0.0129869 	-0.00256001 	5.39513e-05
0.888444 	0.0130242 	-0.00256169 	5.32427e-05
0.889945 	0.0130615 	-0.00256338 	5.25341e-05
0.891446 	0.0130988 	-0.00256507 	5.18254e-05
0.892946 	0.0131363 	-0.00256618 	5.12146e-05
0.894447 	0.0131737 	-0.00256704 	5.06462e-05
0.895948 	0.0132111 	-0.00256789 	5.00778e-05
0.897449 	0.0132486 	-0.00256875 	4.95093e-05
0.898949 	0.013286 	-0.00256961 	4.89409e-05
0.90045 	0.0133235 	-0.00257047 	4.83725e-05
0.901951 	0.0133609 	-0.00257133 	4.78041e-05
0.903452 	0.0133984 	-0.00257218 	4.72357e-05
0.904952 	0.0134358 	-0.00257304 	4.66673e-05
0.906453 	0.0134732 	-0.0025739 	4.60989e-05
0.907954 	0.0135107 	-0.00257476 	4.55305e-05
0.909455 	0.0135481 	-0.00257562 	4.49621e-05
0.910955 	0.0135856 	-0.00257647 	4.43937e-05
0.912456 	0.013623 	-0.00257733 	4.38253e-05
0.913957 	0.0136605 	-0.00257819 	4.32569e-05
0.915458 	0.0136979 	-0.00257905 	4.26885e-05
0.916958 	0.0137354 	-0.00257991 	4.21201e-05
0.918459 	0.0137728 	-0.00258077 	4.15517e-05
0.91996 	0.0138102 	-0.00258162 	4.09833e-05
0.921461 	0.0138477 	-0.00258248 	4.04149e-05
0.922961 	0.0138851 	-0.00258334 	3.98465e-05
0.924462 	0.0139226 	-0.0025842 	3.9278e-05
0.925963 	0.0139607 	-0.00258453 	3.88059e-05
0.927464 	0.0139991 	-0.00258455 	3.83899e-05
0.928964 	0.0140376 	-0.00258457 	3.79739e-05
0.930465 	0.0140761 	-0.00258459 	3.75578e-05
0.931966 	0.0141146 	-0.00258461 	3.71418e-05
0.933467 	0.0141531 	-0.00258463 	3.67258e-05
0.934967 	0.0141915 	-0.00258465 	3.63098e-05
0.936468 	0.01423 	-0.00258467 	3.58937e-05
0.937969 	0.0142685 	-0.00258469 	3.54777e-05
0.93947 	0.0143064 	-0.00258527 	3.50666e-05
0.94097 	0.0143439 	-0.00258616 	3.46583e-05
0.942471 	0.0143814 	-0.00258706 	3.425e-05
0.943972 	0.0144189 	-0.00258795 	3.38417e-05
0.945473 	0.0144565 	-0.00258884 	3.34333e-05
0.946973 	0.014494 	-0.00258974 	3.3025e-05
0.948474 	0.0145315 	-0.00259063 	3.26167e-05
0.949975 	0.014569 	-0.00259152 	3.22084e-05
0.951476 	0.0146065 	-0.00259242 	3.18001e-05
0.952976 	0.014644 	-0.00259327 	3.13877e-05
0.954477 	0.014681 	-0.00259342 	3.09079e-05
0.955978 	0.0147179 	-0.00259358 	3.04282e-05
0.957479 	0.0147548 	-0.00259373 	2.99485e-05
0.958979 	0.0147918 	-0.00259389 	2.94687e-05
0.96048 	0.0148287 	-0.00259404 	2.8989e-05
0.961981 	0.0148656 	-0.0025942 	2.85093e-05
0.963482 	0.0149026 	-0.00259435 	2.80295e-05
0.964982 	0.0149395 	-0.00259451 	2.75498e-05
0.966483 	0.0149765 	-0.00259467 	2.70701e-05
0.967984 	0.0150134 	-0.00259482 	2.65903e-05
0.969485 	0.0150503 	-0.00259498 	2.61106e-05
0.970985 	0.0150873 	-0.00259513 	2.56309e-05
0.972486 	0.0151242 	-0.00259529 	2.51511e-05
0.973987 	0.0151611 	-0.00259544 	2.46714e-05
0.975488 	0.0151981 	-0.0025956 	2.41917e-05
0.976988 	0.015235 	-0.00259575 	2.37119e-05
0.978489 	0.0152719 	-0.00259591 	2.32322e-05
0.97999 	0.0153089 	-0.00259606 	2.27525e-05
0.981491 	0.0153458 	-0.00259622 	2.22727e-05
0.982991 	0.0153827 	-0.00259637 	2.1793e-05
0.984492 	0.0154197 	-0.00259653 	2.13133e-05
0.985993 	0.0154567 	-0.00259617 	2.0811e-05
0.987494 	0.0154937 	-0.00259555 	2.02965e-05
0.988994 	0.0155308 	-0.00259492 	1.97821e-05
0.990495 	0.0155678 	-0.00259429 	1.92677e-05
0.991996 	0.0156049 	-0.00259366 	1.87533e-05
0.993497 	0.0156419 	-0.00259304 	1.82389e-05
0.994997 	0.0156789 	-0.00259241 	1.77245e-05
0.996498 	0.015716 	-0.00259178 	1.721e-05
0.997999 	0.015753 	-0.00259116 	1.66956e-05
0.9995 	0.0157901 	-0.00259053 	1.61812e-05
1.001 	0.015827 	-0.0025905 	1.56997e-05
1.0025 	0.0158639 	-0.00259071 	1.52311e-05
1.004 	0.0159008 	-0.00259092 	1.47624e-05
1.0055 	0.0159377 	-0.00259113 	1.42937e-05
1.007 	0.0159746 	-0.00259134 	1.3825e-05
1.0085 	0.0160115 	-0.00259155 	1.33564e-05
1.01001 	0.0160484 	-0.00259175 	1.28877e-05
1.01151 	0.0160853 	-0.00259196 	1.2419e-05
1.01301 	0.0161222 	-0.00259217 	1.19503e-05
1.01451 	0.0161591 	-0.00259238 	1.14817e-05
1.01601 	0.0161958 	-0.00259247 	1.10214e-05
1.01751 	0.0162315 	-0.00259201 	1.06033e-05
1.01901 	0.0162672 	-0.00259154 	1.01853e-05
1.02051 	0.0163028 	-0.00259108 	9.76723e-06
1.02201 	0.0163385 	-0.00259061 	9.34917e-06
1.02351 	0.0163742 	-0.00259014 	8.93112e-06
1.02501 	0.0164099 	-0.00258968 	8.51306e-06
1.02651 	0.0164456 	-0.00258921 	8.095e-06
1.02801 	0.0164813 	-0.00258874 	7.67695e-06
1.02951 	0.016517 	-0.00258828 	7.25889e-06
1.03102 	0.0165527 	-0.00258781 	6.84084e-06
1.03252 	0.0165883 	-0.00258734 	6.42278e-06
1.03402 	0.016624 	-0.00258688 	6.00472e-06
1.03552 	0.0166597 	-0.00258641 	5.58667e-06
1.03702 	0.0166954 	-0.00258595 	5.16861e-06
1.03852 	0.0167311 	-0.00258548 	4.75055e-06
1.04002 	0.0167668 	-0.00258501 	4.3325e-06
1.04152 	0.0168025 	-0.00258455 	3.91444e-06
1.04302 	0.0168381 	-0.00258408 	3.49639e-06
1.04452 	0.0168738 	-0.00258361 	3.07833e-06
1.04602 	0.0169095 	-0.00258315 	2.66027e-06
1.04752 	0.0169428 	-0.0025823 	2.30411e-06
1.04902 	0.0169744 	-0.00258118 	1.99042e-06
1.05053 	0.0170059 	-0.00258006 	1.67674e-06
1.05203 	0.0170375 	-0.00257895 	1.36306e-06
1.05353 	0.0170691 	-0.00257783 	1.04938e-06
1.05503 	0.0171007 	-0.00257671 	7.35697e-07
1.05653 	0.0171323 	-0.00257559 	4.22016e-07
1.05803 	0.0171639 	-0.00257448 	1.08334e-07
1.05953 	0.0171955 	-0.00257336 	-2.05348e-07
1.06103 	0.017227 	-0.00257224 	-5.1903e-07
1.06253 	0.0172586 	-0.00257113 	-8.32712e-07
1.06403 	0.0172959 	-0.00257039 	-1.16183e-06
1.06553 	0.0173356 	-0.00256983 	-1.49786e-06
1.06703 	0.0173754 	-0.00256926 	-1.83389e-06
1.06853 	0.0174151 	-0.00256869 	-2.16992e-06
1.07004 	0.0174549 	-0.00256813 	-2.50595e-06
1.07154 	0.0174946 	-0.00256756 	-2.84198e-06
1.07304 	0.0175344 	-0.002567 	-3.17801e-06
1.07454 	0.0175741 	-0.00256643 	-3.51404e-06
1.07604 	0.0176139 	-0.00256587 	-3.85007e-06
1.07754 	0.0176536 	-0.0025653 	-4.1861e-06
1.07904 	0.0176934 	-0.00256473 	-4.52213e-06
1.08054 	0.0177316 	-0.00256414 	-4.84386e-06
1.08204 	0.01776 	-0.00256337 	-5.07303e-06
1.08354 	0.0177884 	-0.0025626 	-5.30221e-06
1.08504 	0.0178168 	-0.00256182 	-5.53138e-06
1.08654 	0.0178452 	-0.00256105 	-5.76056e-06
1.08804 	0.0178735 	-0.00256028 	-5.98973e-06
1.08954 	0.0179019 	-0.0025595 	-6.21891e-06
1.09105 	0.0179303 	-0.00255873 	-6.44808e-06
1.09255 	0.0179587 	-0.00255796 	-6.67725e-06
1.09405 	0.0179871 	-0.00255719 	-6.90643e-06
1.09555 	0.0180155 	-0.00255641 	-7.1356e-06
1.09705 	0.0180439 	-0.00255564 	-7.36478e-06
1.09855 	0.0180723 	-0.00255487 	-7.59395e-06
1.10005 	0.0181006 	-0.00255409 	-7.82313e-06
1.10155 	0.018129 	-0.00255332 	-8.0523e-06
1.10305 	0.0181574 	-0.00255255 	-8.28147e-06
1.10455 	0.0181858 	-0.00255177 	-8.51065e-06
1.10605 	0.0182142 	-0.002551 	-8.73982e-06
1.10755 	0.0182426 	-0.00255023 	-8.969e-06
1.10905 	0.018271 	-0.00254946 	-9.19817e-06
1.11056 	0.0182927 	-0.00254853 	-9.36462e-06
1.11206 	0.0183093 	-0.00254749 	-9.48248e-06
1.11356 	0.0183259 	-0.00254645 	-9.60033e-06
1.11506 	0.0183426 	-0.00254541 	-9.71818e-06
1.11656 	0.0183592 	-0.00254437 	-9.83604e-06
1.11806 	0.0183758 	-0.00254333 	-9.95389e-06
1.11956 	0.0183924 	-0.00254229 	-1.00717e-05
1.12106 	0.018409 	-0.00254125 	-1.01896e-05
1.12256 	0.0184256 	-0.00254021 	-1.03074e-05
1.12406 	0.0184422 	-0.00253918 	-1.04253e-05
1.12556 	0.0184588 	-0.00253814 	-1.05432e-05
1.12706 	0.0184754 	-0.0025371 	-1.0661e-05
1.12856 	0.0184975 	-0.00253636 	-1.07932e-05
1.13007 	0.0185224 	-0.00253577 	-1.09326e-05
1.13157 	0.0185472 	-0.00253519 	-1.10721e-05
1.13307 	0.0185721 	-0.0025346 	-1.12115e-05
1.13457 	0.018597 	-0.00253402 	-1.13509e-05
1.13607 	0.0186218 	-0.00253344 	-1.14903e-05
1.13757 	0.0186467 	-0.00253285 	-1.16297e-05
1.13907 	0.0186715 	-0.00253227 	-1.17692e-05
1.14057 	0.0186964 	-0.00253168 	-1.19086e-05
1.14207 	0.0187213 	-0.0025311 	-1.2048e-05
1.14357 	0.0187461 	-0.00253051 	-1.21874e-05
1.14507 	0.018771 	-0.00252993 	-1.23268e-05
1.14657 	0.018796 	-0.00252929 	-1.24615e-05
1.14807 	0.0188222 	-0.00252805 	-1.25461e-05
1.14957 	0.0188485 	-0.00252682 	-1.26308e-05
1.15108 	0.0188748 	-0.00252559 	-1.27154e-05
1.15258 	0.0189011 	-0.00252436 	-1.28001e-05
1.15408 	0.0189274 	-0.00252312 	-1.28847e-05
1.15558 	0.0189537 	-0.00252189 	-1.29694e-05
1.15708 	0.01898 	-0.00252066 	-1.3054e-05
1.15858 	0.0190063 	-0.00251942 	-1.31387e-05
1.16008 	0.0190326 	-0.00251819 	-1.32233e-05
1.16158 	0.0190588 	-0.00251696 	-1.3308e-05
1.16308 	0.0190851 	-0.00251573 	-1.33926e-05
1.16458 	0.0191114 	-0.00251449 	-1.34773e-05
1.16608 	0.0191377 	-0.00251326 	-1.35619e-05
1.16758 	0.019164 	-0.00251203 	-1.36466e-05
1.16908 	0.0191903 	-0.0025108 	-1.37312e-05
1.17059 	0.0192166 	-0.00250956 	-1.38158e-05
1.17209 	0.0192429 	-0.00250833 	-1.39005e-05
1.17359 	0.0192692 	-0.0025071 	-1.39851e-05
1.17509 	0.0192987 	-0.00250531 	-1.40881e-05
1.17659 	0.0193299 	-0.00250327 	-1.41997e-05
1.17809 	0.019361 	-0.00250122 	-1.43112e-05
1.17959 	0.0193921 	-0.00249918 	-1.44228e-05
1.18109 	0.0194233 	-0.00249713 	-1.45344e-05
1.18259 	0.0194544 	-0.00249509 	-1.46459e-05
1.18409 	0.0194855 	-0.00249305 	-1.47575e-05
1.18559 	0.0195166 	-0.002491 	-1.48691e-05
1.18709 	0.0195478 	-0.00248896 	-1.49806e-05
1.18859 	0.0195789 	-0.00248691 	-1.50922e-05
1.1901 	0.01961 	-0.00248487 	-1.52037e-05
1.1916 	0.0196411 	-0.00248283 	-1.53153e-05
1.1931 	0.0196723 	-0.00248078 	-1.54269e-05
1.1946 	0.0197041 	-0.0024792 	-1.55616e-05
1.1961 	0.0197362 	-0.00247775 	-1.57032e-05
1.1976 	0.0197683 	-0.0024763 	-1.58447e-05
1.1991 	0.0198004 	-0.00247484 	-1.59863e-05
1.2006 	0.0198325 	-0.00247339 	-1.61278e-05
1.2021 	0.0198646 	-0.00247194 	-1.62694e-05
1.2036 	0.0198967 	-0.00247049 	-1.64109e-05
1.2051 	0.0199288 	-0.00246904 	-1.65525e-05
1.2066 	0.0199609 	-0.00246759 	-1.66941e-05
1.2081 	0.019993 	-0.00246614 	-1.68356e-05
1.2096 	0.0200251 	-0.00246469 	-1.69772e-05
1.21111 	0.0200572 	-0.00246324 	-1.71187e-05
1.21261 	0.0200893 	-0.00246179 	-1.72603e-05
1.21411 	0.020121 	-0.00246027 	-1.73811e-05
1.21561 	0.0201506 	-0.00245836 	-1.73972e-05
1.21711 	0.0201802 	-0.00245645 	-1.74132e-05
1.21861 	0.0202098 	-0.00245455 	-1.74293e-05
1.22011 	0.0202394 	-0.00245264 	-1.74454e-05
1.22161 	0.020269 	-0.00245074 	-1.74614e-05
1.22311 	0.0202986 	-0.00244883 	-1.74775e-05
1.22461 	0.0203282 	-0.00244692 	-1.74935e-05
1.22611 	0.0203578 	-0.00244502 	-1.75096e-05
1.22761 	0.0203874 	-0.00244311 	-1.75257e-05
1.22911 	0.020417 	-0.00244121 	-1.75417e-05
1.23062 	0.0204466 	-0.0024393 	-1.75578e-05
1.23212 	0.0204762 	-0.0024374 	-1.75739e-05
1.23362 	0.0205059 	-0.00243549 	-1.75899e-05
1.23512 	0.0205355 	-0.00243358 	-1.7606e-05
1.23662 	0.0205651 	-0.00243168 	-1.76221e-05
1.23812 	0.0205947 	-0.00242977 	-1.76381e-05
1.23962 	0.0206241 	-0.00242783 	-1.76485e-05
1.24112 	0.0206517 	-0.00242539 	-1.75876e-05
1.24262 	0.0206792 	-0.00242295 	-1.75267e-05
1.24412 	0.0207067 	-0.00242051 	-1.74658e-05
1.24562 	0.0207343 	-0.00241807 	-1.74049e-05
1.24712 	0.0207618 	-0.00241563 	-1.7344e-05
1.24862 	0.0207894 	-0.00241319 	-1.72831e-05
1.25013 	0.0208169 	-0.00241075 	-1.72222e-05
1.25163 	0.0208444 	-0.00240831 	-1.71613e-05
1.25313 	0.020872 	-0.00240587 	-1.71004e-05
1.25463 	0.0208995 	-0.00240343 	-1.70395e-05
1.25613 	0.0209271 	-0.00240099 	-1.69786e-05
1.25763 	0.0209546 	-0.00239855 	-1.69177e-05
1.25913 	0.0209821 	-0.00239611 	-1.68568e-05
1.26063 	0.02101 	-0.00239374 	-1.68134e-05
1.26213 	0.0210393 	-0.0023918 	-1.68662e-05
1.26363 	0.0210686 	-0.00238986 	-1.69189e-05
1.26513 	0.021098 	-0.00238791 	-1.69716e-05
1.26663 	0.0211273 	-0.00238597 	-1.70243e-05
1.26813 	0.0211566 	-0.00238403 	-1.70771e-05
1.26963 	0.021186 	-0.00238208 	-1.71298e-05
1.27114 	0.0212153 	-0.00238014 	-1.71825e-05
1.27264 	0.0212447 	-0.0023782 	-1.72352e-05
1.27414 	0.021274 	-0.00237625 	-1.7288e-05
1.27564 	0.0213033 	-0.00237431 	-1.73407e-05
1.27714 	0.0213327 	-0.00237237 	-1.73934e-05
1.27864 	0.021362 	-0.00237042 	-1.74461e-05
1.28014 	0.0213914 	-0.00236848 	-1.74989e-05
1.28164 	0.0214207 	-0.00236654 	-1.75516e-05
1.28314 	0.0214485 	-0.00236441 	-1.74841e-05
1.28464 	0.0214749 	-0.00236211 	-1.73064e-05
1.28614 	0.0215013 	-0.00235981 	-1.71288e-05
1.28764 	0.0215277 	-0.00235751 	-1.69511e-05
1.28914 	0.0215541 	-0.00235521 	-1.67734e-05
1.29065 	0.0215805 	-0.00235291 	-1.65958e-05
1.29215 	0.0216069 	-0.00235061 	-1.64181e-05
1.29365 	0.0216333 	-0.00234831 	-1.62404e-05
1.29515 	0.0216597 	-0.00234601 	-1.60628e-05
1.29665 	0.0216861 	-0.00234371 	-1.58851e-05
1.29815 	0.0217125 	-0.00234141 	-1.57074e-05
1.29965 	0.0217389 	-0.00233911 	-1.55298e-05
1.30115 	0.0217653 	-0.00233681 	-1.53521e-05
1.30265 	0.0217917 	-0.00233451 	-1.51744e-05
1.30415 	0.0218181 	-0.00233221 	-1.49968e-05
1.30565 	0.0218445 	-0.00232991 	-1.48191e-05
1.30715 	0.0218685 	-0.00232725 	-1.4404e-05
1.30865 	0.0218921 	-0.00232454 	-1.39569e-05
1.31016 	0.0219157 	-0.00232182 	-1.35097e-05
1.31166 	0.0219393 	-0.00231911 	-1.30626e-05
1.31316 	0.0219629 	-0.0023164 	-1.26154e-05
1.31466 	0.0219865 	-0.00231369 	-1.21683e-05
1.31616 	0.0220101 	-0.00231097 	-1.17211e-05
1.31766 	0.0220337 	-0.00230826 	-1.1274e-05
1.31916 	0.0220573 	-0.00230555 	-1.08268e-05
1.32066 	0.0220809 	-0.00230284 	-1.03797e-05
1.32216 	0.0221045 	-0.00230013 	-9.93251e-06
1.32366 	0.0221281 	-0.00229741 	-9.48535e-06
1.32516 	0.0221517 	-0.0022947 	-9.0382e-06
1.32666 	0.0221754 	-0.00229199 	-8.59105e-06
1.32816 	0.022199 	-0.00228928 	-8.14389e-06
1.32966 	0.0222248 	-0.00228696 	-7.77777e-06
1.33117 	0.0222508 	-0.00228465 	-7.41522e-06
1.33267 	0.0222768 	-0.00228235 	-7.05267e-06
1.33417 	0.0223028 	-0.00228005 	-6.69012e-06
1.33567 	0.0223288 	-0.00227775 	-6.32758e-06
1.33717 	0.0223548 	-0.00227544 	-5.96503e-06
1.33867 	0.0223808 	-0.00227314 	-5.60248e-06
1.34017 	0.0224068 	-0.00227084 	-5.23993e-06
1.34167 	0.0224328 	-0.00226854 	-4.87738e-06
1.34317 	0.0224588 	-0.00226624 	-4.51483e-06
1.34467 	0.0224848 	-0.00226393 	-4.15228e-06
1.34617 	0.0225108 	-0.00226163 	-3.78974e-06
1.34767 	0.0225368 	-0.00225933 	-3.42719e-06
1.34917 	0.0225627 	-0.00225703 	-3.06464e-06
1.35068 	0.0225887 	-0.00225472 	-2.70209e-06
1.35218 	0.0226137 	-0.00225236 	-2.37995e-06
1.35368 	0.0226363 	-0.00224987 	-2.14341e-06
1.35518 	0.022659 	-0.00224739 	-1.90686e-06
1.35668 	0.0226816 	-0.0022449 	-1.67032e-06
1.35818 	0.0227043 	-0.00224241 	-1.43378e-06
1.35968 	0.0227269 	-0.00223992 	-1.19723e-06
1.36118 	0.0227496 	-0.00223743 	-9.60689e-07
1.36268 	0.0227722 	-0.00223494 	-7.24146e-07
1.36418 	0.0227949 	-0.00223246 	-4.87602e-07
1.36568 	0.0228175 	-0.00222997 	-2.51059e-07
1.36718 	0.0228402 	-0.00222748 	-1.45149e-08
1.36868 	0.0228628 	-0.00222499 	2.22029e-07
1.37019 	0.0228855 	-0.0022225 	4.58572e-07
1.37169 	0.0229082 	-0.00222002 	6.95116e-07
1.37319 	0.0229295 	-0.00221753 	9.07482e-07
1.37469 	0.022947 	-0.00221506 	1.04617e-06
1.37619 	0.0229644 	-0.00221258 	1.18486e-06
1.37769 	0.0229819 	-0.00221011 	1.32355e-06
1.37919 	0.0229994 	-0.00220764 	1.46223e-06
1.38069 	0.0230168 	-0.00220517 	1.60092e-06
1.38219 	0.0230343 	-0.00220269 	1.73961e-06
1.38369 	0.0230518 	-0.00220022 	1.8783e-06
1.38519 	0.0230692 	-0.00219775 	2.01699e-06
1.38669 	0.0230867 	-0.00219527 	2.15568e-06
1.38819 	0.0231042 	-0.0021928 	2.29436e-06
1.38969 	0.0231216 	-0.00219033 	2.43305e-06
1.3912 	0.0231391 	-0.00218785 	2.57174e-06
1.3927 	0.0231565 	-0.00218538 	2.71043e-06
1.3942 	0.023174 	-0.00218291 	2.84912e-06
1.3957 	0.0231915 	-0.00218044 	2.98781e-06
1.3972 	0.0232112 	-0.0021779 	3.11075e-06
1.3987 	0.0232352 	-0.00217525 	3.20361e-06
1.4002 	0.0232593 	-0.00217261 	3.29647e-06
1.4017 	0.0232833 	-0.00216996 	3.38933e-06
1.4032 	0.0233073 	-0.00216731 	3.48219e-06
1.4047 	0.0233314 	-0.00216466 	3.57506e-06
1.4062 	0.0233554 	-0.00216202 	3.66792e-06
1.4077 	0.0233795 	-0.00215937 	3.76078e-06
1.4092 	0.0234035 	-0.00215672 	3.85364e-06
1.41071 	0.0234275 	-0.00215407 	3.9465e-06
1.41221 	0.0234516 	-0.00215142 	4.03936e-06
1.41371 	0.0234756 	-0.00214878 	4.13222e-06
1.41521 	0.0234997 	-0.00214613 	4.22508e-06
1.41671 	0.0235237 	-0.00214348 	4.31795e-06
1.41821 	0.0235477 	-0.00214083 	4.41081e-06
1.41971 	0.0235718 	-0.00213819 	4.50367e-06
1.42121 	0.0235958 	-0.00213554 	4.59653e-06
1.42271 	0.0236139 	-0.00213332 	4.61235e-06
1.42421 	0.0236298 	-0.00213125 	4.60033e-06
1.42571 	0.0236458 	-0.00212918 	4.58831e-06
1.42721 	0.0236617 	-0.00212711 	4.5763e-06
1.42871 	0.0236776 	-0.00212505 	4.56428e-06
1.43022 	0.0236936 	-0.00212298 	4.55226e-06
1.43172 	0.0237095 	-0.00212091 	4.54025e-06
1.43322 	0.0237254 	-0.00211884 	4.52823e-06
1.43472 	0.0237414 	-0.00211678 	4.51621e-06
1.43622 	0.0237573 	-0.00211471 	4.5042e-06
1.43772 	0.0237732 	-0.00211264 	4.49218e-06
1.43922 	0.0237892 	-0.00211057 	4.48016e-06
1.44072 	0.0238024 	-0.00210869 	4.4347e-06
1.44222 	0.0238098 	-0.00210721 	4.31934e-06
1.44372 	0.0238172 	-0.00210573 	4.20398e-06
1.44522 	0.0238247 	-0.00210425 	4.08863e-06
1.44672 	0.0238321 	-0.00210277 	3.97327e-06
1.44822 	0.0238395 	-0.00210128 	3.85792e-06
1.44972 	0.023847 	-0.0020998 	3.74256e-06
1.45123 	0.0238544 	-0.00209832 	3.6272e-06
1.45273 	0.0238618 	-0.00209684 	3.51185e-06
1.45423 	0.0238692 	-0.00209535 	3.39649e-06
1.45573 	0.0238767 	-0.00209387 	3.28114e-06
1.45723 	0.0238841 	-0.00209239 	3.16578e-06
1.45873 	0.0238915 	-0.00209091 	3.05042e-06
1.46023 	0.023899 	-0.00208943 	2.93507e-06
1.46173 	0.0239064 	-0.00208794 	2.81971e-06
1.46323 	0.0239138 	-0.00208646 	2.70436e-06
1.46473 	0.0239213 	-0.00208498 	2.589e-06
1.46623 	0.0239316 	-0.00208343 	2.461e-06
1.46773 	0.0239451 	-0.0020818 	2.31907e-06
1.46923 	0.0239586 	-0.00208018 	2.17715e-06
1.47074 	0.0239721 	-0.00207855 	2.03523e-06
1.47224 	0.0239856 	-0.00207693 	1.89331e-06
1.47374 	0.0239992 	-0.0020753 	1.75139e-06
1.47524 	0.0240127 	-0.00207368 	1.60947e-06
1.47674 	0.0240262 	-0.00207205 	1.46755e-06
1.47824 	0.0240397 	-0.00207043 	1.32563e-06
1.47974 	0.0240532 	-0.0020688 	1.18371e-06
1.48124 	0.0240667 	-0.00206718 	1.04179e-06
1.48274 	0.0240802 	-0.00206555 	8.99868e-07
1.48424 	0.0240937 	-0.00206393 	7.57948e-07
1.48574 	0.0241073 	-0.0020623 	6.16027e-07
1.48724 	0.0241208 	-0.00206068 	4.74107e-07
1.48874 	0.0241343 	-0.00205905 	3.32186e-07
1.49025 	0.0241478 	-0.00205743 	1.90265e-07
1.49175 	0.0241613 	-0.0020558 	4.83447e-08
1.49325 	0.0241742 	-0.00205375 	-1.08662e-07
1.49475 	0.024187 	-0.00205166 	-2.66591e-07
1.49625 	0.0241998 	-0.00204958 	-4.2452e-07
1.49775 	0.0242126 	-0.00204749 	-5.8245e-07
1.49925 	0.0242255 	-0.0020454 	-7.40379e-07
1.50075 	0.0242383 	-0.00204332 	-8.98308e-07
1.50225 	0.0242511 	-0.00204123 	-1.05624e-06
1.50375 	0.0242639 	-0.00203915 	-1.21417e-06
1.50525 	0.0242768 	-0.00203706 	-1.3721e-06
1.50675 	0.0242896 	-0.00203498 	-1.53003e-06
1.50825 	0.0243027 	-0.0020327 	-1.68546e-06
1.50975 	0.0243165 	-0.00202988 	-1.83399e-06
1.51126 	0.0243303 	-0.00202707 	-1.98253e-06
1.51276 	0.0243441 	-0.00202426 	-2.13106e-06
1.51426 	0.0243579 	-0.00202144 	-2.27959e-06
1.51576 	0.0243717 	-0.00201863 	-2.42813e-06
1.51726 	0.0243855 	-0.00201581 	-2.57666e-06
1.51876 	0.0243993 	-0.002013 	-2.7252e-06
1.52026 	0.0244131 	-0.00201018 	-2.87373e-06
1.52176 	0.0244269 	-0.00200737 	-3.02226e-06
1.52326 	0.0244407 	-0.00200455 	-3.1708e-06
1.52476 	0.0244545 	-0.00200174 	-3.31933e-06
1.52626 	0.0244683 	-0.00199893 	-3.46787e-06
1.52776 	0.0244821 	-0.00199611 	-3.6164e-06
1.52926 	0.0244959 	-0.0019933 	-3.76493e-06
1.53077 	0.0245097 	-0.00199048 	-3.91347e-06
1.53227 	0.0245235 	-0.00198767 	-4.062e-06
1.53377 	0.0245373 	-0.00198485 	-4.21054e-06
1.53527 	0.0245521 	-0.00198223 	-4.35071e-06
1.53677 	0.0245679 	-0.00197978 	-4.48329e-06
1.53827 	0.0245836 	-0.00197733 	-4.61587e-06
1.53977 	0.0245993 	-0.00197489 	-4.74845e-06
1.54127 	0.0246151 	-0.00197244 	-4.88103e-06
1.54277 	0.0246308 	-0.00196999 	-5.01361e-06
1.54427 	0.0246465 	-0.00196754 	-5.14619e-06
1.54577 	0.0246623 	-0.00196509 	-5.27877e-06
1.54727 	0.024678 	-0.00196264 	-5.41135e-06
1.54877 	0.0246938 	-0.0019602 	-5.54392e-06
1.55028 	0.0247095 	-0.00195775 	-5.6765e-06
1.55178 	0.0247252 	-0.0019553 	-5.80908e-06
1.55328 	0.024741 	-0.00195285 	-5.94166e-06
1.55478 	0.0247567 	-0.0019504 	-6.07424e-06
1.55628 	0.0247724 	-0.00194795 	-6.20682e-06
1.55778 	0.0247882 	-0.00194551 	-6.3394e-06
1.55928 	0.0248039 	-0.00194306 	-6.47198e-06
1.56078 	0.0248197 	-0.00194061 	-6.60456e-06
1.56228 	0.0248351 	-0.00193815 	-6.71938e-06
1.56378 	0.0248486 	-0.00193559 	-6.7111e-06
1.56528 	0.024862 	-0.00193302 	-6.70281e-06
1.56678 	0.0248755 	-0.00193046 	-6.69453e-06
1.56828 	0.0248889 	-0.0019279 	-6.68624e-06
1.56978 	0.0249024 	-0.00192534 	-6.67796e-06
1.57129 	0.0249159 	-0.00192278 	-6.66968e-06
1.57279 	0.0249293 	-0.00192021 	-6.66139e-06
1.57429 	0.0249428 	-0.00191765 	-6.65311e-06
1.57579 	0.0249557 	-0.00191506 	-6.60681e-06
1.57729 	0.0249667 	-0.00191235 	-6.43334e-06
1.57879 	0.0249778 	-0.00190964 	-6.25987e-06
1.58029 	0.0249889 	-0.00190693 	-6.08641e-06
1.58179 	0.025 	-0.00190422 	-5.91294e-06
1.58329 	0.025011 	-0.00190151 	-5.73947e-06
1.58479 	0.0250221 	-0.00189881 	-5.566e-06
1.58629 	0.0250332 	-0.0018961 	-5.39254e-06
1.58779 	0.0250443 	-0.00189339 	-5.21907e-06
1.58929 	0.0250553 	-0.00189068 	-5.0456e-06
1.5908 	0.0250664 	-0.00188797 	-4.87213e-06
1.5923 	0.0250775 	-0.00188527 	-4.69867e-06
1.5938 	0.0250886 	-0.00188256 	-4.5252e-06
1.5953 	0.0250996 	-0.00187985 	-4.35173e-06
1.5968 	0.0251107 	-0.00187714 	-4.17826e-06
1.5983 	0.0251218 	-0.00187443 	-4.0048e-06
1.5998 	0.0251329 	-0.00187172 	-3.83133e-06
1.6013 	0.0251439 	-0.00186902 	-3.65786e-06
1.6028 	0.025155 	-0.00186631 	-3.48439e-06
1.6043 	0.0251675 	-0.00186377 	-3.28781e-06
1.6058 	0.0251808 	-0.00186133 	-3.07912e-06
1.6073 	0.0251941 	-0.00185889 	-2.87044e-06
1.6088 	0.0252074 	-0.00185645 	-2.66175e-06
1.61031 	0.0252206 	-0.00185401 	-2.45307e-06
1.61181 	0.0252339 	-0.00185156 	-2.24438e-06
1.61331 	0.0252472 	-0.00184912 	-2.0357e-06
1.61481 	0.0252605 	-0.00184668 	-1.82701e-06
1.61631 	0.0252738 	-0.00184424 	-1.61833e-06
1.61781 	0.025287 	-0.00184179 	-1.40964e-06
1.61931 	0.0253003 	-0.00183935 	-1.20096e-06
1.62081 	0.0253136 	-0.00183691 	-9.92275e-07
1.62231 	0.0253269 	-0.00183447 	-7.8359e-07
1.62381 	0.0253402 	-0.00183203 	-5.74906e-07
1.62531 	0.0253534 	-0.00182958 	-3.66221e-07
1.62681 	0.0253667 	-0.00182714 	-1.57536e-07
1.62831 	0.02538 	-0.0018247 	5.11485e-08
1.62981 	0.0253933 	-0.00182226 	2.59833e-07
1.63132 	0.0254065 	-0.00181981 	4.68518e-07
1.63282 	0.0254189 	-0.00181736 	7.01276e-07
1.63432 	0.0254302 	-0.00181491 	9.61363e-07
1.63582 	0.0254415 	-0.00181245 	1.22145e-06
1.63732 	0.0254529 	-0.00180999 	1.48154e-06
1.63882 	0.0254642 	-0.00180753 	1.74162e-06
1.64032 	0.0254755 	-0.00180507 	2.00171e-06
1.64182 	0.0254868 	-0.00180262 	2.2618e-06
1.64332 	0.0254973 	-0.00180015 	2.53769e-06
1.64482 	0.0255065 	-0.00179766 	2.84013e-06
1.64632 	0.0255157 	-0.00179517 	3.14258e-06
1.64782 	0.0255249 	-0.00179268 	3.44502e-06
1.64932 	0.025534 	-0.0017902 	3.74747e-06
1.65083 	0.0255432 	-0.00178771 	4.04991e-06
1.65233 	0.0255524 	-0.00178522 	4.35236e-06
1.65383 	0.0255615 	-0.00178273 	4.6548e-06
1.65533 	0.0255707 	-0.00178024 	4.95725e-06
1.65683 	0.0255799 	-0.00177776 	5.25969e-06
1.65833 	0.025589 	-0.00177527 	5.56214e-06
1.65983 	0.0255982 	-0.00177278 	5.86458e-06
1.66133 	0.0256074 	-0.00177029 	6.16702e-06
1.66283 	0.0256165 	-0.0017678 	6.46947e-06
1.66433 	0.0256257 	-0.00176531 	6.77191e-06
1.66583 	0.0256349 	-0.00176283 	7.07436e-06
1.66733 	0.025644 	-0.00176034 	7.3768e-06
1.66883 	0.0256532 	-0.00175785 	7.67925e-06
1.67034 	0.0256624 	-0.00175536 	7.98169e-06
1.67184 	0.0256716 	-0.00175288 	8.28546e-06
1.67334 	0.0256832 	-0.00175057 	8.61909e-06
1.67484 	0.0256947 	-0.00174826 	8.95271e-06
1.67634 	0.0257063 	-0.00174595 	9.28634e-06
1.67784 	0.0257178 	-0.00174364 	9.61997e-06
1.67934 	0.0257293 	-0.00174133 	9.9536e-06
1.68084 	0.0257409 	-0.00173902 	1.02872e-05
1.68234 	0.0257524 	-0.00173671 	1.06209e-05
1.68384 	0.025764 	-0.0017344 	1.09545e-05
1.68534 	0.0257755 	-0.00173209 	1.12881e-05
1.68684 	0.025787 	-0.00172978 	1.16217e-05
1.68834 	0.0257986 	-0.00172747 	1.19554e-05
1.68984 	0.0258101 	-0.00172516 	1.2289e-05
1.69135 	0.0258217 	-0.00172285 	1.26226e-05
1.69285 	0.0258332 	-0.00172054 	1.29563e-05
1.69435 	0.0258448 	-0.00171823 	1.32899e-05
1.69585 	0.0258563 	-0.00171592 	1.36235e-05
1.69735 	0.0258678 	-0.00171361 	1.39572e-05
1.69885 	0.0258794 	-0.0017113 	1.42908e-05
1.70035 	0.0258909 	-0.00170899 	1.46244e-05
1.70185 	0.0259019 	-0.00170673 	1.49499e-05
1.70335 	0.0259095 	-0.00170478 	1.52294e-05
1.70485 	0.0259171 	-0.00170283 	1.55089e-05
1.70635 	0.0259247 	-0.00170087 	1.57883e-05
1.70785 	0.0259323 	-0.00169892 	1.60678e-05
1.70935 	0.0259399 	-0.00169697 	1.63473e-05
1.71086 	0.025944 	-0.00169533 	1.6565e-05
1.71236 	0.0259474 	-0.00169374 	1.67717e-05
1.71386 	0.0259509 	-0.00169215 	1.69784e-05
1.71536 	0.0259543 	-0.00169056 	1.71851e-05
1.71686 	0.0259578 	-0.00168897 	1.73919e-05
1.71836 	0.0259612 	-0.00168738 	1.75986e-05
1.71986 	0.0259646 	-0.0016858 	1.78053e-05
1.72136 	0.0259681 	-0.00168421 	1.8012e-05
1.72286 	0.0259715 	-0.00168262 	1.82187e-05
1.72436 	0.025975 	-0.00168103 	1.84254e-05
1.72586 	0.0259784 	-0.00167944 	1.86322e-05
1.72736 	0.0259819 	-0.00167785 	1.88389e-05
1.72886 	0.0259853 	-0.00167627 	1.90456e-05
1.73037 	0.0259887 	-0.00167468 	1.92523e-05
1.73187 	0.0259922 	-0.00167309 	1.9459e-05
1.73337 	0.0259956 	-0.0016715 	1.96658e-05
1.73487 	0.0259991 	-0.00166991 	1.98725e-05
1.73637 	0.0260025 	-0.00166832 	2.00792e-05
1.73787 	0.026006 	-0.00166674 	2.02859e-05
1.73937 	0.0260094 	-0.00166515 	2.04926e-05
1.74087 	0.0260128 	-0.00166359 	2.07038e-05
1.74237 	0.0260161 	-0.00166203 	2.09159e-05
1.74387 	0.0260195 	-0.00166048 	2.11279e-05
1.74537 	0.0260229 	-0.00165893 	2.13399e-05
1.74687 	0.0260262 	-0.00165737 	2.1552e-05
1.74837 	0.0260296 	-0.00165582 	2.1764e-05
1.74987 	0.0260329 	-0.00165427 	2.1976e-05
1.75138 	0.0260363 	-0.00165271 	2.21881e-05
1.75288 	0.0260397 	-0.00165116 	2.24001e-05
1.75438 	0.026043 	-0.00164961 	2.26121e-05
1.75588 	0.0260464 	-0.00164805 	2.28242e-05
1.75738 	0.0260498 	-0.0016465 	2.30362e-05
1.75888 	0.0260531 	-0.00164495 	2.32482e-05
1.76038 	0.0260565 	-0.00164339 	2.34602e-05
1.76188 	0.0260598 	-0.00164184 	2.36723e-05
1.76338 	0.0260632 	-0.00164029 	2.38843e-05
1.76488 	0.0260666 	-0.00163873 	2.40963e-05
1.76638 	0.0260699 	-0.00163718 	2.43084e-05
1.76788 	0.0260733 	-0.00163562 	2.45204e-05
1.76938 	0.0260766 	-0.00163407 	2.47324e-05
1.77089 	0.0260811 	-0.00163241 	2.4978e-05
1.77239 	0.0260875 	-0.00163056 	2.52876e-05
1.77389 	0.026094 	-0.00162871 	2.55971e-05
1.77539 	0.0261004 	-0.00162686 	2.59067e-05
1.77689 	0.0261094 	-0.00162475 	2.62848e-05
1.77839 	0.026119 	-0.00162258 	2.66794e-05
1.77989 	0.0261286 	-0.00162041 	2.70741e-05
1.78139 	0.0261382 	-0.00161825 	2.74687e-05
1.78289 	0.0261478 	-0.00161608 	2.78634e-05
1.78439 	0.0261574 	-0.00161391 	2.8258e-05
1.78589 	0.026167 	-0.00161174 	2.86526e-05
1.78739 	0.0261765 	-0.00160957 	2.90473e-05
1.78889 	0.0261861 	-0.0016074 	2.94419e-05
1.7904 	0.0261957 	-0.00160524 	2.98366e-05
1.7919 	0.0262053 	-0.00160307 	3.02312e-05
1.7934 	0.0262149 	-0.0016009 	3.06258e-05
1.7949 	0.0262245 	-0.00159873 	3.10205e-05
1.7964 	0.0262341 	-0.00159656 	3.14151e-05
1.7979 	0.0262437 	-0.00159439 	3.18098e-05
1.7994 	0.0262533 	-0.00159223 	3.22044e-05
1.8009 	0.0262628 	-0.00159006 	3.2599e-05
1.8024 	0.0262724 	-0.00158789 	3.29937e-05
1.8039 	0.026282 	-0.00158572 	3.33883e-05
1.8054 	0.0262916 	-0.00158355 	3.3783e-05
1.8069 	0.0263007 	-0.00158135 	3.41779e-05
1.8084 	0.026308 	-0.00157906 	3.45736e-05
1.8099 	0.0263153 	-0.00157676 	3.49694e-05
1.81141 	0.0263226 	-0.00157446 	3.53652e-05
1.81291 	0.0263299 	-0.00157216 	3.5761e-05
1.81441 	0.0263372 	-0.00156986 	3.61568e-05
1.81591 	0.0263446 	-0.00156756 	3.65526e-05
1.81741 	0.0263519 	-0.00156526 	3.69484e-05
1.81891 	0.0263592 	-0.00156297 	3.73442e-05
1.82041 	0.0263665 	-0.00156067 	3.774e-05
1.82191 	0.0263738 	-0.00155837 	3.81358e-05
1.82341 	0.0263811 	-0.00155607 	3.85316e-05
1.82491 	0.0263884 	-0.00155377 	3.89274e-05
1.82641 	0.0263957 	-0.00155147 	3.93231e-05
1.82791 	0.026403 	-0.00154917 	3.97189e-05
1.82941 	0.0264104 	-0.00154687 	4.01147e-05
1.83092 	0.0264177 	-0.00154458 	4.05105e-05
1.83242 	0.026425 	-0.00154228 	4.09063e-05
1.83392 	0.0264323 	-0.00153998 	4.13021e-05
1.83542 	0.0264396 	-0.00153768 	4.16979e-05
1.83692 	0.0264469 	-0.00153538 	4.20937e-05
1.83842 	0.0264544 	-0.00153311 	4.24995e-05
1.83992 	0.0264623 	-0.00153095 	4.29411e-05
1.84142 	0.0264705 	-0.00152885 	4.33997e-05
1.84292 	0.0264791 	-0.00152682 	4.3885e-05
1.84442 	0.0264877 	-0.0015248 	4.43703e-05
1.84592 	0.0264963 	-0.00152277 	4.48556e-05
1.84742 	0.0265049 	-0.00152075 	4.53409e-05
1.84892 	0.0265134 	-0.00151872 	4.58262e-05
1.85043 	0.026522 	-0.0015167 	4.63115e-05
1.85193 	0.0265306 	-0.00151468 	4.67968e-05
1.85343 	0.0265392 	-0.00151265 	4.72821e-05
1.85493 	0.0265478 	-0.00151063 	4.77674e-05
1.85643 	0.0265564 	-0.0015086 	4.82527e-05
1.85793 	0.0265649 	-0.00150658 	4.8738e-05
1.85943 	0.0265735 	-0.00150456 	4.92232e-05
1.86093 	0.0265821 	-0.00150253 	4.97085e-05
1.86243 	0.0265907 	-0.00150051 	5.01938e-05
1.86393 	0.0265993 	-0.00149848 	5.06791e-05
1.86543 	0.0266078 	-0.00149646 	5.11644e-05
1.86693 	0.0266164 	-0.00149443 	5.16497e-05
1.86843 	0.026625 	-0.00149241 	5.2135e-05
1.86993 	0.0266336 	-0.00149039 	5.26203e-05
1.87144 	0.0266422 	-0.00148836 	5.31056e-05
1.87294 	0.0266501 	-0.00148626 	5.35987e-05
1.87444 	0.0266568 	-0.00148402 	5.41071e-05
1.87594 	0.0266635 	-0.00148178 	5.46156e-05
1.87744 	0.0266702 	-0.00147954 	5.51241e-05
1.87894 	0.0266769 	-0.0014773 	5.56326e-05
1.88044 	0.0266837 	-0.00147506 	5.61411e-05
1.88194 	0.0266904 	-0.00147282 	5.66496e-05
1.88344 	0.0266971 	-0.00147057 	5.71581e-05
1.88494 	0.0267038 	-0.00146833 	5.76666e-05
1.88644 	0.0267105 	-0.00146609 	5.81751e-05
1.88794 	0.0267172 	-0.00146385 	5.86836e-05
1.88944 	0.0267239 	-0.00146161 	5.91921e-05
1.89095 	0.0267306 	-0.00145937 	5.97006e-05
1.89245 	0.0267373 	-0.00145713 	6.02091e-05
1.89395 	0.026744 	-0.00145489 	6.07176e-05
1.89545 	0.0267507 	-0.00145264 	6.1226e-05
1.89695 	0.0267574 	-0.0014504 	6.17345e-05
1.89845 	0.0267642 	-0.00144816 	6.2243e-05
1.89995 	0.0267709 	-0.00144592 	6.27515e-05
1.90145 	0.0267776 	-0.00144368 	6.326e-05
1.90295 	0.0267843 	-0.00144144 	6.37685e-05
1.90445 	0.026791 	-0.0014392 	6.4277e-05
1.90595 	0.0267989 	-0.00143722 	6.48541e-05
1.90745 	0.0268071 	-0.0014353 	6.5446e-05
1.90895 	0.0268152 	-0.00143338 	6.60379e-05
1.91046 	0.0268234 	-0.00143146 	6.66297e-05
1.91196 	0.0268315 	-0.00142954 	6.72216e-05
1.91346 	0.0268397 	-0.00142762 	6.78135e-05
1.91496 	0.0268478 	-0.0014257 	6.84054e-05
1.91646 	0.026856 	-0.00142378 	6.89973e-05
1.91796 	0.0268641 	-0.00142187 	6.95892e-05
1.91946 	0.0268723 	-0.00141995 	7.0181e-05
1.92096 	0.0268804 	-0.00141803 	7.07729e-05
1.92246 	0.0268886 	-0.00141611 	7.13648e-05
1.92396 	0.0268967 	-0.00141419 	7.19567e-05
1.92546 	0.0269049 	-0.00141227 	7.25486e-05
1.92696 	0.026913 	-0.00141035 	7.31405e-05
1.92846 	0.0269212 	-0.00140843 	7.37323e-05
1.92996 	0.0269293 	-0.00140651 	7.43242e-05
1.93147 	0.0269375 	-0.00140459 	7.49161e-05
1.93297 	0.0269456 	-0.00140267 	7.5508e-05
1.93447 	0.0269538 	-0.00140075 	7.60999e-05
1.93597 	0.0269619 	-0.00139883 	7.66918e-05
1.93747 	0.0269696 	-0.00139682 	7.72954e-05
1.93897 	0.0269761 	-0.00139462 	7.79254e-05
1.94047 	0.0269826 	-0.00139243 	7.85554e-05
1.94197 	0.0269891 	-0.00139023 	7.91853e-05
1.94347 	0.0269957 	-0.00138803 	7.98153e-05
1.94497 	0.0270022 	-0.00138583 	8.04452e-05
1.94647 	0.0270087 	-0.00138363 	8.10752e-05
1.94797 	0.0270152 	-0.00138143 	8.17052e-05
1.94947 	0.0270217 	-0.00137923 	8.23351e-05
1.95098 	0.0270283 	-0.00137703 	8.29651e-05
1.95248 	0.0270348 	-0.00137483 	8.35951e-05
1.95398 	0.0270413 	-0.00137263 	8.4225e-05
1.95548 	0.0270478 	-0.00137043 	8.4855e-05
1.95698 	0.0270543 	-0.00136823 	8.5485e-05
1.95848 	0.0270608 	-0.00136603 	8.61149e-05
1.95998 	0.0270674 	-0.00136383 	8.67449e-05
1.96148 	0.0270739 	-0.00136163 	8.73749e-05
1.96298 	0.0270804 	-0.00135943 	8.80048e-05
1.96448 	0.0270869 	-0.00135723 	8.86348e-05
1.96598 	0.0270934 	-0.00135503 	8.92647e-05
1.96748 	0.0271 	-0.00135283 	8.98947e-05
1.96898 	0.0271065 	-0.00135097 	9.04475e-05
1.97049 	0.0271134 	-0.00134924 	9.09821e-05
1.97199 	0.0271205 	-0.00134757 	9.15078e-05
1.97349 	0.0271277 	-0.00134591 	9.20335e-05
1.97499 	0.0271348 	-0.00134425 	9.25592e-05
1.97649 	0.0271419 	-0.00134259 	9.30848e-05
1.97799 	0.0271491 	-0.00134092 	9.36105e-05
1.97949 	0.0271562 	-0.00133926 	9.41362e-05
1.98099 	0.0271633 	-0.0013376 	9.46619e-05
1.98249 	0.0271705 	-0.00133594 	9.51876e-05
1.98399 	0.0271776 	-0.00133427 	9.57133e-05
1.98549 	0.0271847 	-0.00133261 	9.62389e-05
1.98699 	0.0271919 	-0.00133095 	9.67646e-05
1.98849 	0.027199 	-0.00132928 	9.72903e-05
1.98999 	0.0272061 	-0.00132762 	9.7816e-05
1.9915 	0.0272133 	-0.00132596 	9.83417e-05
1.993 	0.0272204 	-0.0013243 	9.88673e-05
1.9945 	0.0272275 	-0.00132263 	9.9393e-05
1.996 	0.0272347 	-0.00132097 	9.99187e-05
1.9975 	0.0272418 	-0.00131931 	0.000100444
1.999 	0.0272489 	-0.00131765 	0.00010097
2.0005 	0.027256 	-0.0013158 	0.000101542
2.002 	0.0272627 	-0.00131347 	0.000102231
2.0035 	0.0272695 	-0.00131114 	0.00010292
2.005 	0.0272762 	-0.00130881 	0.000103609
2.0065 	0.027283 	-0.00130648 	0.000104298
2.008 	0.0272897 	-0.00130415 	0.000104988
2.0095 	0.0272965 	-0.00130182 	0.000105677
2.01101 	0.0273033 	-0.00129949 	0.000106366
2.01251 	0.02731 	-0.00129716 	0.000107055
2.01401 	0.0273168 	-0.00129483 	0.000107744
2.01551 	0.0273235 	-0.0012925 	0.000108434
2.01701 	0.0273303 	-0.00129017 	0.000109123
2.01851 	0.0273371 	-0.00128784 	0.000109812
2.02001 	0.0273438 	-0.00128551 	0.000110501
2.02151 	0.0273506 	-0.00128318 	0.00011119
2.02301 	0.0273573 	-0.00128085 	0.00011188
2.02451 	0.0273641 	-0.00127853 	0.000112569
2.02601 	0.0273708 	-0.0012762 	0.000113258
2.02751 	0.0273776 	-0.00127387 	0.000113947
2.02901 	0.0273841 	-0.00127167 	0.0001146
2.03052 	0.0273897 	-0.00127008 	0.000115084
2.03202 	0.0273952 	-0.00126849 	0.000115569
2.03352 	0.0274002 	-0.0012672 	0.00011597
2.03502 	0.0274045 	-0.00126634 	0.00011626
2.03652 	0.0274088 	-0.00126547 	0.00011655
2.03802 	0.0274131 	-0.00126461 	0.000116839
2.03952 	0.0274174 	-0.00126374 	0.000117129
2.04102 	0.0274217 	-0.00126288 	0.000117419
2.04252 	0.027426 	-0.00126201 	0.000117708
2.04402 	0.0274303 	-0.00126115 	0.000117998
2.04552 	0.0274345 	-0.00126028 	0.000118287
2.04702 	0.0274388 	-0.00125942 	0.000118577
2.04852 	0.0274431 	-0.00125855 	0.000118867
2.05003 	0.0274474 	-0.00125769 	0.000119156
2.05153 	0.0274517 	-0.00125682 	0.000119446
2.05303 	0.027456 	-0.00125596 	0.000119736
2.05453 	0.0274603 	-0.00125509 	0.000120025
2.05603 	0.0274646 	-0.00125423 	0.000120315
2.05753 	0.0274689 	-0.00125336 	0.000120604
2.05903 	0.0274732 	-0.0012525 	0.000120894
2.06053 	0.0274775 	-0.00125163 	0.000121184
2.06203 	0.0274816 	-0.00125055 	0.000121528
2.06353 	0.0274852 	-0.00124908 	0.00012197
2.06503 	0.0274889 	-0.00124761 	0.000122412
2.06653 	0.0274925 	-0.00124614 	0.000122853
2.06803 	0.0274962 	-0.00124467 	0.000123295
2.06953 	0.0274998 	-0.0012432 	0.000123736
2.07104 	0.0275035 	-0.00124173 	0.000124178
2.07254 	0.0275071 	-0.00124026 	0.000124619
2.07404 	0.0275108 	-0.00123879 	0.000125061
2.07554 	0.0275144 	-0.00123732 	0.000125502
2.07704 	0.0275181 	-0.00123586 	0.000125944
2.07854 	0.0275217 	-0.00123439 	0.000126385
2.08004 	0.0275254 	-0.00123292 	0.000126827
2.08154 	0.027529 	-0.00123145 	0.000127268
2.08304 	0.0275327 	-0.00122998 	0.00012771
2.08454 	0.0275363 	-0.00122851 	0.000128152
2.08604 	0.02754 	-0.00122704 	0.000128593
2.08754 	0.0275436 	-0.00122557 	0.000129035
2.08904 	0.0275484 	-0.00122395 	0.000129471
2.09055 	0.0275543 	-0.00122219 	0.000129903
2.09205 	0.0275602 	-0.00122042 	0.000130334
2.09355 	0.0275661 	-0.00121866 	0.000130766
2.09505 	0.0275727 	-0.00121684 	0.000131163
2.09655 	0.0275803 	-0.00121497 	0.00013152
2.09805 	0.0275878 	-0.0012131 	0.000131877
2.09955 	0.0275953 	-0.00121123 	0.000132234
2.10105 	0.0276028 	-0.00120935 	0.00013259
2.10255 	0.0276103 	-0.00120748 	0.000132947
2.10405 	0.0276178 	-0.00120561 	0.000133304
2.10555 	0.0276253 	-0.00120373 	0.000133661
2.10705 	0.0276328 	-0.00120186 	0.000134017
2.10855 	0.0276403 	-0.00119999 	0.000134374
2.11006 	0.0276478 	-0.00119812 	0.000134731
2.11156 	0.0276553 	-0.00119624 	0.000135088
2.11306 	0.0276628 	-0.00119437 	0.000135444
2.11456 	0.0276703 	-0.0011925 	0.000135801
2.11606 	0.0276778 	-0.00119063 	0.000136158
2.11756 	0.0276853 	-0.00118875 	0.000136515
2.11906 	0.0276928 	-0.00118688 	0.000136871
2.12056 	0.0277003 	-0.00118501 	0.000137228
2.12206 	0.0277065 	-0.00118298 	0.000137596
2.12356 	0.0277121 	-0.00118087 	0.000137969
2.12506 	0.0277177 	-0.00117875 	0.000138342
2.12656 	0.0277232 	-0.00117664 	0.000138715
2.12806 	0.0277288 	-0.00117453 	0.000139088
2.12956 	0.0277344 	-0.00117242 	0.000139462
2.13107 	0.02774 	-0.00117031 	0.000139835
2.13257 	0.0277455 	-0.00116819 	0.000140208
2.13407 	0.0277511 	-0.00116608 	0.000140581
2.13557 	0.0277567 	-0.00116397 	0.000140954
2.13707 	0.0277622 	-0.00116186 	0.000141327
2.13857 	0.0277678 	-0.00115975 	0.000141701
2.14007 	0.0277734 	-0.00115763 	0.000142074
2.14157 	0.027779 	-0.00115552 	0.000142447
2.14307 	0.0277845 	-0.00115341 	0.00014282
2.14457 	0.0277901 	-0.0011513 	0.000143193
2.14607 	0.0277957 	-0.00114919 	0.000143564
2.14757 	0.0278019 	-0.00114722 	0.00014383
2.14907 	0.0278081 	-0.00114525 	0.000144097
2.15058 	0.0278144 	-0.00114328 	0.000144363
2.15208 	0.0278206 	-0.00114131 	0.00014463
2.15358 	0.0278268 	-0.00113934 	0.000144896
2.15508 	0.0278336 	-0.00113748 	0.000145066
2.15658 	0.0278405 	-0.00113564 	0.000145213
2.15808 	0.0278474 	-0.00113381 	0.000145359
2.15958 	0.0278543 	-0.00113197 	0.000145506
2.16108 	0.0278612 	-0.00113013 	0.000145652
2.16258 	0.0278681 	-0.00112829 	0.000145799
2.16408 	0.027875 	-0.00112646 	0.000145946
2.16558 	0.0278819 	-0.00112462 	0.000146092
2.16708 	0.0278888 	-0.00112278 	0.000146239
2.16858 	0.0278957 	-0.00112095 	0.000146385
2.17009 	0.0279026 	-0.00111911 	0.000146532
2.17159 	0.0279095 	-0.00111727 	0.000146679
2.17309 	0.0279164 	-0.00111543 	0.000146825
2.17459 	0.0279233 	-0.0011136 	0.000146972
2.17609 	0.0279302 	-0.00111176 	0.000147118
2.17759 	0.0279371 	-0.00110992 	0.000147265
2.17909 	0.0279436 	-0.00110801 	0.000147411
2.18059 	0.0279486 	-0.00110587 	0.000147554
2.18209 	0.0279537 	-0.00110374 	0.000147697
2.18359 	0.0279587 	-0.00110161 	0.00014784
2.18509 	0.0279638 	-0.00109947 	0.000147983
2.18659 	0.0279688 	-0.00109734 	0.000148126
2.18809 	0.0279739 	-0.0010952 	0.000148269
2.18959 	0.027979 	-0.00109307 	0.000148412
2.1911 	0.027984 	-0.00109093 	0.000148555
2.1926 	0.0279891 	-0.0010888 	0.000148698
2.1941 	0.0279941 	-0.00108667 	0.000148841
2.1956 	0.0279992 	-0.00108453 	0.000148984
2.1971 	0.0280042 	-0.0010824 	0.000149127
2.1986 	0.0280093 	-0.00108026 	0.00014927
2.2001 	0.0280143 	-0.00107813 	0.000149413
2.2016 	0.0280194 	-0.00107599 	0.000149556
2.2031 	0.0280242 	-0.00107429 	0.000149627
2.2046 	0.0280289 	-0.00107269 	0.00014968
2.2061 	0.0280336 	-0.00107109 	0.000149733
2.2076 	0.0280383 	-0.0010695 	0.000149787
2.2091 	0.0280431 	-0.0010679 	0.00014984
2.21061 	0.0280478 	-0.0010663 	0.000149893
2.21211 	0.0280526 	-0.0010649 	0.000149888
2.21361 	0.0280574 	-0.00106366 	0.00014984
2.21511 	0.0280622 	-0.00106242 	0.000149792
2.21661 	0.0280671 	-0.00106118 	0.000149743
2.21811 	0.0280719 	-0.00105994 	0.000149695
2.21961 	0.0280768 	-0.00105869 	0.000149647
2.22111 	0.0280816 	-0.00105745 	0.000149598
2.22261 	0.0280864 	-0.00105621 	0.00014955
2.22411 	0.0280913 	-0.00105497 	0.000149501
2.22561 	0.0280961 	-0.00105373 	0.000149453
2.22711 	0.028101 	-0.00105249 	0.000149405
2.22861 	0.0281058 	-0.00105125 	0.000149356
2.23012 	0.0281107 	-0.00105001 	0.000149308
2.23162 	0.0281155 	-0.00104876 	0.00014926
2.23312 	0.0281203 	-0.00104752 	0.000149211
2.23462 	0.0281245 	-0.00104632 	0.000149168
2.23612 	0.0281261 	-0.00104523 	0.000149145
2.23762 	0.0281278 	-0.00104414 	0.000149122
2.23912 	0.0281295 	-0.00104305 	0.000149099
2.24062 	0.0281312 	-0.00104196 	0.000149076
2.24212 	0.0281328 	-0.00104087 	0.000149053
2.24362 	0.0281345 	-0.00103978 	0.00014903
2.24512 	0.0281362 	-0.00103869 	0.000149007
2.24662 	0.0281379 	-0.0010376 	0.000148984
2.24812 	0.0281396 	-0.00103652 	0.000148961
2.24962 	0.0281412 	-0.00103543 	0.000148938
2.25113 	0.0281429 	-0.00103434 	0.000148915
2.25263 	0.0281446 	-0.00103325 	0.000148892
2.25413 	0.0281463 	-0.00103216 	0.000148869
2.25563 	0.0281479 	-0.00103107 	0.000148845
2.25713 	0.028152 	-0.00102951 	0.000148732
2.25863 	0.0281562 	-0.00102792 	0.000148613
2.26013 	0.0281604 	-0.00102633 	0.000148493
2.26163 	0.0281646 	-0.00102473 	0.000148373
2.26313 	0.0281688 	-0.00102314 	0.000148253
2.26463 	0.028173 	-0.00102155 	0.000148133
2.26613 	0.0281773 	-0.00101995 	0.000148013
2.26763 	0.0281834 	-0.00101798 	0.000147825
2.26913 	0.0281901 	-0.00101592 	0.00014762
2.27064 	0.0281967 	-0.00101386 	0.000147416
2.27214 	0.0282033 	-0.0010118 	0.000147211
2.27364 	0.02821 	-0.00100973 	0.000147007
2.27514 	0.0282166 	-0.00100767 	0.000146802
2.27664 	0.0282233 	-0.00100561 	0.000146598
2.27814 	0.0282299 	-0.00100355 	0.000146393
2.27964 	0.0282366 	-0.00100149 	0.000146188
2.28114 	0.0282432 	-0.000999423 	0.000145984
2.28264 	0.0282498 	-0.000997361 	0.000145779
2.28414 	0.0282565 	-0.000995298 	0.000145575
2.28564 	0.0282631 	-0.000993236 	0.00014537
2.28714 	0.0282698 	-0.000991174 	0.000145166
2.28864 	0.0282744 	-0.000989215 	0.00014498
2.29015 	0.0282777 	-0.000987319 	0.000144807
2.29165 	0.028281 	-0.000985424 	0.000144634
2.29315 	0.0282843 	-0.000983529 	0.000144461
2.29465 	0.0282876 	-0.000981634 	0.000144288
2.29615 	0.0282909 	-0.000979739 	0.000144115
2.29765 	0.0282943 	-0.000977844 	0.000143941
2.29915 	0.0282976 	-0.000975948 	0.000143768
2.30065 	0.0283009 	-0.000974053 	0.000143595
2.30215 	0.0283042 	-0.000972158 	0.000143422
2.30365 	0.0283075 	-0.000970263 	0.000143249
2.30515 	0.0283108 	-0.000968368 	0.000143076
2.30665 	0.0283142 	-0.000966473 	0.000142902
2.30815 	0.028318 	-0.000964547 	0.000142735
2.30965 	0.0283226 	-0.000962583 	0.000142575
2.31116 	0.0283272 	-0.000960618 	0.000142416
2.31266 	0.0283318 	-0.000958653 	0.000142256
2.31416 	0.0283364 	-0.000956688 	0.000142096
2.31566 	0.028341 	-0.000954723 	0.000141936
2.31716 	0.0283456 	-0.000952759 	0.000141776
2.31866 	0.0283502 	-0.000950794 	0.000141617
2.32016 	0.0283552 	-0.000948894 	0.000141474
2.32166 	0.0283605 	-0.000947044 	0.000141345
2.32316 	0.0283659 	-0.000945195 	0.000141216
2.32466 	0.0283712 	-0.000943345 	0.000141087
2.32616 	0.0283766 	-0.000941496 	0.000140958
2.32766 	0.0283819 	-0.000939646 	0.00014083
2.32916 	0.0283873 	-0.000937797 	0.000140701
2.33067 	0.0283927 	-0.000935947 	0.000140572
2.33217 	0.028398 	-0.000934098 	0.000140443
2.33367 	0.0284034 	-0.000932249 	0.000140314
2.33517 	0.0284087 	-0.000930399 	0.000140185
2.33667 	0.0284141 	-0.00092855 	0.000140056
2.33817 	0.0284194 	-0.0009267 	0.000139927
2.33967 	0.0284237 	-0.000924708 	0.000139799
2.34117 	0.0284268 	-0.000922565 	0.000139671
2.34267 	0.0284299 	-0.000920422 	0.000139543
2.34417 	0.028433 	-0.000918279 	0.000139415
2.34567 	0.0284361 	-0.000916136 	0.000139287
2.34717 	0.0284392 	-0.000913993 	0.000139159
2.34867 	0.0284424 	-0.00091185 	0.000139032
2.35018 	0.0284455 	-0.000909707 	0.000138904
2.35168 	0.0284486 	-0.000907565 	0.000138776
2.35318 	0.0284517 	-0.000905422 	0.000138648
2.35468 	0.0284548 	-0.000903279 	0.00013852
2.35618 	0.0284579 	-0.000901136 	0.000138392
2.35768 	0.0284613 	-0.000899054 	0.00013828
2.35918 	0.0284652 	-0.000897083 	0.000138195
2.36068 	0.028469 	-0.000895113 	0.000138111
2.36218 	0.0284729 	-0.000893143 	0.000138026
2.36368 	0.0284768 	-0.000891173 	0.000137942
2.36518 	0.0284806 	-0.000889203 	0.000137857
2.36668 	0.0284845 	-0.000887233 	0.000137773
2.36818 	0.0284883 	-0.000885263 	0.000137688
2.36968 	0.0284922 	-0.000883292 	0.000137604
2.37119 	0.0284968 	-0.000881451 	0.000137553
2.37269 	0.0285014 	-0.000879627 	0.000137507
2.37419 	0.028506 	-0.000877804 	0.00013746
2.37569 	0.0285107 	-0.00087598 	0.000137414
2.37719 	0.0285153 	-0.000874157 	0.000137368
2.37869 	0.0285199 	-0.000872333 	0.000137321
2.38019 	0.0285246 	-0.00087051 	0.000137275
2.38169 	0.0285292 	-0.000868686 	0.000137229
2.38319 	0.0285339 	-0.000866863 	0.000137183
2.38469 	0.0285385 	-0.00086504 	0.000137136
2.38619 	0.0285431 	-0.000863216 	0.00013709
2.38769 	0.0285478 	-0.000861393 	0.000137044
2.38919 	0.0285504 	-0.000859274 	0.000136998
2.3907 	0.0285528 	-0.000857107 	0.000136952
2.3922 	0.0285551 	-0.00085494 	0.000136905
2.3937 	0.0285574 	-0.000852772 	0.000136859
2.3952 	0.0285597 	-0.000850605 	0.000136813
2.3967 	0.028562 	-0.000848437 	0.000136767
2.3982 	0.0285644 	-0.00084627 	0.000136721
2.3997 	0.0285667 	-0.000844102 	0.000136675
2.4012 	0.028569 	-0.000841935 	0.000136629
2.4027 	0.0285713 	-0.000839768 	0.000136583
2.4042 	0.0285736 	-0.0008376 	0.000136537
2.4057 	0.0285762 	-0.000835831 	0.000136496
2.4072 	0.0285788 	-0.00083422 	0.000136458
2.4087 	0.0285815 	-0.00083261 	0.00013642
2.41021 	0.0285841 	-0.000830999 	0.000136381
2.41171 	0.0285867 	-0.000829388 	0.000136343
2.41321 	0.0285893 	-0.000827778 	0.000136305
2.41471 	0.028592 	-0.000826167 	0.000136267
2.41621 	0.0285946 	-0.000824556 	0.000136229
2.41771 	0.0285972 	-0.000822946 	0.00013619
2.41921 	0.0286001 	-0.000821763 	0.000136153
2.42071 	0.028603 	-0.000820714 	0.000136116
2.42221 	0.0286059 	-0.000819665 	0.000136079
2.42371 	0.0286088 	-0.000818615 	0.000136042
2.42521 	0.0286117 	-0.000817566 	0.000136006
2.42671 	0.0286146 	-0.000816517 	0.000135969
2.42821 	0.0286175 	-0.000815467 	0.000135932
2.42971 	0.0286205 	-0.000814418 	0.000135895
2.43122 	0.0286234 	-0.000813369 	0.000135858
2.43272 	0.0286263 	-0.00081232 	0.000135821
2.43422 	0.0286292 	-0.00081127 	0.000135784
2.43572 	0.0286302 	-0.000809991 	0.000135739
2.43722 	0.0286306 	-0.000808632 	0.00013569
2.43872 	0.0286309 	-0.000807273 	0.000135642
2.44022 	0.0286313 	-0.000805914 	0.000135593
2.44172 	0.0286316 	-0.000804555 	0.000135545
2.44322 	0.028632 	-0.000803196 	0.000135496
2.44472 	0.0286323 	-0.000801838 	0.000135448
2.44622 	0.0286327 	-0.000800479 	0.000135399
2.44772 	0.0286331 	-0.00079912 	0.000135351
2.44922 	0.0286334 	-0.000797761 	0.000135302
2.45073 	0.0286346 	-0.000796251 	0.000135247
2.45223 	0.0286364 	-0.000794612 	0.000135185
2.45373 	0.0286382 	-0.000792974 	0.000135123
2.45523 	0.02864 	-0.000791335 	0.000135061
2.45673 	0.0286418 	-0.000789696 	0.000135
2.45823 	0.0286436 	-0.000788057 	0.000134938
2.45973 	0.0286454 	-0.000786419 	0.000134876
2.46123 	0.0286472 	-0.00078478 	0.000134814
2.46273 	0.028649 	-0.000783141 	0.000134753
2.46423 	0.0286511 	-0.000781445 	0.000134686
2.46573 	0.0286542 	-0.000779562 	0.000134604
2.46723 	0.0286574 	-0.000777679 	0.000134521
2.46873 	0.0286605 	-0.000775795 	0.000134439
2.47024 	0.0286637 	-0.000773912 	0.000134356
2.47174 	0.0286668 	-0.000772028 	0.000134274
2.47324 	0.02867 	-0.000770145 	0.000134191
2.47474 	0.0286731 	-0.000768262 	0.000134109
2.47624 	0.0286763 	-0.000766378 	0.000134027
2.47774 	0.0286794 	-0.000764495 	0.000133944
2.47924 	0.0286822 	-0.000762562 	0.000133858
2.48074 	0.0286826 	-0.000760352 	0.000133748
2.48224 	0.0286829 	-0.000758142 	0.000133639
2.48374 	0.0286833 	-0.000755932 	0.00013353
2.48524 	0.0286837 	-0.000753722 	0.00013342
2.48674 	0.0286841 	-0.000751512 	0.000133311
2.48824 	0.0286845 	-0.000749302 	0.000133202
2.48974 	0.0286849 	-0.000747092 	0.000133092
2.49125 	0.0286853 	-0.000744882 	0.000132983
2.49275 	0.0286857 	-0.000742672 	0.000132874
2.49425 	0.0286867 	-0.000740616 	0.00013274
2.49575 	0.028688 	-0.000738593 	0.000132601
2.49725 	0.0286892 	-0.000736571 	0.000132463
2.49875 	0.0286904 	-0.000734548 	0.000132324
2.50025 	0.0286917 	-0.000732525 	0.000132185
2.50175 	0.0286929 	-0.000730503 	0.000132046
2.50325 	0.0286942 	-0.00072848 	0.000131908
2.50475 	0.0286954 	-0.000726457 	0.000131769
2.50625 	0.0286966 	-0.000724435 	0.00013163
2.50775 	0.0286981 	-0.000722454 	0.000131483
2.50925 	0.0287001 	-0.000720583 	0.000131316
2.51076 	0.0287022 	-0.000718711 	0.000131148
2.51226 	0.0287043 	-0.00071684 	0.00013098
2.51376 	0.0287063 	-0.000714969 	0.000130813
2.51526 	0.0287084 	-0.000713097 	0.000130645
2.51676 	0.0287105 	-0.000711226 	0.000130477
2.51826 	0.0287125 	-0.000709354 	0.00013031
2.51976 	0.0287146 	-0.000707483 	0.000130142
2.52126 	0.0287165 	-0.000705586 	0.000129972
2.52276 	0.0287156 	-0.000703347 	0.000129775
2.52426 	0.0287146 	-0.000701109 	0.000129578
2.52576 	0.0287137 	-0.00069887 	0.000129381
2.52726 	0.0287128 	-0.000696632 	0.000129183
2.52876 	0.0287119 	-0.000694393 	0.000128986
2.53027 	0.028711 	-0.000692155 	0.000128789
2.53177 	0.02871 	-0.000689916 	0.000128592
2.53327 	0.0287091 	-0.000687678 	0.000128394
2.53477 	0.0287089 	-0.000685759 	0.000128216
2.53627 	0.0287091 	-0.000684093 	0.000128051
2.53777 	0.0287093 	-0.000682427 	0.000127887
2.53927 	0.0287095 	-0.000680761 	0.000127723
2.54077 	0.0287098 	-0.000679095 	0.000127559
2.54227 	0.02871 	-0.000677429 	0.000127394
2.54377 	0.0287102 	-0.000675763 	0.00012723
2.54527 	0.0287104 	-0.000674097 	0.000127066
2.54677 	0.0287106 	-0.000672431 	0.000126902
2.54827 	0.0287109 	-0.000670765 	0.000126737
2.54977 	0.0287121 	-0.000669614 	0.000126612
2.55128 	0.0287134 	-0.000668534 	0.000126492
2.55278 	0.0287148 	-0.000667453 	0.000126372
2.55428 	0.0287161 	-0.000666373 	0.000126252
2.55578 	0.0287175 	-0.000665292 	0.000126132
2.55728 	0.0287188 	-0.000664211 	0.000126012
2.55878 	0.0287201 	-0.000663131 	0.000125892
2.56028 	0.0287215 	-0.00066205 	0.000125772
2.56178 	0.0287213 	-0.00066081 	0.000125647
2.56328 	0.0287194 	-0.0006594 	0.000125514
2.56478 	0.0287176 	-0.00065799 	0.000125382
2.56628 	0.0287157 	-0.00065658 	0.00012525
2.56778 	0.0287138 	-0.00065517 	0.000125117
2.56928 	0.028712 	-0.00065376 	0.000124985
2.57079 	0.0287101 	-0.00065235 	0.000124853
2.57229 	0.0287082 	-0.00065094 	0.00012472
2.57379 	0.0287071 	-0.00064933 	0.000124537
2.57529 	0.0287063 	-0.000647648 	0.000124336
2.57679 	0.0287054 	-0.000645965 	0.000124135
2.57829 	0.0287045 	-0.000644282 	0.000123933
2.57979 	0.0287037 	-0.0006426 	0.000123732
2.58129 	0.0287028 	-0.000640917 	0.000123531
2.58279 	0.028702 	-0.000639235 	0.000123329
2.58429 	0.0287011 	-0.000637552 	0.000123128
2.58579 	0.0287002 	-0.00063587 	0.000122927
2.58729 	0.0286994 	-0.000634184 	0.000122725
2.58879 	0.0286995 	-0.000632262 	0.000122466
2.5903 	0.0286996 	-0.00063034 	0.000122207
2.5918 	0.0286997 	-0.000628417 	0.000121949
2.5933 	0.0286998 	-0.000626495 	0.00012169
2.5948 	0.0286999 	-0.000624573 	0.000121431
2.5963 	0.0287 	-0.000622651 	0.000121172
2.5978 	0.0287001 	-0.000620729 	0.000120914
2.5993 	0.0286989 	-0.000618669 	0.000120651
2.6008 	0.0286955 	-0.000616376 	0.000120382
2.6023 	0.0286921 	-0.000614082 	0.000120113
2.6038 	0.0286887 	-0.000611789 	0.000119844
2.6053 	0.0286853 	-0.000609495 	0.000119575
2.6068 	0.0286819 	-0.000607202 	0.000119306
2.6083 	0.0286785 	-0.000604908 	0.000119037
2.6098 	0.0286754 	-0.000602686 	0.000118747
2.61131 	0.0286729 	-0.000600619 	0.000118414
2.61281 	0.0286705 	-0.000598551 	0.000118082
2.61431 	0.0286681 	-0.000596483 	0.000117749
2.61581 	0.0286657 	-0.000594415 	0.000117416
2.61731 	0.0286632 	-0.000592347 	0.000117083
2.61881 	0.0286608 	-0.000590279 	0.000116751
2.62031 	0.0286584 	-0.000588211 	0.000116418
2.62181 	0.0286559 	-0.000586144 	0.000116085
2.62331 	0.0286535 	-0.000584076 	0.000115752
2.62481 	0.0286516 	-0.000582114 	0.000115371
2.62631 	0.0286501 	-0.000580211 	0.000114964
2.62781 	0.0286485 	-0.000578309 	0.000114556
2.62931 	0.028647 	-0.000576406 	0.000114149
2.63082 	0.0286454 	-0.000574503 	0.000113741
2.63232 	0.0286438 	-0.0005726 	0.000113334
2.63382 	0.0286423 	-0.000570698 	0.000112926
2.63532 	0.028638 	-0.000568503 	0.000112497
2.63682 	0.0286325 	-0.000566178 	0.000112059
2.63832 	0.028627 	-0.000563853 	0.000111621
2.63982 	0.0286216 	-0.000561528 	0.000111183
2.64132 	0.0286161 	-0.000559202 	0.000110745
2.64282 	0.0286106 	-0.000556877 	0.000110306
2.64432 	0.0286058 	-0.000554728 	0.00010989
2.64582 	0.0286025 	-0.000553021 	0.000109527
2.64732 	0.0285992 	-0.000551314 	0.000109165
2.64882 	0.0285959 	-0.000549607 	0.000108803
2.65033 	0.0285927 	-0.0005479 	0.00010844
2.65183 	0.0285894 	-0.000546192 	0.000108078
2.65333 	0.0285861 	-0.000544485 	0.000107716
2.65483 	0.0285828 	-0.000542778 	0.000107353
2.65633 	0.0285795 	-0.000541071 	0.000106991
2.65783 	0.0285763 	-0.000539364 	0.000106629
2.65933 	0.0285745 	-0.000538105 	0.000106317
2.66083 	0.0285734 	-0.000537018 	0.000106024
2.66233 	0.0285723 	-0.00053593 	0.000105732
2.66383 	0.0285712 	-0.000534843 	0.000105439
2.66533 	0.0285701 	-0.000533756 	0.000105147
2.66683 	0.0285689 	-0.000532668 	0.000104854
2.66833 	0.0285661 	-0.000531414 	0.000104546
2.66983 	0.0285608 	-0.000529922 	0.000104216
2.67134 	0.0285555 	-0.00052843 	0.000103886
2.67284 	0.0285501 	-0.000526938 	0.000103555
2.67434 	0.0285448 	-0.000525445 	0.000103225
2.67584 	0.0285395 	-0.000523953 	0.000102895
2.67734 	0.0285342 	-0.000522295 	0.000102502
2.67884 	0.0285289 	-0.000520524 	0.000102066
2.68034 	0.0285236 	-0.000518753 	0.00010163
2.68184 	0.0285182 	-0.000516982 	0.000101194
2.68334 	0.0285129 	-0.000515211 	0.000100758
2.68484 	0.0285076 	-0.00051344 	0.000100322
2.68634 	0.0285023 	-0.000511669 	9.98861e-05
2.68784 	0.028497 	-0.000509898 	9.94501e-05
2.68934 	0.0284916 	-0.000508127 	9.90141e-05
2.69085 	0.0284863 	-0.000506304 	9.85563e-05
2.69235 	0.0284809 	-0.000504287 	9.80166e-05
2.69385 	0.0284756 	-0.000502271 	9.7477e-05
2.69535 	0.0284702 	-0.000500254 	9.69374e-05
2.69685 	0.0284649 	-0.000498237 	9.63977e-05
2.69835 	0.0284595 	-0.00049622 	9.58581e-05
2.69985 	0.0284519 	-0.000493982 	9.52903e-05
2.70135 	0.0284417 	-0.000491507 	9.46925e-05
2.70285 	0.0284316 	-0.000489032 	9.40946e-05
2.70435 	0.0284214 	-0.000486556 	9.34968e-05
2.70585 	0.0284113 	-0.000484081 	9.28989e-05
2.70735 	0.0284018 	-0.000481739 	9.23244e-05
2.70885 	0.0283948 	-0.000479909 	9.18393e-05
2.71036 	0.0283879 	-0.000478078 	9.13542e-05
2.71186 	0.0283809 	-0.000476248 	9.08691e-05
2.71336 	0.0283739 	-0.000474417 	9.03841e-05
2.71486 	0.028367 	-0.000472587 	8.9899e-05
2.71636 	0.02836 	-0.000470756 	8.94139e-05
2.71786 	0.028353 	-0.000468926 	8.89288e-05
2.71936 	0.028346 	-0.000467095 	8.84438e-05
2.72086 	0.0283392 	-0.000465299 	8.79647e-05
2.72236 	0.0283355 	-0.000464128 	8.75962e-05
2.72386 	0.0283317 	-0.000462957 	8.72277e-05
2.72536 	0.028328 	-0.000461786 	8.68592e-05
2.72686 	0.0283243 	-0.000460615 	8.64907e-05
2.72836 	0.0283205 	-0.000459444 	8.61222e-05
2.72986 	0.0283125 	-0.000457925 	8.57138e-05
2.73137 	0.0283038 	-0.000456348 	8.52987e-05
2.73287 	0.0282951 	-0.000454771 	8.48835e-05
2.73437 	0.0282865 	-0.000453194 	8.44684e-05
2.73587 	0.0282777 	-0.000451594 	8.40434e-05
2.73737 	0.0282679 	-0.000449711 	8.34949e-05
2.73887 	0.0282581 	-0.000447829 	8.29465e-05
2.74037 	0.0282483 	-0.000445946 	8.23981e-05
2.74187 	0.0282385 	-0.000444063 	8.18496e-05
2.74337 	0.0282287 	-0.000442181 	8.13012e-05
2.74487 	0.0282189 	-0.000440298 	8.07527e-05
2.74637 	0.0282092 	-0.000438415 	8.02043e-05
2.74787 	0.0281994 	-0.000436533 	7.96559e-05
2.74937 	0.0281894 	-0.000434593 	7.90835e-05
2.75088 	0.0281784 	-0.000432413 	7.84094e-05
2.75238 	0.0281675 	-0.000430232 	7.77354e-05
2.75388 	0.0281565 	-0.000428052 	7.70613e-05
2.75538 	0.0281456 	-0.000425871 	7.63873e-05
2.75688 	0.0281318 	-0.000423443 	7.56822e-05
2.75838 	0.0281148 	-0.000420747 	7.49436e-05
2.75988 	0.0280979 	-0.000418052 	7.4205e-05
2.76138 	0.028081 	-0.000415357 	7.34664e-05
2.76288 	0.0280642 	-0.000412704 	7.27396e-05
2.76438 	0.0280486 	-0.000410292 	7.20799e-05
2.76588 	0.0280329 	-0.000407881 	7.14203e-05
2.76738 	0.0280172 	-0.000405469 	7.07606e-05
2.76888 	0.0280015 	-0.000403057 	7.0101e-05
2.77039 	0.0279858 	-0.000400646 	6.94413e-05
2.77189 	0.0279702 	-0.000398234 	6.87817e-05
2.77339 	0.0279545 	-0.000395822 	6.8122e-05
2.77489 	0.0279388 	-0.00039341 	6.74624e-05
2.77639 	0.0279233 	-0.000391088 	6.68345e-05
2.77789 	0.0279079 	-0.000388833 	6.62305e-05
2.77939 	0.0278924 	-0.000386579 	6.56266e-05
2.78089 	0.027877 	-0.000384324 	6.50226e-05
2.78239 	0.0278594 	-0.000381878 	6.43984e-05
2.78389 	0.0278365 	-0.000378993 	6.37279e-05
2.78539 	0.0278137 	-0.000376109 	6.30573e-05
2.78689 	0.0277908 	-0.000373224 	6.23868e-05
2.78839 	0.0277704 	-0.000370646 	6.17847e-05
2.78989 	0.0277539 	-0.00036857 	6.12944e-05
2.7914 	0.0277374 	-0.000366493 	6.08042e-05
2.7929 	0.0277209 	-0.000364417 	6.03139e-05
2.7944 	0.0277044 	-0.00036234 	5.98237e-05
2.7959 	0.0276879 	-0.000360264 	5.93334e-05
2.7974 	0.0276714 	-0.000358187 	5.88432e-05
2.7989 	0.0276548 	-0.000356111 	5.83529e-05
2.8004 	0.0276391 	-0.000354139 	5.78875e-05
2.8019 	0.0276287 	-0.000352857 	5.75859e-05
2.8034 	0.0276183 	-0.000351576 	5.72844e-05
2.8049 	0.0276079 	-0.000350294 	5.69828e-05
2.8064 	0.0275954 	-0.000348848 	5.66728e-05
2.8079 	0.0275771 	-0.000346952 	5.63394e-05
2.8094 	0.0275587 	-0.000345056 	5.6006e-05
2.81091 	0.0275404 	-0.000343159 	5.56726e-05
2.81241 	0.0275192 	-0.000341027 	5.53198e-05
2.81391 	0.0274968 	-0.000338799 	5.49592e-05
2.81541 	0.0274744 	-0.000336572 	5.45986e-05
2.81691 	0.027452 	-0.000334344 	5.42379e-05
2.81841 	0.0274296 	-0.000332116 	5.38773e-05
2.81991 	0.0274072 	-0.000329889 	5.35167e-05
2.82141 	0.0273848 	-0.000327661 	5.31561e-05
2.82291 	0.0273624 	-0.000325433 	5.27955e-05
2.82441 	0.0273351 	-0.00032284 	5.24244e-05
2.82591 	0.0273066 	-0.000320164 	5.2051e-05
2.82741 	0.0272782 	-0.000317488 	5.16776e-05
2.82891 	0.0272477 	-0.000314658 	5.1299e-05
2.83042 	0.0272125 	-0.000311494 	5.09092e-05
2.83192 	0.0271773 	-0.00030833 	5.05194e-05
2.83342 	0.0271429 	-0.000305243 	5.0145e-05
2.83492 	0.0271155 	-0.000302877 	4.99139e-05
2.83642 	0.0270881 	-0.000300512 	4.96828e-05
2.83792 	0.0270607 	-0.000298146 	4.94517e-05
2.83942 	0.0270333 	-0.000295781 	4.92206e-05
2.84092 	0.0270059 	-0.000293415 	4.89895e-05
2.84242 	0.0269785 	-0.00029105 	4.87584e-05
2.84392 	0.0269511 	-0.000288684 	4.85273e-05
2.84542 	0.0269268 	-0.000286681 	4.83754e-05
2.84692 	0.0269049 	-0.000284964 	4.82857e-05
2.84842 	0.0268831 	-0.000283247 	4.8196e-05
2.84992 	0.02686 	-0.000281463 	4.81102e-05
2.85143 	0.0268349 	-0.000279576 	4.80306e-05
2.85293 	0.0268098 	-0.000277688 	4.79509e-05
2.85443 	0.0267791 	-0.000275484 	4.79103e-05
2.85593 	0.026742 	-0.000272932 	4.79127e-05
2.85743 	0.026705 	-0.000270379 	4.79151e-05
2.85893 	0.026668 	-0.000267827 	4.79175e-05
2.86043 	0.0266309 	-0.000265274 	4.79199e-05
2.86193 	0.0265939 	-0.000262722 	4.79223e-05
2.86343 	0.0265569 	-0.00026017 	4.79247e-05
2.86493 	0.0265159 	-0.000257411 	4.7948e-05
2.86643 	0.026466 	-0.000254192 	4.80182e-05
2.86793 	0.0264161 	-0.000250972 	4.80884e-05
2.86943 	0.0263637 	-0.00024762 	4.81667e-05
2.87094 	0.026308 	-0.000244098 	4.82555e-05
2.87244 	0.0262524 	-0.000240576 	4.83444e-05
2.87394 	0.0262049 	-0.000237699 	4.84493e-05
2.87544 	0.0261596 	-0.000234984 	4.85582e-05
2.87694 	0.0261142 	-0.000232269 	4.86671e-05
2.87844 	0.0260689 	-0.000229555 	4.8776e-05
2.87994 	0.0260235 	-0.00022684 	4.8885e-05
2.88144 	0.0259782 	-0.000224125 	4.89939e-05
2.88294 	0.0259329 	-0.000221413 	4.91028e-05
2.88444 	0.0258969 	-0.000219484 	4.92211e-05
2.88594 	0.025861 	-0.000217556 	4.93393e-05
2.88744 	0.025823 	-0.000215537 	4.94607e-05
2.88894 	0.0257819 	-0.000213381 	4.95868e-05
2.89045 	0.0257407 	-0.000211225 	4.9713e-05
2.89195 	0.0256968 	-0.000209043 	4.98469e-05
2.89345 	0.0256529 	-0.000206861 	4.99808e-05
2.89495 	0.025609 	-0.000204679 	5.01147e-05
2.89645 	0.0255651 	-0.000202497 	5.02486e-05
2.89795 	0.0255212 	-0.000200315 	5.03826e-05
2.89945 	0.0254773 	-0.000198133 	5.05165e-05
2.90095 	0.0254332 	-0.000196026 	5.0652e-05
2.90245 	0.0253889 	-0.000193971 	5.07887e-05
2.90395 	0.0253435 	-0.000191871 	5.09262e-05
2.90545 	0.025294 	-0.000189619 	5.10664e-05
2.90695 	0.0252429 	-0.000187319 	5.1208e-05
2.90845 	0.0251672 	-0.000184283 	5.13688e-05
2.90995 	0.0250915 	-0.000181248 	5.15296e-05
2.91146 	0.0250159 	-0.000178212 	5.16904e-05
2.91296 	0.0249402 	-0.000175177 	5.18513e-05
2.91446 	0.0248646 	-0.000172142 	5.20121e-05
2.91596 	0.0247889 	-0.000169105 	5.21729e-05
2.91746 	0.024686 	-0.000165299 	5.23599e-05
2.91896 	0.0245831 	-0.000161494 	5.25468e-05
2.92046 	0.0244713 	-0.000157387 	5.27415e-05
2.92196 	0.024358 	-0.000153233 	5.29375e-05
2.92346 	0.0242629 	-0.000149977 	5.30675e-05
2.92496 	0.0241698 	-0.000146818 	5.31904e-05
2.92646 	0.0240768 	-0.00014366 	5.33132e-05
2.92796 	0.0239837 	-0.000140501 	5.34361e-05
2.92946 	0.0238906 	-0.000137343 	5.3559e-05
2.93097 	0.0238013 	-0.00013438 	5.36686e-05
2.93247 	0.0237271 	-0.000132207 	5.37247e-05
2.93397 	0.0236506 	-0.000129973 	5.37787e-05
2.93547 	0.0235674 	-0.000127562 	5.38267e-05
2.93697 	0.0234811 	-0.000125161 	5.38736e-05
2.93847 	0.0233914 	-0.000122769 	5.39192e-05
2.93997 	0.0233017 	-0.000120377 	5.39648e-05
2.94147 	0.0232121 	-0.000117986 	5.40105e-05
2.94297 	0.0231224 	-0.000115594 	5.40561e-05
2.94447 	0.0230325 	-0.000113223 	5.41022e-05
2.94597 	0.0229405 	-0.000111 	5.41517e-05
2.94747 	0.0228448 	-0.000108694 	5.41963e-05
2.94897 	0.0227424 	-0.000106243 	5.42323e-05
2.95048 	0.022595 	-0.000103206 	5.42363e-05
2.95198 	0.0224327 	-9.99761e-05 	5.42297e-05
2.95348 	0.0222705 	-9.67459e-05 	5.42232e-05
2.95498 	0.0221082 	-9.35157e-05 	5.42166e-05
2.95648 	0.0219459 	-9.02856e-05 	5.421e-05
2.95798 	0.0217388 	-8.6525e-05 	5.4192e-05
2.95948 	0.0215122 	-8.25189e-05 	5.41698e-05
2.96098 	0.0212667 	-7.81895e-05 	5.41476e-05
2.96248 	0.0210494 	-7.4621e-05 	5.40568e-05
2.96398 	0.0208459 	-7.14242e-05 	5.39324e-05
2.96548 	0.0206425 	-6.82274e-05 	5.3808e-05
2.96698 	0.020439 	-6.50306e-05 	5.36835e-05
2.96848 	0.0202355 	-6.18339e-05 	5.35591e-05
2.96998 	0.0200712 	-5.97879e-05 	5.33589e-05
2.97149 	0.0198983 	-5.76514e-05 	5.31626e-05
2.97299 	0.0197137 	-5.5425e-05 	5.295e-05
2.97449 	0.0195169 	-5.32743e-05 	5.26492e-05
2.97599 	0.01932 	-5.11236e-05 	5.23485e-05
2.97749 	0.0191232 	-4.89729e-05 	5.20478e-05
2.97899 	0.0189263 	-4.68222e-05 	5.1747e-05
2.98049 	0.0187231 	-4.48855e-05 	5.13671e-05
2.98199 	0.018507 	-4.28943e-05 	5.09686e-05
2.98349 	0.0182742 	-4.08301e-05 	5.05396e-05
2.98499 	0.0180284 	-3.88535e-05 	5.00341e-05
2.98649 	0.0177825 	-3.68768e-05 	4.95285e-05
2.98799 	0.0175367 	-3.49002e-05 	4.90229e-05
2.98949 	0.0172889 	-3.29784e-05 	4.85004e-05
2.991 	0.0170335 	-3.1286e-05 	4.79068e-05
2.9925 	0.016749 	-2.94026e-05 	4.72787e-05
2.994 	0.0141584 	-2.44001e-05 	4.00182e-05
2.9955 	0.0113098 	-1.90486e-05 	3.20153e-05
2.997 	0.00846122 	-1.36971e-05 	2.40124e-05
2.9985 	0.00539096 	-8.10543e-06 	1.53675e-05
3 	0 	0 	0
