0 	0 	0 	0
0.00150075 	3.71914e-05 	-1.79131e-07 	1.75464e-06
0.0030015 	7.43829e-05 	-3.58263e-07 	3.50929e-06
0.00450225 	0.000122756 	-7.47903e-07 	5.54071e-06
0.006003 	0.000209482 	-2.06719e-06 	8.1566e-06
0.00750375 	0.000304883 	-3.65671e-06 	1.07993e-05
0.0090045 	0.000400288 	-5.24489e-06 	1.34442e-05
0.0105053 	0.000497263 	-6.38772e-06 	1.67875e-05
0.012006 	0.000594237 	-7.53055e-06 	2.01309e-05
0.0135068 	0.000688627 	-8.7221e-06 	2.33438e-05
0.0150075 	0.000756888 	-1.04561e-05 	2.51269e-05
0.0165083 	0.00080951 	-1.2568e-05 	2.59361e-05
0.018009 	0.000862133 	-1.468e-05 	2.67453e-05
0.0195098 	0.000920486 	-1.63392e-05 	2.83244e-05
0.0210105 	0.000984417 	-1.75579e-05 	3.06527e-05
0.0225113 	0.00104835 	-1.87766e-05 	3.2981e-05
0.024012 	0.00111393 	-2.06191e-05 	3.51691e-05
0.0255128 	0.00118208 	-2.43123e-05 	3.68028e-05
0.0270135 	0.00125038 	-2.87381e-05 	3.81662e-05
0.0285143 	0.00131868 	-3.3164e-05 	3.95297e-05
0.030015 	0.00139338 	-3.69589e-05 	4.17119e-05
0.0315158 	0.0014752 	-4.00527e-05 	4.48039e-05
0.0330165 	0.00155702 	-4.31466e-05 	4.78958e-05
0.0345173 	0.00163556 	-4.62927e-05 	5.08151e-05
0.036018 	0.00168857 	-4.98571e-05 	5.23977e-05
0.0375188 	0.00172053 	-5.38029e-05 	5.29094e-05
0.0390195 	0.0017525 	-5.77488e-05 	5.34211e-05
0.0405203 	0.00178446 	-6.16946e-05 	5.39328e-05
0.042021 	0.00183213 	-6.44482e-05 	5.5966e-05
0.0435218 	0.00188229 	-6.70131e-05 	5.82399e-05
0.0450225 	0.00193245 	-6.9578e-05 	6.05138e-05
0.0465233 	0.0019794 	-7.238e-05 	6.2544e-05
0.048024 	0.00201492 	-7.60071e-05 	6.3743e-05
0.0495248 	0.00204036 	-8.03088e-05 	6.43082e-05
0.0510255 	0.0020658 	-8.46104e-05 	6.48734e-05
0.0525263 	0.00209124 	-8.89121e-05 	6.54386e-05
0.054027 	0.00212845 	-9.23799e-05 	6.697e-05
0.0555278 	0.00217247 	-9.53658e-05 	6.90598e-05
0.0570285 	0.00221649 	-9.83518e-05 	7.11496e-05
0.0585293 	0.00226051 	-0.000101338 	7.32394e-05
0.06003 	0.00229843 	-0.000105351 	7.48301e-05
0.0615308 	0.00233126 	-0.000110729 	7.59685e-05
0.0630315 	0.0023619 	-0.000116816 	7.69036e-05
0.0645323 	0.00239254 	-0.000122903 	7.78386e-05
0.066033 	0.00242317 	-0.000128991 	7.87736e-05
0.0675338 	0.00247223 	-0.000134952 	8.10023e-05
0.0690345 	0.00252775 	-0.000140869 	8.36851e-05
0.0705353 	0.00258327 	-0.000146787 	8.63679e-05
0.072036 	0.00263879 	-0.000152704 	8.90507e-05
0.0735368 	0.00268144 	-0.000158131 	9.09548e-05
0.0750375 	0.00270888 	-0.000162957 	9.18988e-05
0.0765383 	0.00272025 	-0.00016711 	9.17667e-05
0.078039 	0.00273161 	-0.000171264 	9.16345e-05
0.0795398 	0.00274298 	-0.000175417 	9.15023e-05
0.0810405 	0.00275779 	-0.000179596 	9.16431e-05
0.0825413 	0.0027945 	-0.000183939 	9.35179e-05
0.084042 	0.00283122 	-0.000188282 	9.53927e-05
0.0855428 	0.00286793 	-0.000192624 	9.72676e-05
0.0870435 	0.00290464 	-0.000196967 	9.91424e-05
0.0885443 	0.00293397 	-0.000201584 	0.0001003
0.090045 	0.00295684 	-0.000206297 	0.000100815
0.0915458 	0.00296892 	-0.000210903 	0.000100229
0.0930465 	0.002981 	-0.000215508 	9.9643e-05
0.0945473 	0.00299307 	-0.000220114 	9.90571e-05
0.096048 	0.00300515 	-0.00022472 	9.84712e-05
0.0975488 	0.00303093 	-0.000228868 	9.94161e-05
0.0990495 	0.00306076 	-0.000232881 	0.000100812
0.10055 	0.00309058 	-0.000236894 	0.000102208
0.102051 	0.0031204 	-0.000240907 	0.000103604
0.103552 	0.0031502 	-0.00024492 	0.000104997
0.105053 	0.00317019 	-0.00024924 	0.000105292
0.106553 	0.00318663 	-0.000253648 	0.000105114
0.108054 	0.00319691 	-0.000258211 	0.00010411
0.109555 	0.0032072 	-0.000262774 	0.000103107
0.111056 	0.00321748 	-0.000267336 	0.000102103
0.112556 	0.00322776 	-0.000271899 	0.0001011
0.114057 	0.00324786 	-0.000276192 	0.000101376
0.115558 	0.00327452 	-0.000280305 	0.00010251
0.117059 	0.00330119 	-0.000284417 	0.000103644
0.118559 	0.00332786 	-0.000288529 	0.000104778
0.12006 	0.00335453 	-0.000292642 	0.000105912
0.121561 	0.00337686 	-0.000296865 	0.000106517
0.123062 	0.00339477 	-0.000301202 	0.000106583
0.124562 	0.00340697 	-0.000305676 	0.000105847
0.126063 	0.00341627 	-0.000310221 	0.0001047
0.127564 	0.00342556 	-0.000314766 	0.000103554
0.129065 	0.00343485 	-0.000319311 	0.000102407
0.130565 	0.00344415 	-0.000323856 	0.000101261
0.132066 	0.00346193 	-0.00032818 	0.000101345
0.133567 	0.0034863 	-0.000332331 	0.000102385
0.135068 	0.00351067 	-0.000336482 	0.000103426
0.136568 	0.00353505 	-0.000340633 	0.000104466
0.138069 	0.00355942 	-0.000344784 	0.000105506
0.13957 	0.00358293 	-0.000348954 	0.000106424
0.141071 	0.00359943 	-0.000353278 	0.000106348
0.142571 	0.00361548 	-0.000357615 	0.000106203
0.144072 	0.00362422 	-0.000362166 	0.000104929
0.145573 	0.00363296 	-0.000366717 	0.000103654
0.147074 	0.0036417 	-0.000371268 	0.00010238
0.148574 	0.00365043 	-0.000375818 	0.000101105
0.150075 	0.00365917 	-0.000380369 	9.98308e-05
0.151576 	0.00367639 	-0.000384647 	9.98675e-05
0.153077 	0.00369903 	-0.000388751 	0.000100742
0.154577 	0.00372167 	-0.000392855 	0.000101617
0.156078 	0.00374431 	-0.000396959 	0.000102492
0.157579 	0.00376695 	-0.000401063 	0.000103367
0.15908 	0.00378958 	-0.000405167 	0.000104242
0.16058 	0.00380661 	-0.000409442 	0.000104201
0.162081 	0.00382217 	-0.000413761 	0.000103922
0.163582 	0.0038343 	-0.000418229 	0.000103069
0.165083 	0.00384291 	-0.000422851 	0.000101627
0.166583 	0.00385153 	-0.000427473 	0.000100186
0.168084 	0.00386014 	-0.000432094 	9.87446e-05
0.169585 	0.00386876 	-0.000436716 	9.73033e-05
0.171086 	0.00387737 	-0.000441338 	9.5862e-05
0.172586 	0.00389475 	-0.000445579 	9.58156e-05
0.174087 	0.00391615 	-0.000449647 	9.64092e-05
0.175588 	0.00393755 	-0.000453715 	9.70029e-05
0.177089 	0.00395895 	-0.000457783 	9.75966e-05
0.178589 	0.00398035 	-0.000461851 	9.81902e-05
0.18009 	0.00400175 	-0.000465918 	9.87839e-05
0.181591 	0.00402006 	-0.000470118 	9.88131e-05
0.183092 	0.00403521 	-0.000474452 	9.82616e-05
0.184592 	0.00405036 	-0.000478786 	9.77101e-05
0.186093 	0.00405994 	-0.000483455 	9.61421e-05
0.187594 	0.00406901 	-0.000488154 	9.44817e-05
0.189095 	0.00407808 	-0.000492853 	9.28214e-05
0.190595 	0.00408715 	-0.000497552 	9.1161e-05
0.192096 	0.00409622 	-0.00050225 	8.95007e-05
0.193597 	0.00410529 	-0.000506949 	8.78403e-05
0.195098 	0.0041229 	-0.000511157 	8.75544e-05
0.196598 	0.00414362 	-0.000515185 	8.77691e-05
0.198099 	0.00416435 	-0.000519213 	8.79838e-05
0.1996 	0.00418508 	-0.000523241 	8.81984e-05
0.201101 	0.0042058 	-0.000527269 	8.84131e-05
0.202601 	0.00422653 	-0.000531297 	8.86278e-05
0.204102 	0.0042464 	-0.000535365 	8.86925e-05
0.205603 	0.00426155 	-0.000539658 	8.79213e-05
0.207104 	0.0042767 	-0.000543951 	8.71501e-05
0.208604 	0.00429043 	-0.000548349 	8.61146e-05
0.210105 	0.00430026 	-0.000553037 	8.43499e-05
0.211606 	0.00431008 	-0.000557726 	8.25852e-05
0.213107 	0.00431991 	-0.000562414 	8.08205e-05
0.214607 	0.00432974 	-0.000567103 	7.90558e-05
0.216108 	0.00433956 	-0.000571791 	7.72911e-05
0.217609 	0.00434939 	-0.00057648 	7.55264e-05
0.21911 	0.00436652 	-0.000580595 	7.49951e-05
0.22061 	0.00438685 	-0.000584461 	7.50025e-05
0.222111 	0.00440717 	-0.000588326 	7.50098e-05
0.223612 	0.0044275 	-0.000592191 	7.50172e-05
0.225113 	0.00444782 	-0.000596057 	7.50246e-05
0.226613 	0.00446814 	-0.000599922 	7.5032e-05
0.228114 	0.00448847 	-0.000603787 	7.50394e-05
0.229615 	0.00450527 	-0.000607893 	7.43756e-05
0.231116 	0.0045207 	-0.000612094 	7.34469e-05
0.232616 	0.00453612 	-0.000616294 	7.25182e-05
0.234117 	0.00454929 	-0.000620731 	7.10784e-05
0.235618 	0.00456005 	-0.00062542 	6.90933e-05
0.237119 	0.00457081 	-0.000630108 	6.71082e-05
0.238619 	0.00458158 	-0.000634797 	6.51232e-05
0.24012 	0.00459234 	-0.000639486 	6.31381e-05
0.241621 	0.0046031 	-0.000644174 	6.11531e-05
0.243122 	0.00461387 	-0.000648863 	5.9168e-05
0.244622 	0.00462954 	-0.000653037 	5.8129e-05
0.246123 	0.00464977 	-0.000656731 	5.79705e-05
0.247624 	0.00467 	-0.000660426 	5.78119e-05
0.249125 	0.00469023 	-0.00066412 	5.76533e-05
0.250625 	0.00471046 	-0.000667815 	5.74947e-05
0.252126 	0.00473069 	-0.00067151 	5.73362e-05
0.253627 	0.00475092 	-0.000675204 	5.71776e-05
0.255128 	0.00477057 	-0.000678959 	5.69086e-05
0.256628 	0.0047864 	-0.000683102 	5.59208e-05
0.258129 	0.00480224 	-0.000687245 	5.4933e-05
0.25963 	0.00481808 	-0.000691389 	5.39452e-05
0.261131 	0.00483173 	-0.000695831 	5.2443e-05
0.262631 	0.0048433 	-0.000700557 	5.04512e-05
0.264132 	0.00485487 	-0.000705284 	4.84595e-05
0.265633 	0.00486644 	-0.00071001 	4.64677e-05
0.267134 	0.00487801 	-0.000714736 	4.44759e-05
0.268634 	0.00488958 	-0.000719463 	4.24841e-05
0.270135 	0.00490114 	-0.000724189 	4.04923e-05
0.271636 	0.00491396 	-0.000728756 	3.87735e-05
0.273137 	0.00493423 	-0.00073237 	3.86875e-05
0.274637 	0.00495451 	-0.000735985 	3.86014e-05
0.276138 	0.00497478 	-0.000739599 	3.85154e-05
0.277639 	0.00499506 	-0.000743214 	3.84294e-05
0.27914 	0.00501533 	-0.000746828 	3.83434e-05
0.28064 	0.00503561 	-0.000750443 	3.82574e-05
0.282141 	0.00505588 	-0.000754057 	3.81713e-05
0.283642 	0.00507474 	-0.000757847 	3.78484e-05
0.285143 	0.00509095 	-0.000761964 	3.70803e-05
0.286643 	0.00510716 	-0.000766081 	3.63122e-05
0.288144 	0.00512337 	-0.000770199 	3.55441e-05
0.289645 	0.00513841 	-0.000774499 	3.45507e-05
0.291146 	0.00515065 	-0.000779238 	3.30172e-05
0.292646 	0.00516288 	-0.000783977 	3.14836e-05
0.294147 	0.00517511 	-0.000788715 	2.995e-05
0.295648 	0.00518734 	-0.000793454 	2.84164e-05
0.297149 	0.00519957 	-0.000798193 	2.68828e-05
0.298649 	0.00521181 	-0.000802932 	2.53493e-05
0.30015 	0.00522404 	-0.00080767 	2.38157e-05
0.301651 	0.00524045 	-0.000811801 	2.32339e-05
0.303152 	0.00526076 	-0.000815365 	2.35398e-05
0.304652 	0.00528107 	-0.000818929 	2.38457e-05
0.306153 	0.00530138 	-0.000822492 	2.41516e-05
0.307654 	0.00532169 	-0.000826056 	2.44575e-05
0.309155 	0.00534199 	-0.00082962 	2.47634e-05
0.310655 	0.0053623 	-0.000833183 	2.50693e-05
0.312156 	0.00538261 	-0.000836747 	2.53752e-05
0.313657 	0.00540183 	-0.000840461 	2.54708e-05
0.315158 	0.00541861 	-0.000844512 	2.50946e-05
0.316658 	0.00543539 	-0.000848563 	2.47183e-05
0.318159 	0.00545217 	-0.000852614 	2.43421e-05
0.31966 	0.00546895 	-0.000856665 	2.39659e-05
0.321161 	0.0054831 	-0.000861191 	2.30972e-05
0.322661 	0.0054965 	-0.000865854 	2.20853e-05
0.324162 	0.00550989 	-0.000870517 	2.10734e-05
0.325663 	0.00552328 	-0.000875181 	2.00614e-05
0.327164 	0.00553667 	-0.000879844 	1.90495e-05
0.328664 	0.00555007 	-0.000884508 	1.80376e-05
0.330165 	0.00556346 	-0.000889171 	1.70256e-05
0.331666 	0.00557685 	-0.000893834 	1.60137e-05
0.333167 	0.00559462 	-0.000897777 	1.59794e-05
0.334667 	0.00561546 	-0.000901217 	1.66288e-05
0.336168 	0.00563629 	-0.000904656 	1.72782e-05
0.337669 	0.00565712 	-0.000908095 	1.79276e-05
0.33917 	0.00567795 	-0.000911535 	1.8577e-05
0.34067 	0.00569878 	-0.000914974 	1.92264e-05
0.342171 	0.00571962 	-0.000918413 	1.98758e-05
0.343672 	0.00574045 	-0.000921853 	2.05252e-05
0.345173 	0.00576128 	-0.000925292 	2.11746e-05
0.346673 	0.00577897 	-0.000929187 	2.10241e-05
0.348174 	0.00579655 	-0.000933096 	2.0847e-05
0.349675 	0.00581414 	-0.000937006 	2.06699e-05
0.351176 	0.00583172 	-0.000940915 	2.04928e-05
0.352676 	0.0058493 	-0.000944825 	2.03157e-05
0.354177 	0.00586418 	-0.000949291 	1.94995e-05
0.355678 	0.00587875 	-0.000953818 	1.86129e-05
0.357179 	0.00589333 	-0.000958346 	1.77262e-05
0.358679 	0.0059079 	-0.000962873 	1.68396e-05
0.36018 	0.00592247 	-0.000967401 	1.5953e-05
0.361681 	0.00593705 	-0.000971928 	1.50664e-05
0.363182 	0.00595162 	-0.000976455 	1.41797e-05
0.364682 	0.0059662 	-0.000980983 	1.32931e-05
0.366183 	0.00598285 	-0.000985112 	1.28539e-05
0.367684 	0.0060042 	-0.000988342 	1.34226e-05
0.369185 	0.00602554 	-0.000991572 	1.39913e-05
0.370685 	0.00604689 	-0.000994803 	1.45599e-05
0.372186 	0.00606823 	-0.000998033 	1.51286e-05
0.373687 	0.00608958 	-0.00100126 	1.56973e-05
0.375188 	0.00611092 	-0.00100449 	1.6266e-05
0.376688 	0.00613227 	-0.00100772 	1.68346e-05
0.378189 	0.00615361 	-0.00101096 	1.74033e-05
0.37969 	0.00617417 	-0.00101434 	1.7736e-05
0.381191 	0.00619269 	-0.00101812 	1.74639e-05
0.382691 	0.00621121 	-0.00102191 	1.71917e-05
0.384192 	0.00622973 	-0.00102569 	1.69196e-05
0.385693 	0.00624825 	-0.00102947 	1.66475e-05
0.387194 	0.00626678 	-0.00103326 	1.63753e-05
0.388694 	0.00628368 	-0.00103747 	1.56333e-05
0.390195 	0.00629961 	-0.00104194 	1.46077e-05
0.391696 	0.00631553 	-0.00104642 	1.35821e-05
0.393197 	0.00633146 	-0.00105089 	1.25565e-05
0.394697 	0.00634739 	-0.00105536 	1.15309e-05
0.396198 	0.00636332 	-0.00105984 	1.05053e-05
0.397699 	0.00637924 	-0.00106431 	9.47969e-06
0.3992 	0.00639517 	-0.00106878 	8.45408e-06
0.4007 	0.0064111 	-0.00107326 	7.42847e-06
0.402201 	0.00643092 	-0.00107687 	7.21134e-06
0.403702 	0.00645304 	-0.00107997 	7.47003e-06
0.405203 	0.00647516 	-0.00108307 	7.72872e-06
0.406703 	0.00649728 	-0.00108617 	7.98741e-06
0.408204 	0.0065194 	-0.00108927 	8.2461e-06
0.409705 	0.00654152 	-0.00109238 	8.50479e-06
0.411206 	0.00656364 	-0.00109548 	8.76348e-06
0.412706 	0.00658576 	-0.00109858 	9.02217e-06
0.414207 	0.00660788 	-0.00110168 	9.28087e-06
0.415708 	0.00662949 	-0.00110491 	9.41337e-06
0.417209 	0.00664913 	-0.00110862 	9.06103e-06
0.418709 	0.00666877 	-0.00111233 	8.70869e-06
0.42021 	0.0066884 	-0.00111604 	8.35635e-06
0.421711 	0.00670804 	-0.00111974 	8.00402e-06
0.423212 	0.00672768 	-0.00112345 	7.65168e-06
0.424712 	0.00674731 	-0.00112716 	7.29934e-06
0.426213 	0.00676481 	-0.00113148 	6.41065e-06
0.427714 	0.00678206 	-0.00113587 	5.4617e-06
0.429215 	0.00679932 	-0.00114026 	4.51276e-06
0.430715 	0.00681657 	-0.00114465 	3.56381e-06
0.432216 	0.00683383 	-0.00114904 	2.61487e-06
0.433717 	0.00685108 	-0.00115344 	1.66592e-06
0.435218 	0.00686833 	-0.00115783 	7.1698e-07
0.436718 	0.00688559 	-0.00116222 	-2.31965e-07
0.438219 	0.00690284 	-0.00116661 	-1.18091e-06
0.43972 	0.00692313 	-0.00117029 	-1.51411e-06
0.441221 	0.00694628 	-0.00117331 	-1.26738e-06
0.442721 	0.00696943 	-0.00117634 	-1.02065e-06
0.444222 	0.00699258 	-0.00117936 	-7.73914e-07
0.445723 	0.00701573 	-0.00118238 	-5.27183e-07
0.447224 	0.00703888 	-0.0011854 	-2.80451e-07
0.448724 	0.00706203 	-0.00118842 	-3.372e-08
0.450225 	0.00708517 	-0.00119144 	2.13011e-07
0.451726 	0.00710832 	-0.00119446 	4.59743e-07
0.453227 	0.00713147 	-0.00119748 	7.06474e-07
0.454727 	0.00714946 	-0.00120035 	6.32295e-07
0.456228 	0.00716534 	-0.00120317 	4.27433e-07
0.457729 	0.00718122 	-0.00120598 	2.22571e-07
0.45923 	0.0071971 	-0.00120879 	1.77088e-08
0.46073 	0.00721298 	-0.0012116 	-1.87153e-07
0.462231 	0.00722886 	-0.00121442 	-3.92015e-07
0.463732 	0.00724474 	-0.00121723 	-5.96877e-07
0.465233 	0.00725589 	-0.00121996 	-1.09394e-06
0.466733 	0.0072649 	-0.00122264 	-1.72312e-06
0.468234 	0.00727391 	-0.00122533 	-2.35229e-06
0.469735 	0.00728292 	-0.00122802 	-2.98147e-06
0.471236 	0.00729194 	-0.00123071 	-3.61064e-06
0.472736 	0.00730095 	-0.0012334 	-4.23982e-06
0.474237 	0.00730996 	-0.00123609 	-4.86899e-06
0.475738 	0.00731897 	-0.00123878 	-5.49817e-06
0.477239 	0.00732798 	-0.00124146 	-6.12734e-06
0.478739 	0.00733699 	-0.00124415 	-6.75652e-06
0.48024 	0.00735057 	-0.0012455 	-6.36329e-06
0.481741 	0.00736448 	-0.00124675 	-5.89369e-06
0.483242 	0.0073784 	-0.00124799 	-5.4241e-06
0.484742 	0.00739231 	-0.00124924 	-4.9545e-06
0.486243 	0.00740623 	-0.00125049 	-4.4849e-06
0.487744 	0.00742014 	-0.00125174 	-4.01531e-06
0.489245 	0.00743406 	-0.00125298 	-3.54571e-06
0.490745 	0.00744797 	-0.00125423 	-3.07611e-06
0.492246 	0.00746189 	-0.00125548 	-2.60652e-06
0.493747 	0.0074758 	-0.00125672 	-2.13692e-06
0.495248 	0.00749186 	-0.00125907 	-2.0526e-06
0.496748 	0.00750858 	-0.00126175 	-2.08674e-06
0.498249 	0.0075253 	-0.00126444 	-2.12089e-06
0.49975 	0.00754201 	-0.00126712 	-2.15503e-06
0.501251 	0.00755873 	-0.00126981 	-2.18918e-06
0.502751 	0.00757545 	-0.00127249 	-2.22332e-06
0.504252 	0.00759216 	-0.00127518 	-2.25747e-06
0.505753 	0.00760888 	-0.00127786 	-2.29161e-06
0.507254 	0.00762861 	-0.00128201 	-2.7276e-06
0.508754 	0.00764846 	-0.00128621 	-3.17978e-06
0.510255 	0.0076683 	-0.00129042 	-3.63195e-06
0.511756 	0.00768815 	-0.00129463 	-4.08413e-06
0.513257 	0.007708 	-0.00129883 	-4.53631e-06
0.514757 	0.00772785 	-0.00130304 	-4.98849e-06
0.516258 	0.0077477 	-0.00130724 	-5.44067e-06
0.517759 	0.00776754 	-0.00131145 	-5.89284e-06
0.51926 	0.00778739 	-0.00131566 	-6.34502e-06
0.52076 	0.00780724 	-0.00131986 	-6.7972e-06
0.522261 	0.00782962 	-0.00132264 	-6.47779e-06
0.523762 	0.00785245 	-0.00132517 	-6.02242e-06
0.525263 	0.00787528 	-0.0013277 	-5.56704e-06
0.526763 	0.00789811 	-0.00133023 	-5.11167e-06
0.528264 	0.00792094 	-0.00133276 	-4.65629e-06
0.529765 	0.00794376 	-0.00133529 	-4.20091e-06
0.531266 	0.00796659 	-0.00133782 	-3.74554e-06
0.532766 	0.00798942 	-0.00134035 	-3.29016e-06
0.534267 	0.00801225 	-0.00134288 	-2.83478e-06
0.535768 	0.00803508 	-0.00134541 	-2.37941e-06
0.537269 	0.00805761 	-0.00134818 	-2.08943e-06
0.538769 	0.00807958 	-0.00135139 	-2.10827e-06
0.54027 	0.00810156 	-0.00135459 	-2.1271e-06
0.541771 	0.00812353 	-0.0013578 	-2.14594e-06
0.543272 	0.00814551 	-0.00136101 	-2.16477e-06
0.544772 	0.00816749 	-0.00136422 	-2.1836e-06
0.546273 	0.00818946 	-0.00136743 	-2.20244e-06
0.547774 	0.00821144 	-0.00137063 	-2.22127e-06
0.549275 	0.00823341 	-0.00137384 	-2.24011e-06
0.550775 	0.00825496 	-0.00137757 	-2.43053e-06
0.552276 	0.00827632 	-0.00138153 	-2.6966e-06
0.553777 	0.00829768 	-0.00138548 	-2.96267e-06
0.555278 	0.00831904 	-0.00138944 	-3.22874e-06
0.556778 	0.0083404 	-0.00139339 	-3.4948e-06
0.558279 	0.00836176 	-0.00139735 	-3.76087e-06
0.55978 	0.00838312 	-0.0014013 	-4.02694e-06
0.561281 	0.00840448 	-0.00140526 	-4.29301e-06
0.562781 	0.00842584 	-0.00140922 	-4.55908e-06
0.564282 	0.0084472 	-0.00141317 	-4.82515e-06
0.565783 	0.00846924 	-0.00141671 	-4.95454e-06
0.567284 	0.00849325 	-0.00141905 	-4.68847e-06
0.568784 	0.00851725 	-0.00142139 	-4.42239e-06
0.570285 	0.00854126 	-0.00142373 	-4.15632e-06
0.571786 	0.00856526 	-0.00142607 	-3.89024e-06
0.573287 	0.00858926 	-0.00142841 	-3.62416e-06
0.574787 	0.00861327 	-0.00143074 	-3.35809e-06
0.576288 	0.00863727 	-0.00143308 	-3.09201e-06
0.577789 	0.00866128 	-0.00143542 	-2.82594e-06
0.57929 	0.00868528 	-0.00143776 	-2.55986e-06
0.58079 	0.00870929 	-0.0014401 	-2.29378e-06
0.582291 	0.00873299 	-0.0014427 	-2.11371e-06
0.583792 	0.00875634 	-0.00144562 	-2.03832e-06
0.585293 	0.00877969 	-0.00144855 	-1.96293e-06
0.586793 	0.00880304 	-0.00145147 	-1.88754e-06
0.588294 	0.00882638 	-0.00145439 	-1.81215e-06
0.589795 	0.00884973 	-0.00145731 	-1.73676e-06
0.591296 	0.00887308 	-0.00146024 	-1.66136e-06
0.592796 	0.00889643 	-0.00146316 	-1.58597e-06
0.594297 	0.00891977 	-0.00146608 	-1.51058e-06
0.595798 	0.00894312 	-0.001469 	-1.43519e-06
0.597299 	0.00896618 	-0.00147245 	-1.29367e-06
0.598799 	0.0089892 	-0.00147598 	-1.1426e-06
0.6003 	0.00901222 	-0.00147951 	-9.91534e-07
0.601801 	0.00903523 	-0.00148303 	-8.40465e-07
0.603302 	0.00905825 	-0.00148656 	-6.89395e-07
0.604802 	0.00908127 	-0.00149009 	-5.38326e-07
0.606303 	0.00910429 	-0.00149361 	-3.87256e-07
0.607804 	0.0091273 	-0.00149714 	-2.36186e-07
0.609305 	0.00915032 	-0.00150066 	-8.51169e-08
0.610805 	0.00917334 	-0.00150419 	6.59526e-08
0.612306 	0.00919669 	-0.0015075 	2.38032e-07
0.613807 	0.00922202 	-0.00150954 	5.35911e-07
0.615308 	0.00924735 	-0.00151158 	8.33791e-07
0.616808 	0.00927269 	-0.00151362 	1.13167e-06
0.618309 	0.00929802 	-0.00151566 	1.42955e-06
0.61981 	0.00932335 	-0.0015177 	1.72743e-06
0.621311 	0.00934868 	-0.00151974 	2.02531e-06
0.622811 	0.00937401 	-0.00152178 	2.32319e-06
0.624312 	0.00939935 	-0.00152382 	2.62107e-06
0.625813 	0.00942468 	-0.00152586 	2.91895e-06
0.627314 	0.00945001 	-0.0015279 	3.21683e-06
0.628814 	0.00947529 	-0.00152997 	3.50234e-06
0.630315 	0.00949987 	-0.0015325 	3.62352e-06
0.631816 	0.00952446 	-0.00153503 	3.7447e-06
0.633317 	0.00954904 	-0.00153756 	3.86589e-06
0.634817 	0.00957362 	-0.00154009 	3.98707e-06
0.636318 	0.00959821 	-0.00154262 	4.10825e-06
0.637819 	0.00962279 	-0.00154515 	4.22943e-06
0.63932 	0.00964738 	-0.00154768 	4.35062e-06
0.64082 	0.00967196 	-0.00155021 	4.4718e-06
0.642321 	0.00969654 	-0.00155274 	4.59298e-06
0.643822 	0.00972113 	-0.00155527 	4.71417e-06
0.645323 	0.00974552 	-0.00155804 	4.79387e-06
0.646823 	0.00976971 	-0.00156106 	4.83182e-06
0.648324 	0.00979391 	-0.00156407 	4.86977e-06
0.649825 	0.00981811 	-0.00156709 	4.90773e-06
0.651326 	0.00984231 	-0.0015701 	4.94568e-06
0.652826 	0.00986651 	-0.00157312 	4.98363e-06
0.654327 	0.0098907 	-0.00157614 	5.02158e-06
0.655828 	0.0099149 	-0.00157915 	5.05953e-06
0.657329 	0.0099391 	-0.00158217 	5.09748e-06
0.658829 	0.0099633 	-0.00158518 	5.13544e-06
0.66033 	0.0099875 	-0.0015882 	5.17339e-06
0.661831 	0.0100128 	-0.00159052 	5.22645e-06
0.663332 	0.0100391 	-0.00159219 	5.29388e-06
0.664832 	0.0100653 	-0.00159385 	5.3613e-06
0.666333 	0.0100916 	-0.00159552 	5.42872e-06
0.667834 	0.0101179 	-0.00159718 	5.49615e-06
0.669335 	0.0101442 	-0.00159885 	5.56357e-06
0.670835 	0.0101705 	-0.00160051 	5.631e-06
0.672336 	0.0101968 	-0.00160218 	5.69842e-06
0.673837 	0.0102231 	-0.00160384 	5.76585e-06
0.675338 	0.0102494 	-0.00160551 	5.83327e-06
0.676838 	0.0102757 	-0.00160717 	5.9007e-06
0.678339 	0.0103018 	-0.00160893 	5.92728e-06
0.67984 	0.0103273 	-0.00161104 	5.80487e-06
0.681341 	0.0103528 	-0.00161314 	5.68247e-06
0.682841 	0.0103784 	-0.00161525 	5.56006e-06
0.684342 	0.0104039 	-0.00161736 	5.43766e-06
0.685843 	0.0104294 	-0.00161946 	5.31525e-06
0.687344 	0.0104549 	-0.00162157 	5.19285e-06
0.688844 	0.0104804 	-0.00162367 	5.07044e-06
0.690345 	0.010506 	-0.00162578 	4.94804e-06
0.691846 	0.0105315 	-0.00162789 	4.82563e-06
0.693347 	0.010557 	-0.00162999 	4.70323e-06
0.694847 	0.0105825 	-0.0016321 	4.58082e-06
0.696348 	0.0106078 	-0.00163444 	4.36977e-06
0.697849 	0.010633 	-0.00163696 	4.09392e-06
0.69935 	0.0106581 	-0.00163949 	3.81807e-06
0.70085 	0.0106833 	-0.00164201 	3.54223e-06
0.702351 	0.0107084 	-0.00164453 	3.26638e-06
0.703852 	0.0107336 	-0.00164705 	2.99054e-06
0.705353 	0.0107587 	-0.00164957 	2.71469e-06
0.706853 	0.0107838 	-0.00165209 	2.43885e-06
0.708354 	0.010809 	-0.00165461 	2.163e-06
0.709855 	0.0108341 	-0.00165713 	1.88716e-06
0.711356 	0.0108593 	-0.00165965 	1.61131e-06
0.712856 	0.0108852 	-0.00166171 	1.33478e-06
0.714357 	0.0109123 	-0.001663 	1.05714e-06
0.715858 	0.0109395 	-0.0016643 	7.79501e-07
0.717359 	0.0109666 	-0.00166559 	5.01861e-07
0.718859 	0.0109938 	-0.00166688 	2.24222e-07
0.72036 	0.011021 	-0.00166818 	-5.34173e-08
0.721861 	0.0110481 	-0.00166947 	-3.31057e-07
0.723362 	0.0110753 	-0.00167077 	-6.08696e-07
0.724862 	0.0111024 	-0.00167206 	-8.86335e-07
0.726363 	0.0111296 	-0.00167335 	-1.16397e-06
0.727864 	0.0111567 	-0.00167465 	-1.44161e-06
0.729365 	0.0111839 	-0.00167594 	-1.71925e-06
0.730865 	0.0112103 	-0.00167756 	-1.93187e-06
0.732366 	0.0112366 	-0.00167921 	-2.13789e-06
0.733867 	0.0112629 	-0.00168086 	-2.34391e-06
0.735368 	0.0112892 	-0.00168251 	-2.54993e-06
0.736868 	0.0113156 	-0.00168416 	-2.75595e-06
0.738369 	0.0113419 	-0.00168581 	-2.96197e-06
0.73987 	0.0113682 	-0.00168746 	-3.16799e-06
0.741371 	0.0113945 	-0.0016891 	-3.37401e-06
0.742871 	0.0114208 	-0.00169075 	-3.58003e-06
0.744372 	0.0114472 	-0.0016924 	-3.78605e-06
0.745873 	0.0114735 	-0.00169405 	-3.99207e-06
0.747374 	0.0114998 	-0.0016957 	-4.19809e-06
0.748874 	0.0115261 	-0.00169739 	-4.38229e-06
0.750375 	0.0115519 	-0.00169935 	-4.42712e-06
0.751876 	0.0115778 	-0.0017013 	-4.47195e-06
0.753377 	0.0116036 	-0.00170325 	-4.51678e-06
0.754877 	0.0116295 	-0.00170521 	-4.56161e-06
0.756378 	0.0116553 	-0.00170716 	-4.60644e-06
0.757879 	0.0116811 	-0.00170911 	-4.65127e-06
0.75938 	0.011707 	-0.00171107 	-4.6961e-06
0.76088 	0.0117328 	-0.00171302 	-4.74093e-06
0.762381 	0.0117587 	-0.00171497 	-4.78575e-06
0.763882 	0.0117845 	-0.00171693 	-4.83058e-06
0.765383 	0.0118104 	-0.00171888 	-4.87541e-06
0.766883 	0.0118379 	-0.00171997 	-5.003e-06
0.768384 	0.011866 	-0.00172082 	-5.15417e-06
0.769885 	0.011894 	-0.00172167 	-5.30534e-06
0.771386 	0.011922 	-0.00172252 	-5.45651e-06
0.772886 	0.01195 	-0.00172337 	-5.60769e-06
0.774387 	0.0119781 	-0.00172422 	-5.75886e-06
0.775888 	0.0120061 	-0.00172507 	-5.91003e-06
0.777389 	0.0120341 	-0.00172592 	-6.0612e-06
0.778889 	0.0120622 	-0.00172677 	-6.21237e-06
0.78039 	0.0120902 	-0.00172762 	-6.36354e-06
0.781891 	0.0121182 	-0.00172847 	-6.51471e-06
0.783392 	0.012145 	-0.00172935 	-6.66052e-06
0.784892 	0.0121663 	-0.00173037 	-6.78221e-06
0.786393 	0.0121876 	-0.00173138 	-6.9039e-06
0.787894 	0.0122089 	-0.0017324 	-7.02559e-06
0.789395 	0.0122303 	-0.00173341 	-7.14729e-06
0.790895 	0.0122516 	-0.00173443 	-7.26898e-06
0.792396 	0.0122729 	-0.00173544 	-7.39067e-06
0.793897 	0.0122942 	-0.00173645 	-7.51236e-06
0.795398 	0.0123155 	-0.00173747 	-7.63406e-06
0.796898 	0.0123368 	-0.00173848 	-7.75575e-06
0.798399 	0.0123581 	-0.0017395 	-7.87744e-06
0.7999 	0.0123794 	-0.00174051 	-7.99913e-06
0.801401 	0.0124007 	-0.00174153 	-8.12083e-06
0.802901 	0.012422 	-0.00174254 	-8.24252e-06
0.804402 	0.012442 	-0.00174359 	-8.3475e-06
0.805903 	0.0124571 	-0.00174476 	-8.38914e-06
0.807404 	0.0124721 	-0.00174594 	-8.43078e-06
0.808904 	0.0124872 	-0.00174711 	-8.47242e-06
0.810405 	0.0125022 	-0.00174829 	-8.51407e-06
0.811906 	0.0125173 	-0.00174947 	-8.55571e-06
0.813407 	0.0125323 	-0.00175064 	-8.59735e-06
0.814907 	0.0125473 	-0.00175182 	-8.63899e-06
0.816408 	0.0125624 	-0.00175299 	-8.68063e-06
0.817909 	0.0125774 	-0.00175417 	-8.72227e-06
0.81941 	0.0125925 	-0.00175534 	-8.76391e-06
0.82091 	0.0126075 	-0.00175652 	-8.80555e-06
0.822411 	0.0126233 	-0.00175688 	-8.95868e-06
0.823912 	0.0126393 	-0.00175696 	-9.14982e-06
0.825413 	0.0126553 	-0.00175704 	-9.34095e-06
0.826913 	0.0126714 	-0.00175712 	-9.53209e-06
0.828414 	0.0126874 	-0.00175721 	-9.72322e-06
0.829915 	0.0127034 	-0.00175729 	-9.91436e-06
0.831416 	0.0127195 	-0.00175737 	-1.01055e-05
0.832916 	0.0127355 	-0.00175745 	-1.02966e-05
0.834417 	0.0127515 	-0.00175754 	-1.04878e-05
0.835918 	0.0127675 	-0.00175762 	-1.06789e-05
0.837419 	0.0127836 	-0.0017577 	-1.087e-05
0.838919 	0.0128001 	-0.00175784 	-1.10455e-05
0.84042 	0.0128219 	-0.00175857 	-1.10519e-05
0.841921 	0.0128438 	-0.0017593 	-1.10583e-05
0.843422 	0.0128656 	-0.00176003 	-1.10648e-05
0.844922 	0.0128874 	-0.00176076 	-1.10712e-05
0.846423 	0.0129093 	-0.00176149 	-1.10776e-05
0.847924 	0.0129311 	-0.00176222 	-1.10841e-05
0.849425 	0.012953 	-0.00176295 	-1.10905e-05
0.850925 	0.0129748 	-0.00176368 	-1.1097e-05
0.852426 	0.0129966 	-0.00176442 	-1.11034e-05
0.853927 	0.0130185 	-0.00176515 	-1.11098e-05
0.855428 	0.0130403 	-0.00176588 	-1.11163e-05
0.856928 	0.0130622 	-0.00176661 	-1.11227e-05
0.858429 	0.013084 	-0.00176734 	-1.11291e-05
0.85993 	0.0131058 	-0.00176807 	-1.11356e-05
0.861431 	0.0131277 	-0.0017688 	-1.1142e-05
0.862931 	0.0131546 	-0.00177013 	-1.10311e-05
0.864432 	0.0131823 	-0.00177156 	-1.08995e-05
0.865933 	0.0132101 	-0.001773 	-1.0768e-05
0.867434 	0.0132379 	-0.00177443 	-1.06364e-05
0.868934 	0.0132657 	-0.00177586 	-1.05049e-05
0.870435 	0.0132934 	-0.0017773 	-1.03733e-05
0.871936 	0.0133212 	-0.00177873 	-1.02418e-05
0.873437 	0.013349 	-0.00178016 	-1.01102e-05
0.874937 	0.0133768 	-0.0017816 	-9.97868e-06
0.876438 	0.0134045 	-0.00178303 	-9.84713e-06
0.877939 	0.0134323 	-0.00178446 	-9.71558e-06
0.87944 	0.0134598 	-0.0017855 	-9.61991e-06
0.88094 	0.0134868 	-0.00178577 	-9.59346e-06
0.882441 	0.0135138 	-0.00178604 	-9.56702e-06
0.883942 	0.0135408 	-0.00178631 	-9.54057e-06
0.885443 	0.0135678 	-0.00178658 	-9.51412e-06
0.886943 	0.0135948 	-0.00178684 	-9.48767e-06
0.888444 	0.0136218 	-0.00178711 	-9.46122e-06
0.889945 	0.0136488 	-0.00178738 	-9.43477e-06
0.891446 	0.0136758 	-0.00178765 	-9.40832e-06
0.892946 	0.0137028 	-0.00178792 	-9.38187e-06
0.894447 	0.0137298 	-0.00178819 	-9.35542e-06
0.895948 	0.0137568 	-0.00178846 	-9.32897e-06
0.897449 	0.013784 	-0.00178899 	-9.19194e-06
0.898949 	0.0138114 	-0.00178965 	-9.00236e-06
0.90045 	0.0138388 	-0.00179031 	-8.81278e-06
0.901951 	0.0138662 	-0.00179098 	-8.6232e-06
0.903452 	0.0138936 	-0.00179164 	-8.43362e-06
0.904952 	0.0139209 	-0.0017923 	-8.24403e-06
0.906453 	0.0139483 	-0.00179296 	-8.05445e-06
0.907954 	0.0139757 	-0.00179362 	-7.86487e-06
0.909455 	0.0140031 	-0.00179428 	-7.67529e-06
0.910955 	0.0140304 	-0.00179494 	-7.48571e-06
0.912456 	0.0140578 	-0.0017956 	-7.29613e-06
0.913957 	0.0140852 	-0.00179626 	-7.10655e-06
0.915458 	0.0141126 	-0.00179692 	-6.91696e-06
0.916958 	0.0141399 	-0.00179759 	-6.72738e-06
0.918459 	0.0141673 	-0.00179825 	-6.5378e-06
0.91996 	0.0141947 	-0.00179891 	-6.34822e-06
0.921461 	0.0142221 	-0.00179963 	-6.13981e-06
0.922961 	0.0142501 	-0.00180074 	-5.80494e-06
0.924462 	0.014278 	-0.00180185 	-5.47007e-06
0.925963 	0.014306 	-0.00180297 	-5.1352e-06
0.927464 	0.0143339 	-0.00180408 	-4.80033e-06
0.928964 	0.0143619 	-0.0018052 	-4.46546e-06
0.930465 	0.0143899 	-0.00180631 	-4.13059e-06
0.931966 	0.0144178 	-0.00180742 	-3.79572e-06
0.933467 	0.0144458 	-0.00180854 	-3.46085e-06
0.934967 	0.0144737 	-0.00180965 	-3.12598e-06
0.936468 	0.0145017 	-0.00181076 	-2.79111e-06
0.937969 	0.0145296 	-0.00181188 	-2.45624e-06
0.93947 	0.0145573 	-0.00181226 	-2.18225e-06
0.94097 	0.0145849 	-0.00181223 	-1.94295e-06
0.942471 	0.0146125 	-0.00181219 	-1.70364e-06
0.943972 	0.0146401 	-0.00181216 	-1.46434e-06
0.945473 	0.0146676 	-0.00181212 	-1.22504e-06
0.946973 	0.0146952 	-0.00181209 	-9.85737e-07
0.948474 	0.0147228 	-0.00181205 	-7.46434e-07
0.949975 	0.0147503 	-0.00181202 	-5.07132e-07
0.951476 	0.0147779 	-0.00181199 	-2.6783e-07
0.952976 	0.0148055 	-0.00181195 	-2.85273e-08
0.954477 	0.0148331 	-0.00181192 	2.10775e-07
0.955978 	0.0148606 	-0.00181189 	4.46742e-07
0.957479 	0.0148884 	-0.00181215 	5.91975e-07
0.958979 	0.0149162 	-0.00181241 	7.37208e-07
0.96048 	0.014944 	-0.00181267 	8.82441e-07
0.961981 	0.0149717 	-0.00181293 	1.02767e-06
0.963482 	0.0149995 	-0.00181318 	1.17291e-06
0.964982 	0.0150273 	-0.00181344 	1.31814e-06
0.966483 	0.0150551 	-0.0018137 	1.46337e-06
0.967984 	0.0150829 	-0.00181396 	1.60861e-06
0.969485 	0.0151106 	-0.00181422 	1.75384e-06
0.970985 	0.0151384 	-0.00181448 	1.89907e-06
0.972486 	0.0151662 	-0.00181474 	2.04431e-06
0.973987 	0.015194 	-0.00181499 	2.18954e-06
0.975488 	0.0152217 	-0.00181525 	2.33477e-06
0.976988 	0.0152495 	-0.00181551 	2.48001e-06
0.978489 	0.0152773 	-0.00181577 	2.62524e-06
0.97999 	0.0153051 	-0.00181603 	2.77047e-06
0.981491 	0.0153329 	-0.00181629 	2.91571e-06
0.982991 	0.0153607 	-0.00181658 	3.05776e-06
0.984492 	0.015389 	-0.00181715 	3.17849e-06
0.985993 	0.0154174 	-0.00181772 	3.29922e-06
0.987494 	0.0154457 	-0.00181829 	3.41995e-06
0.988994 	0.0154741 	-0.00181886 	3.54068e-06
0.990495 	0.0155024 	-0.00181943 	3.66141e-06
0.991996 	0.0155308 	-0.00182 	3.78214e-06
0.993497 	0.0155591 	-0.00182057 	3.90286e-06
0.994997 	0.0155875 	-0.00182114 	4.02359e-06
0.996498 	0.0156158 	-0.0018217 	4.14432e-06
0.997999 	0.0156442 	-0.00182227 	4.26505e-06
0.9995 	0.0156725 	-0.00182284 	4.38578e-06
1.001 	0.0157008 	-0.00182261 	4.39672e-06
1.0025 	0.015729 	-0.00182208 	4.36487e-06
1.004 	0.0157572 	-0.00182154 	4.33303e-06
1.0055 	0.0157854 	-0.001821 	4.30119e-06
1.007 	0.0158137 	-0.00182046 	4.26934e-06
1.0085 	0.0158419 	-0.00181993 	4.2375e-06
1.01001 	0.0158701 	-0.00181939 	4.20566e-06
1.01151 	0.0158983 	-0.00181885 	4.17381e-06
1.01301 	0.0159265 	-0.00181832 	4.14197e-06
1.01451 	0.0159548 	-0.00181778 	4.11012e-06
1.01601 	0.015983 	-0.00181724 	4.07828e-06
1.01751 	0.0160111 	-0.00181684 	4.09366e-06
1.01901 	0.0160389 	-0.00181686 	4.25343e-06
1.02051 	0.0160666 	-0.00181687 	4.4132e-06
1.02201 	0.0160944 	-0.00181689 	4.57297e-06
1.02351 	0.0161222 	-0.0018169 	4.73274e-06
1.02501 	0.01615 	-0.00181692 	4.89251e-06
1.02651 	0.0161778 	-0.00181694 	5.05227e-06
1.02801 	0.0162055 	-0.00181695 	5.21204e-06
1.02951 	0.0162333 	-0.00181697 	5.37181e-06
1.03102 	0.0162611 	-0.00181698 	5.53158e-06
1.03252 	0.0162889 	-0.001817 	5.69135e-06
1.03402 	0.0163166 	-0.00181702 	5.85112e-06
1.03552 	0.0163444 	-0.00181703 	6.01088e-06
1.03702 	0.0163722 	-0.00181705 	6.17065e-06
1.03852 	0.0164 	-0.00181706 	6.33042e-06
1.04002 	0.0164277 	-0.00181708 	6.49019e-06
1.04152 	0.0164555 	-0.0018171 	6.64996e-06
1.04302 	0.0164833 	-0.00181711 	6.80973e-06
1.04452 	0.0165111 	-0.00181713 	6.96949e-06
1.04602 	0.0165388 	-0.00181714 	7.12926e-06
1.04752 	0.0165666 	-0.00181768 	7.46598e-06
1.04902 	0.0165943 	-0.00181825 	7.81184e-06
1.05053 	0.0166221 	-0.00181882 	8.1577e-06
1.05203 	0.0166498 	-0.00181938 	8.50356e-06
1.05353 	0.0166776 	-0.00181995 	8.84942e-06
1.05503 	0.0167053 	-0.00182052 	9.19528e-06
1.05653 	0.0167331 	-0.00182109 	9.54114e-06
1.05803 	0.0167608 	-0.00182165 	9.887e-06
1.05953 	0.0167886 	-0.00182222 	1.02329e-05
1.06103 	0.0168163 	-0.00182279 	1.05787e-05
1.06253 	0.0168441 	-0.00182335 	1.09246e-05
1.06403 	0.0168723 	-0.00182391 	1.12421e-05
1.06553 	0.0169007 	-0.00182446 	1.15468e-05
1.06703 	0.0169291 	-0.00182502 	1.18515e-05
1.06853 	0.0169575 	-0.00182557 	1.21563e-05
1.07004 	0.0169859 	-0.00182613 	1.2461e-05
1.07154 	0.0170143 	-0.00182668 	1.27658e-05
1.07304 	0.0170428 	-0.00182724 	1.30705e-05
1.07454 	0.0170712 	-0.00182779 	1.33753e-05
1.07604 	0.0170996 	-0.00182835 	1.368e-05
1.07754 	0.017128 	-0.0018289 	1.39848e-05
1.07904 	0.0171564 	-0.00182945 	1.42895e-05
1.08054 	0.0171821 	-0.00182967 	1.4529e-05
1.08204 	0.017204 	-0.0018294 	1.46758e-05
1.08354 	0.0172258 	-0.00182914 	1.48225e-05
1.08504 	0.0172477 	-0.00182887 	1.49692e-05
1.08654 	0.0172696 	-0.00182861 	1.5116e-05
1.08804 	0.0172914 	-0.00182834 	1.52627e-05
1.08954 	0.0173133 	-0.00182807 	1.54095e-05
1.09105 	0.0173351 	-0.00182781 	1.55562e-05
1.09255 	0.017357 	-0.00182754 	1.57029e-05
1.09405 	0.0173789 	-0.00182728 	1.58497e-05
1.09555 	0.0174007 	-0.00182701 	1.59964e-05
1.09705 	0.0174226 	-0.00182674 	1.61432e-05
1.09855 	0.0174445 	-0.00182648 	1.62899e-05
1.10005 	0.0174663 	-0.00182621 	1.64366e-05
1.10155 	0.0174882 	-0.00182595 	1.65834e-05
1.10305 	0.0175101 	-0.00182568 	1.67301e-05
1.10455 	0.0175319 	-0.00182541 	1.68768e-05
1.10605 	0.0175538 	-0.00182515 	1.70236e-05
1.10755 	0.0175756 	-0.00182488 	1.71703e-05
1.10905 	0.0175975 	-0.00182462 	1.73171e-05
1.11056 	0.0176194 	-0.00182435 	1.74638e-05
1.11206 	0.0176369 	-0.00182353 	1.74668e-05
1.11356 	0.0176525 	-0.00182248 	1.74107e-05
1.11506 	0.0176682 	-0.00182143 	1.73546e-05
1.11656 	0.0176839 	-0.00182038 	1.72986e-05
1.11806 	0.0176996 	-0.00181933 	1.72425e-05
1.11956 	0.0177153 	-0.00181828 	1.71864e-05
1.12106 	0.0177309 	-0.00181723 	1.71303e-05
1.12256 	0.0177466 	-0.00181618 	1.70742e-05
1.12406 	0.0177623 	-0.00181513 	1.70181e-05
1.12556 	0.017778 	-0.00181408 	1.6962e-05
1.12706 	0.0177937 	-0.00181303 	1.69059e-05
1.12856 	0.0178094 	-0.00181274 	1.69115e-05
1.13007 	0.017825 	-0.00181283 	1.69482e-05
1.13157 	0.0178407 	-0.00181292 	1.69849e-05
1.13307 	0.0178564 	-0.00181301 	1.70215e-05
1.13457 	0.0178721 	-0.0018131 	1.70582e-05
1.13607 	0.0178878 	-0.00181319 	1.70948e-05
1.13757 	0.0179034 	-0.00181327 	1.71315e-05
1.13907 	0.0179191 	-0.00181336 	1.71681e-05
1.14057 	0.0179348 	-0.00181345 	1.72048e-05
1.14207 	0.0179505 	-0.00181354 	1.72415e-05
1.14357 	0.0179662 	-0.00181363 	1.72781e-05
1.14507 	0.0179853 	-0.00181313 	1.73546e-05
1.14657 	0.0180063 	-0.00181231 	1.74527e-05
1.14807 	0.0180272 	-0.0018115 	1.75507e-05
1.14957 	0.0180482 	-0.00181068 	1.76487e-05
1.15108 	0.0180692 	-0.00180986 	1.77468e-05
1.15258 	0.0180901 	-0.00180904 	1.78448e-05
1.15408 	0.0181111 	-0.00180822 	1.79428e-05
1.15558 	0.0181321 	-0.00180741 	1.80408e-05
1.15708 	0.018153 	-0.00180659 	1.81389e-05
1.15858 	0.018174 	-0.00180577 	1.82369e-05
1.16008 	0.018195 	-0.00180495 	1.83349e-05
1.16158 	0.018216 	-0.00180413 	1.8433e-05
1.16308 	0.0182369 	-0.00180332 	1.8531e-05
1.16458 	0.0182579 	-0.0018025 	1.8629e-05
1.16608 	0.0182789 	-0.00180168 	1.8727e-05
1.16758 	0.0182998 	-0.00180086 	1.88251e-05
1.16908 	0.0183208 	-0.00180005 	1.89231e-05
1.17059 	0.0183418 	-0.00179923 	1.90211e-05
1.17209 	0.0183627 	-0.00179841 	1.91192e-05
1.17359 	0.0183837 	-0.00179759 	1.92172e-05
1.17509 	0.0184047 	-0.00179677 	1.93152e-05
1.17659 	0.0184257 	-0.00179596 	1.94132e-05
1.17809 	0.0184494 	-0.00179468 	1.95468e-05
1.17959 	0.0184757 	-0.001793 	1.97116e-05
1.18109 	0.018502 	-0.00179132 	1.98763e-05
1.18259 	0.0185283 	-0.00178964 	2.00411e-05
1.18409 	0.0185546 	-0.00178796 	2.02059e-05
1.18559 	0.0185808 	-0.00178628 	2.03707e-05
1.18709 	0.0186071 	-0.0017846 	2.05354e-05
1.18859 	0.0186334 	-0.00178292 	2.07002e-05
1.1901 	0.0186597 	-0.00178124 	2.0865e-05
1.1916 	0.0186859 	-0.00177956 	2.10298e-05
1.1931 	0.0187122 	-0.00177788 	2.11945e-05
1.1946 	0.0187377 	-0.00177712 	2.14294e-05
1.1961 	0.0187631 	-0.00177663 	2.16849e-05
1.1976 	0.0187884 	-0.00177614 	2.19404e-05
1.1991 	0.0188137 	-0.00177565 	2.21958e-05
1.2006 	0.018839 	-0.00177517 	2.24513e-05
1.2021 	0.0188643 	-0.00177468 	2.27068e-05
1.2036 	0.0188896 	-0.00177419 	2.29622e-05
1.2051 	0.0189149 	-0.0017737 	2.32177e-05
1.2066 	0.0189403 	-0.00177321 	2.34731e-05
1.2081 	0.0189656 	-0.00177272 	2.37286e-05
1.2096 	0.0189908 	-0.00177216 	2.39691e-05
1.21111 	0.0190152 	-0.00177091 	2.40443e-05
1.21261 	0.0190397 	-0.00176965 	2.41195e-05
1.21411 	0.0190641 	-0.00176839 	2.41947e-05
1.21561 	0.0190885 	-0.00176713 	2.427e-05
1.21711 	0.0191129 	-0.00176587 	2.43452e-05
1.21861 	0.0191373 	-0.00176461 	2.44204e-05
1.22011 	0.0191618 	-0.00176336 	2.44956e-05
1.22161 	0.0191862 	-0.0017621 	2.45708e-05
1.22311 	0.0192106 	-0.00176084 	2.46461e-05
1.22461 	0.019235 	-0.00175958 	2.47213e-05
1.22611 	0.0192595 	-0.00175832 	2.47965e-05
1.22761 	0.0192839 	-0.00175706 	2.48717e-05
1.22911 	0.0193083 	-0.00175581 	2.4947e-05
1.23062 	0.0193327 	-0.00175455 	2.50222e-05
1.23212 	0.0193571 	-0.00175329 	2.50974e-05
1.23362 	0.0193816 	-0.00175203 	2.51726e-05
1.23512 	0.019406 	-0.00175077 	2.52479e-05
1.23662 	0.0194304 	-0.00174951 	2.53231e-05
1.23812 	0.0194548 	-0.00174826 	2.53983e-05
1.23962 	0.0194792 	-0.001747 	2.54735e-05
1.24112 	0.0195037 	-0.00174574 	2.55488e-05
1.24262 	0.0195281 	-0.00174448 	2.5624e-05
1.24412 	0.0195525 	-0.00174322 	2.56992e-05
1.24562 	0.0195766 	-0.00174154 	2.56681e-05
1.24712 	0.0196004 	-0.00173953 	2.55551e-05
1.24862 	0.0196242 	-0.00173752 	2.54421e-05
1.25013 	0.019648 	-0.00173552 	2.53291e-05
1.25163 	0.0196718 	-0.00173351 	2.52161e-05
1.25313 	0.0196956 	-0.0017315 	2.51031e-05
1.25463 	0.0197194 	-0.00172949 	2.49901e-05
1.25613 	0.0197432 	-0.00172748 	2.48771e-05
1.25763 	0.019767 	-0.00172548 	2.47641e-05
1.25913 	0.0197908 	-0.00172347 	2.46511e-05
1.26063 	0.0198147 	-0.00172163 	2.45514e-05
1.26213 	0.0198387 	-0.00172076 	2.45249e-05
1.26363 	0.0198627 	-0.00171988 	2.44984e-05
1.26513 	0.0198868 	-0.00171901 	2.44718e-05
1.26663 	0.0199108 	-0.00171813 	2.44453e-05
1.26813 	0.0199349 	-0.00171726 	2.44188e-05
1.26963 	0.0199589 	-0.00171638 	2.43923e-05
1.27114 	0.019983 	-0.0017155 	2.43658e-05
1.27264 	0.020007 	-0.00171463 	2.43393e-05
1.27414 	0.0200311 	-0.00171375 	2.43128e-05
1.27564 	0.0200551 	-0.00171288 	2.42863e-05
1.27714 	0.0200778 	-0.00171141 	2.40705e-05
1.27864 	0.0201003 	-0.00170983 	2.38214e-05
1.28014 	0.0201228 	-0.00170825 	2.35724e-05
1.28164 	0.0201452 	-0.00170667 	2.33233e-05
1.28314 	0.0201677 	-0.0017051 	2.30742e-05
1.28464 	0.0201902 	-0.00170352 	2.28252e-05
1.28614 	0.0202127 	-0.00170194 	2.25761e-05
1.28764 	0.0202351 	-0.00170037 	2.23271e-05
1.28914 	0.0202576 	-0.00169879 	2.2078e-05
1.29065 	0.0202801 	-0.00169721 	2.18289e-05
1.29215 	0.0203025 	-0.00169564 	2.15799e-05
1.29365 	0.020325 	-0.00169406 	2.13308e-05
1.29515 	0.0203475 	-0.00169248 	2.10818e-05
1.29665 	0.0203699 	-0.0016909 	2.08327e-05
1.29815 	0.0203924 	-0.00168933 	2.05836e-05
1.29965 	0.0204149 	-0.00168775 	2.03346e-05
1.30115 	0.0204373 	-0.00168617 	2.00855e-05
1.30265 	0.0204598 	-0.0016846 	1.98365e-05
1.30415 	0.0204823 	-0.00168302 	1.95874e-05
1.30565 	0.0205048 	-0.00168144 	1.93383e-05
1.30715 	0.0205272 	-0.00167987 	1.90893e-05
1.30865 	0.0205497 	-0.00167829 	1.88402e-05
1.31016 	0.0205722 	-0.00167671 	1.85911e-05
1.31166 	0.0205946 	-0.00167513 	1.83421e-05
1.31316 	0.0206171 	-0.00167356 	1.8093e-05
1.31466 	0.0206383 	-0.00167129 	1.75833e-05
1.31616 	0.0206595 	-0.00166899 	1.7063e-05
1.31766 	0.0206806 	-0.0016667 	1.65426e-05
1.31916 	0.0207018 	-0.0016644 	1.60223e-05
1.32066 	0.0207229 	-0.00166211 	1.55019e-05
1.32216 	0.0207441 	-0.00165981 	1.49816e-05
1.32366 	0.0207653 	-0.00165752 	1.44612e-05
1.32516 	0.0207864 	-0.00165522 	1.39409e-05
1.32666 	0.0208076 	-0.00165293 	1.34205e-05
1.32816 	0.0208287 	-0.00165063 	1.29001e-05
1.32966 	0.020851 	-0.00164934 	1.23969e-05
1.33117 	0.0208733 	-0.00164809 	1.18943e-05
1.33267 	0.0208956 	-0.00164683 	1.13918e-05
1.33417 	0.0209179 	-0.00164558 	1.08893e-05
1.33567 	0.0209401 	-0.00164433 	1.03867e-05
1.33717 	0.0209624 	-0.00164308 	9.88418e-06
1.33867 	0.0209847 	-0.00164183 	9.38165e-06
1.34017 	0.021007 	-0.00164058 	8.87911e-06
1.34167 	0.0210293 	-0.00163933 	8.37658e-06
1.34317 	0.0210514 	-0.00163803 	7.88501e-06
1.34467 	0.0210716 	-0.00163625 	7.49568e-06
1.34617 	0.0210918 	-0.00163447 	7.10635e-06
1.34767 	0.0211121 	-0.00163269 	6.71702e-06
1.34917 	0.0211323 	-0.00163091 	6.32769e-06
1.35068 	0.0211525 	-0.00162913 	5.93836e-06
1.35218 	0.0211727 	-0.00162736 	5.54904e-06
1.35368 	0.0211929 	-0.00162558 	5.15971e-06
1.35518 	0.0212131 	-0.0016238 	4.77038e-06
1.35668 	0.0212334 	-0.00162202 	4.38105e-06
1.35818 	0.0212536 	-0.00162024 	3.99172e-06
1.35968 	0.0212738 	-0.00161846 	3.60239e-06
1.36118 	0.021294 	-0.00161668 	3.21306e-06
1.36268 	0.0213142 	-0.0016149 	2.82373e-06
1.36418 	0.0213344 	-0.00161312 	2.43441e-06
1.36568 	0.0213547 	-0.00161134 	2.04508e-06
1.36718 	0.0213749 	-0.00160957 	1.65575e-06
1.36868 	0.0213951 	-0.00160779 	1.26642e-06
1.37019 	0.0214153 	-0.00160601 	8.77091e-07
1.37169 	0.0214355 	-0.00160423 	4.87762e-07
1.37319 	0.0214557 	-0.00160245 	9.84335e-08
1.37469 	0.021476 	-0.00160067 	-2.90895e-07
1.37619 	0.0214962 	-0.00159889 	-6.80224e-07
1.37769 	0.0215164 	-0.00159711 	-1.06955e-06
1.37919 	0.0215366 	-0.00159533 	-1.45888e-06
1.38069 	0.0215568 	-0.00159355 	-1.84821e-06
1.38219 	0.021577 	-0.00159178 	-2.23754e-06
1.38369 	0.0215956 	-0.0015895 	-2.55178e-06
1.38519 	0.0216139 	-0.00158716 	-2.85615e-06
1.38669 	0.0216323 	-0.00158482 	-3.16053e-06
1.38819 	0.0216506 	-0.00158248 	-3.4649e-06
1.38969 	0.021669 	-0.00158014 	-3.76927e-06
1.3912 	0.0216873 	-0.00157781 	-4.07365e-06
1.3927 	0.0217056 	-0.00157547 	-4.37802e-06
1.3942 	0.021724 	-0.00157313 	-4.68239e-06
1.3957 	0.0217423 	-0.00157079 	-4.98677e-06
1.3972 	0.0217613 	-0.00156878 	-5.29979e-06
1.3987 	0.0217814 	-0.00156739 	-5.62935e-06
1.4002 	0.0218015 	-0.001566 	-5.9589e-06
1.4017 	0.0218217 	-0.00156461 	-6.28846e-06
1.4032 	0.0218418 	-0.00156323 	-6.61801e-06
1.4047 	0.0218619 	-0.00156184 	-6.94757e-06
1.4062 	0.0218821 	-0.00156045 	-7.27712e-06
1.4077 	0.0219022 	-0.00155906 	-7.60668e-06
1.4092 	0.0219223 	-0.00155768 	-7.93623e-06
1.41071 	0.0219425 	-0.00155629 	-8.26579e-06
1.41221 	0.0219574 	-0.0015548 	-8.4135e-06
1.41371 	0.0219722 	-0.0015533 	-8.55662e-06
1.41521 	0.021987 	-0.00155181 	-8.69973e-06
1.41671 	0.0220018 	-0.00155031 	-8.84285e-06
1.41821 	0.0220167 	-0.00154882 	-8.98597e-06
1.41971 	0.0220315 	-0.00154732 	-9.12909e-06
1.42121 	0.0220463 	-0.00154583 	-9.27221e-06
1.42271 	0.0220611 	-0.00154433 	-9.41533e-06
1.42421 	0.0220759 	-0.00154284 	-9.55845e-06
1.42571 	0.0220907 	-0.00154134 	-9.70157e-06
1.42721 	0.0221055 	-0.00153984 	-9.84469e-06
1.42871 	0.0221203 	-0.00153835 	-9.98781e-06
1.43022 	0.0221351 	-0.00153685 	-1.01309e-05
1.43172 	0.02215 	-0.00153536 	-1.0274e-05
1.43322 	0.0221648 	-0.00153386 	-1.04172e-05
1.43472 	0.0221796 	-0.00153237 	-1.05603e-05
1.43622 	0.0221944 	-0.00153087 	-1.07034e-05
1.43772 	0.0222092 	-0.00152938 	-1.08465e-05
1.43922 	0.022224 	-0.00152788 	-1.09896e-05
1.44072 	0.0222388 	-0.00152639 	-1.11328e-05
1.44222 	0.0222536 	-0.00152489 	-1.12759e-05
1.44372 	0.0222684 	-0.0015234 	-1.1419e-05
1.44522 	0.0222833 	-0.0015219 	-1.15621e-05
1.44672 	0.0222981 	-0.00152041 	-1.17052e-05
1.44822 	0.0223129 	-0.00151891 	-1.18484e-05
1.44972 	0.0223277 	-0.00151742 	-1.19915e-05
1.45123 	0.0223425 	-0.00151592 	-1.21346e-05
1.45273 	0.0223547 	-0.00151436 	-1.21823e-05
1.45423 	0.0223643 	-0.00151274 	-1.21366e-05
1.45573 	0.0223738 	-0.00151112 	-1.20909e-05
1.45723 	0.0223834 	-0.0015095 	-1.20451e-05
1.45873 	0.022393 	-0.00150788 	-1.19994e-05
1.46023 	0.0224026 	-0.00150626 	-1.19537e-05
1.46173 	0.0224122 	-0.00150464 	-1.1908e-05
1.46323 	0.0224218 	-0.00150302 	-1.18622e-05
1.46473 	0.0224313 	-0.0015014 	-1.18165e-05
1.46623 	0.0224416 	-0.00150025 	-1.17825e-05
1.46773 	0.0224524 	-0.00149962 	-1.17614e-05
1.46923 	0.0224633 	-0.00149899 	-1.17402e-05
1.47074 	0.0224742 	-0.00149837 	-1.17191e-05
1.47224 	0.0224851 	-0.00149774 	-1.16979e-05
1.47374 	0.022496 	-0.00149711 	-1.16768e-05
1.47524 	0.0225069 	-0.00149649 	-1.16556e-05
1.47674 	0.0225178 	-0.00149586 	-1.16345e-05
1.47824 	0.0225287 	-0.00149523 	-1.16133e-05
1.47974 	0.0225409 	-0.00149402 	-1.1502e-05
1.48124 	0.0225538 	-0.00149249 	-1.13408e-05
1.48274 	0.0225666 	-0.00149096 	-1.11795e-05
1.48424 	0.0225795 	-0.00148943 	-1.10183e-05
1.48574 	0.0225924 	-0.0014879 	-1.0857e-05
1.48724 	0.0226053 	-0.00148637 	-1.06958e-05
1.48874 	0.0226182 	-0.00148484 	-1.05345e-05
1.49025 	0.0226311 	-0.00148331 	-1.03733e-05
1.49175 	0.0226439 	-0.00148177 	-1.0212e-05
1.49325 	0.0226568 	-0.00148024 	-1.00508e-05
1.49475 	0.0226697 	-0.00147871 	-9.88955e-06
1.49625 	0.0226826 	-0.00147718 	-9.72831e-06
1.49775 	0.0226955 	-0.00147565 	-9.56706e-06
1.49925 	0.0227084 	-0.00147412 	-9.40582e-06
1.50075 	0.0227213 	-0.00147259 	-9.24457e-06
1.50225 	0.0227341 	-0.00147106 	-9.08333e-06
1.50375 	0.022747 	-0.00146953 	-8.92208e-06
1.50525 	0.0227599 	-0.001468 	-8.76083e-06
1.50675 	0.0227728 	-0.00146647 	-8.59959e-06
1.50825 	0.0227857 	-0.00146493 	-8.43834e-06
1.50975 	0.0227986 	-0.0014634 	-8.2771e-06
1.51126 	0.0228114 	-0.00146187 	-8.11585e-06
1.51276 	0.0228243 	-0.00146034 	-7.9546e-06
1.51426 	0.0228372 	-0.00145881 	-7.79336e-06
1.51576 	0.0228501 	-0.00145728 	-7.63211e-06
1.51726 	0.022863 	-0.00145575 	-7.47087e-06
1.51876 	0.0228759 	-0.00145422 	-7.30962e-06
1.52026 	0.0228888 	-0.00145269 	-7.14838e-06
1.52176 	0.0229016 	-0.00145115 	-6.98703e-06
1.52326 	0.0229164 	-0.00144873 	-6.68349e-06
1.52476 	0.0229312 	-0.00144631 	-6.37996e-06
1.52626 	0.022946 	-0.00144388 	-6.07643e-06
1.52776 	0.0229608 	-0.00144146 	-5.77289e-06
1.52926 	0.0229755 	-0.00143903 	-5.46936e-06
1.53077 	0.0229903 	-0.00143661 	-5.16583e-06
1.53227 	0.0230051 	-0.00143419 	-4.8623e-06
1.53377 	0.0230199 	-0.00143176 	-4.55876e-06
1.53527 	0.0230351 	-0.00142987 	-4.26269e-06
1.53677 	0.0230507 	-0.00142847 	-3.9734e-06
1.53827 	0.0230664 	-0.00142706 	-3.68411e-06
1.53977 	0.023082 	-0.00142566 	-3.39481e-06
1.54127 	0.0230976 	-0.00142426 	-3.10552e-06
1.54277 	0.0231132 	-0.00142285 	-2.81623e-06
1.54427 	0.0231289 	-0.00142145 	-2.52694e-06
1.54577 	0.0231445 	-0.00142005 	-2.23764e-06
1.54727 	0.0231597 	-0.00141852 	-1.95304e-06
1.54877 	0.0231737 	-0.00141664 	-1.68159e-06
1.55028 	0.0231877 	-0.00141477 	-1.41015e-06
1.55178 	0.0232017 	-0.00141289 	-1.1387e-06
1.55328 	0.0232157 	-0.00141102 	-8.67255e-07
1.55478 	0.0232296 	-0.00140914 	-5.95808e-07
1.55628 	0.0232436 	-0.00140727 	-3.24362e-07
1.55778 	0.0232576 	-0.00140539 	-5.29157e-08
1.55928 	0.0232716 	-0.00140352 	2.18531e-07
1.56078 	0.0232856 	-0.00140164 	4.89977e-07
1.56228 	0.0232996 	-0.00139976 	7.61423e-07
1.56378 	0.0233136 	-0.00139789 	1.03287e-06
1.56528 	0.0233276 	-0.00139601 	1.30432e-06
1.56678 	0.0233416 	-0.00139414 	1.57576e-06
1.56828 	0.0233556 	-0.00139226 	1.84721e-06
1.56978 	0.0233696 	-0.00139039 	2.11865e-06
1.57129 	0.0233836 	-0.00138851 	2.3901e-06
1.57279 	0.0233976 	-0.00138664 	2.66155e-06
1.57429 	0.0234116 	-0.00138476 	2.93299e-06
1.57579 	0.0234256 	-0.00138289 	3.20444e-06
1.57729 	0.0234396 	-0.00138101 	3.47589e-06
1.57879 	0.0234536 	-0.00137913 	3.74733e-06
1.58029 	0.0234676 	-0.00137726 	4.01878e-06
1.58179 	0.0234816 	-0.00137538 	4.29022e-06
1.58329 	0.0234956 	-0.00137351 	4.56167e-06
1.58479 	0.0235095 	-0.00137163 	4.83312e-06
1.58629 	0.0235235 	-0.00136976 	5.10456e-06
1.58779 	0.0235375 	-0.00136788 	5.37601e-06
1.58929 	0.0235515 	-0.00136601 	5.64746e-06
1.5908 	0.0235655 	-0.00136413 	5.9189e-06
1.5923 	0.0235787 	-0.00136199 	6.17979e-06
1.5938 	0.0235912 	-0.00135962 	6.43198e-06
1.5953 	0.0236036 	-0.00135726 	6.68417e-06
1.5968 	0.0236161 	-0.00135489 	6.93637e-06
1.5983 	0.0236286 	-0.00135253 	7.18856e-06
1.5998 	0.023641 	-0.00135016 	7.44075e-06
1.6013 	0.0236535 	-0.0013478 	7.69294e-06
1.6028 	0.023666 	-0.00134543 	7.94513e-06
1.6043 	0.0236793 	-0.00134367 	8.19115e-06
1.6058 	0.0236931 	-0.00134223 	8.43393e-06
1.6073 	0.0237069 	-0.00134078 	8.67672e-06
1.6088 	0.0237207 	-0.00133934 	8.9195e-06
1.61031 	0.0237345 	-0.0013379 	9.16229e-06
1.61181 	0.0237483 	-0.00133646 	9.40508e-06
1.61331 	0.0237621 	-0.00133501 	9.64786e-06
1.61481 	0.0237759 	-0.00133357 	9.89065e-06
1.61631 	0.0237882 	-0.00133172 	1.01008e-05
1.61781 	0.0238005 	-0.00132987 	1.03108e-05
1.61931 	0.0238127 	-0.00132802 	1.05208e-05
1.62081 	0.023825 	-0.00132617 	1.07308e-05
1.62231 	0.0238372 	-0.00132432 	1.09407e-05
1.62381 	0.0238495 	-0.00132246 	1.11507e-05
1.62531 	0.0238617 	-0.00132061 	1.13607e-05
1.62681 	0.023874 	-0.00131876 	1.15706e-05
1.62831 	0.0238863 	-0.00131691 	1.17806e-05
1.62981 	0.0238985 	-0.00131506 	1.19906e-05
1.63132 	0.0239108 	-0.00131321 	1.22006e-05
1.63282 	0.023923 	-0.00131136 	1.24105e-05
1.63432 	0.0239353 	-0.0013095 	1.26205e-05
1.63582 	0.0239475 	-0.00130765 	1.28305e-05
1.63732 	0.0239598 	-0.0013058 	1.30405e-05
1.63882 	0.0239721 	-0.00130395 	1.32504e-05
1.64032 	0.0239843 	-0.0013021 	1.34604e-05
1.64182 	0.0239966 	-0.00130025 	1.36704e-05
1.64332 	0.0240088 	-0.0012984 	1.38803e-05
1.64482 	0.0240211 	-0.00129654 	1.40903e-05
1.64632 	0.0240333 	-0.00129469 	1.43003e-05
1.64782 	0.0240456 	-0.00129284 	1.45103e-05
1.64932 	0.0240578 	-0.00129099 	1.47202e-05
1.65083 	0.0240701 	-0.00128914 	1.49302e-05
1.65233 	0.0240824 	-0.00128729 	1.51402e-05
1.65383 	0.0240946 	-0.00128544 	1.53502e-05
1.65533 	0.0241069 	-0.00128358 	1.55601e-05
1.65683 	0.0241191 	-0.00128173 	1.57701e-05
1.65833 	0.0241314 	-0.00127988 	1.59801e-05
1.65983 	0.0241436 	-0.00127803 	1.619e-05
1.66133 	0.0241554 	-0.00127604 	1.63863e-05
1.66283 	0.0241662 	-0.00127376 	1.65542e-05
1.66433 	0.0241769 	-0.00127148 	1.6722e-05
1.66583 	0.0241877 	-0.00126921 	1.68898e-05
1.66733 	0.0241985 	-0.00126693 	1.70577e-05
1.66883 	0.0242092 	-0.00126465 	1.72255e-05
1.67034 	0.02422 	-0.00126237 	1.73934e-05
1.67184 	0.0242308 	-0.00126013 	1.75605e-05
1.67334 	0.0242432 	-0.00125872 	1.77121e-05
1.67484 	0.0242555 	-0.0012573 	1.78638e-05
1.67634 	0.0242679 	-0.00125589 	1.80154e-05
1.67784 	0.0242803 	-0.00125448 	1.8167e-05
1.67934 	0.0242926 	-0.00125306 	1.83187e-05
1.68084 	0.024305 	-0.00125165 	1.84703e-05
1.68234 	0.0243173 	-0.00125024 	1.86219e-05
1.68384 	0.0243282 	-0.00124846 	1.89186e-05
1.68534 	0.024339 	-0.00124667 	1.92159e-05
1.68684 	0.0243498 	-0.00124489 	1.95131e-05
1.68834 	0.0243607 	-0.00124311 	1.98104e-05
1.68984 	0.0243715 	-0.00124133 	2.01077e-05
1.69135 	0.0243823 	-0.00123955 	2.0405e-05
1.69285 	0.0243932 	-0.00123777 	2.07022e-05
1.69435 	0.024404 	-0.00123599 	2.09995e-05
1.69585 	0.0244148 	-0.0012342 	2.12968e-05
1.69735 	0.0244257 	-0.00123242 	2.15941e-05
1.69885 	0.0244365 	-0.00123064 	2.18913e-05
1.70035 	0.0244474 	-0.00122886 	2.21886e-05
1.70185 	0.0244582 	-0.00122708 	2.24859e-05
1.70335 	0.024469 	-0.0012253 	2.27832e-05
1.70485 	0.0244799 	-0.00122352 	2.30804e-05
1.70635 	0.0244907 	-0.00122173 	2.33777e-05
1.70785 	0.0245015 	-0.00121995 	2.3675e-05
1.70935 	0.0245124 	-0.00121817 	2.39722e-05
1.71086 	0.0245232 	-0.00121639 	2.42695e-05
1.71236 	0.024534 	-0.00121461 	2.45668e-05
1.71386 	0.0245449 	-0.00121283 	2.48641e-05
1.71536 	0.0245557 	-0.00121105 	2.51613e-05
1.71686 	0.0245666 	-0.00120926 	2.54586e-05
1.71836 	0.0245774 	-0.00120748 	2.57559e-05
1.71986 	0.0245882 	-0.0012057 	2.60532e-05
1.72136 	0.0245991 	-0.00120392 	2.63504e-05
1.72286 	0.0246099 	-0.00120214 	2.66477e-05
1.72436 	0.0246207 	-0.00120036 	2.6945e-05
1.72586 	0.0246316 	-0.00119858 	2.72423e-05
1.72736 	0.0246424 	-0.00119679 	2.75395e-05
1.72886 	0.0246532 	-0.00119501 	2.78368e-05
1.73037 	0.0246634 	-0.00119303 	2.82066e-05
1.73187 	0.0246727 	-0.00119086 	2.86476e-05
1.73337 	0.0246821 	-0.00118868 	2.90887e-05
1.73487 	0.0246915 	-0.0011865 	2.95298e-05
1.73637 	0.0247009 	-0.00118433 	2.99708e-05
1.73787 	0.0247103 	-0.00118215 	3.04119e-05
1.73937 	0.0247197 	-0.00117998 	3.08529e-05
1.74087 	0.0247306 	-0.00117849 	3.12964e-05
1.74237 	0.0247419 	-0.00117712 	3.17402e-05
1.74387 	0.0247531 	-0.00117576 	3.21841e-05
1.74537 	0.0247644 	-0.00117439 	3.2628e-05
1.74687 	0.0247756 	-0.00117303 	3.30719e-05
1.74837 	0.0247869 	-0.00117167 	3.35157e-05
1.74987 	0.0247968 	-0.00117028 	3.39437e-05
1.75138 	0.0248049 	-0.00116887 	3.43502e-05
1.75288 	0.024813 	-0.00116746 	3.47567e-05
1.75438 	0.0248211 	-0.00116605 	3.51632e-05
1.75588 	0.0248292 	-0.00116464 	3.55697e-05
1.75738 	0.0248374 	-0.00116323 	3.59762e-05
1.75888 	0.0248455 	-0.00116183 	3.63827e-05
1.76038 	0.0248536 	-0.00116042 	3.67892e-05
1.76188 	0.0248617 	-0.00115901 	3.71957e-05
1.76338 	0.0248698 	-0.0011576 	3.76022e-05
1.76488 	0.024878 	-0.00115619 	3.80087e-05
1.76638 	0.0248861 	-0.00115478 	3.84152e-05
1.76788 	0.0248942 	-0.00115337 	3.88217e-05
1.76938 	0.0249023 	-0.00115196 	3.92282e-05
1.77089 	0.0249104 	-0.00115055 	3.96347e-05
1.77239 	0.0249186 	-0.00114914 	4.00412e-05
1.77389 	0.0249267 	-0.00114773 	4.04477e-05
1.77539 	0.0249348 	-0.00114632 	4.08542e-05
1.77689 	0.0249429 	-0.00114491 	4.12606e-05
1.77839 	0.024951 	-0.0011435 	4.16671e-05
1.77989 	0.0249592 	-0.00114209 	4.20736e-05
1.78139 	0.0249673 	-0.00114069 	4.24801e-05
1.78289 	0.0249754 	-0.00113928 	4.28866e-05
1.78439 	0.0249835 	-0.00113787 	4.32931e-05
1.78589 	0.0249916 	-0.00113646 	4.36996e-05
1.78739 	0.0249998 	-0.00113505 	4.41061e-05
1.78889 	0.0250079 	-0.00113364 	4.45126e-05
1.7904 	0.025016 	-0.00113223 	4.49191e-05
1.7919 	0.0250241 	-0.00113082 	4.53256e-05
1.7934 	0.0250322 	-0.00112941 	4.57321e-05
1.7949 	0.0250404 	-0.001128 	4.61386e-05
1.7964 	0.0250485 	-0.00112659 	4.65451e-05
1.7979 	0.0250558 	-0.00112517 	4.69416e-05
1.7994 	0.0250608 	-0.0011237 	4.73088e-05
1.8009 	0.0250658 	-0.00112224 	4.7676e-05
1.8024 	0.0250707 	-0.00112078 	4.80432e-05
1.8039 	0.0250757 	-0.00111931 	4.84104e-05
1.8054 	0.0250807 	-0.00111785 	4.87776e-05
1.8069 	0.025086 	-0.00111658 	4.91431e-05
1.8084 	0.0250926 	-0.00111596 	4.95029e-05
1.8099 	0.0250992 	-0.00111534 	4.98627e-05
1.81141 	0.0251058 	-0.00111473 	5.02225e-05
1.81291 	0.0251123 	-0.00111411 	5.05823e-05
1.81441 	0.0251189 	-0.00111349 	5.09421e-05
1.81591 	0.0251259 	-0.00111256 	5.13467e-05
1.81741 	0.0251334 	-0.00111121 	5.18097e-05
1.81891 	0.0251408 	-0.00110987 	5.22728e-05
1.82041 	0.0251483 	-0.00110852 	5.27358e-05
1.82191 	0.0251558 	-0.00110718 	5.31988e-05
1.82341 	0.0251633 	-0.00110583 	5.36619e-05
1.82491 	0.0251708 	-0.00110448 	5.41249e-05
1.82641 	0.0251783 	-0.00110314 	5.4588e-05
1.82791 	0.0251858 	-0.00110179 	5.5051e-05
1.82941 	0.0251932 	-0.00110044 	5.5514e-05
1.83092 	0.0252007 	-0.0010991 	5.59771e-05
1.83242 	0.0252082 	-0.00109775 	5.64401e-05
1.83392 	0.0252157 	-0.0010964 	5.69032e-05
1.83542 	0.0252232 	-0.00109506 	5.73662e-05
1.83692 	0.0252307 	-0.00109371 	5.78293e-05
1.83842 	0.0252382 	-0.00109236 	5.82923e-05
1.83992 	0.0252457 	-0.00109102 	5.87553e-05
1.84142 	0.0252531 	-0.00108967 	5.92184e-05
1.84292 	0.0252606 	-0.00108832 	5.96814e-05
1.84442 	0.0252681 	-0.00108698 	6.01445e-05
1.84592 	0.0252756 	-0.00108563 	6.06075e-05
1.84742 	0.0252831 	-0.00108428 	6.10705e-05
1.84892 	0.0252906 	-0.00108294 	6.15336e-05
1.85043 	0.0252981 	-0.00108159 	6.19966e-05
1.85193 	0.0253055 	-0.00108024 	6.24597e-05
1.85343 	0.025313 	-0.0010789 	6.29227e-05
1.85493 	0.0253205 	-0.00107755 	6.33857e-05
1.85643 	0.025328 	-0.00107621 	6.38488e-05
1.85793 	0.0253355 	-0.00107486 	6.43118e-05
1.85943 	0.025343 	-0.00107351 	6.47749e-05
1.86093 	0.0253505 	-0.00107217 	6.52379e-05
1.86243 	0.0253579 	-0.00107082 	6.5701e-05
1.86393 	0.0253654 	-0.00106947 	6.6164e-05
1.86543 	0.0253735 	-0.0010676 	6.66965e-05
1.86693 	0.0253817 	-0.00106553 	6.72543e-05
1.86843 	0.02539 	-0.00106347 	6.7812e-05
1.86993 	0.0253983 	-0.0010614 	6.83698e-05
1.87144 	0.0254065 	-0.00105934 	6.89276e-05
1.87294 	0.0254152 	-0.00105756 	6.94768e-05
1.87444 	0.0254248 	-0.00105637 	7.00088e-05
1.87594 	0.0254344 	-0.00105517 	7.05408e-05
1.87744 	0.025444 	-0.00105397 	7.10729e-05
1.87894 	0.0254536 	-0.00105277 	7.16049e-05
1.88044 	0.025463 	-0.00105151 	7.21348e-05
1.88194 	0.0254715 	-0.00104994 	7.26533e-05
1.88344 	0.0254799 	-0.00104837 	7.31719e-05
1.88494 	0.0254884 	-0.00104679 	7.36905e-05
1.88644 	0.0254969 	-0.00104522 	7.4209e-05
1.88794 	0.0255053 	-0.00104364 	7.47276e-05
1.88944 	0.0255138 	-0.00104207 	7.52462e-05
1.89095 	0.0255223 	-0.0010405 	7.57648e-05
1.89245 	0.0255307 	-0.00103892 	7.62833e-05
1.89395 	0.0255392 	-0.00103735 	7.68019e-05
1.89545 	0.0255477 	-0.00103578 	7.73205e-05
1.89695 	0.0255561 	-0.0010342 	7.7839e-05
1.89845 	0.0255646 	-0.00103263 	7.83576e-05
1.89995 	0.0255731 	-0.00103105 	7.88762e-05
1.90145 	0.0255815 	-0.00102948 	7.93948e-05
1.90295 	0.02559 	-0.00102791 	7.99133e-05
1.90445 	0.0255985 	-0.00102633 	8.04319e-05
1.90595 	0.0256069 	-0.00102476 	8.09505e-05
1.90745 	0.0256154 	-0.00102319 	8.14691e-05
1.90895 	0.0256239 	-0.00102161 	8.19876e-05
1.91046 	0.0256323 	-0.00102004 	8.25062e-05
1.91196 	0.0256408 	-0.00101846 	8.30248e-05
1.91346 	0.0256493 	-0.00101689 	8.35433e-05
1.91496 	0.0256577 	-0.00101532 	8.40619e-05
1.91646 	0.0256662 	-0.00101374 	8.45805e-05
1.91796 	0.0256747 	-0.00101217 	8.50991e-05
1.91946 	0.0256831 	-0.00101059 	8.56176e-05
1.92096 	0.0256916 	-0.00100902 	8.61362e-05
1.92246 	0.0257001 	-0.00100745 	8.66548e-05
1.92396 	0.0257085 	-0.00100587 	8.71733e-05
1.92546 	0.025717 	-0.0010043 	8.76919e-05
1.92696 	0.0257255 	-0.00100273 	8.82105e-05
1.92846 	0.0257339 	-0.00100115 	8.87291e-05
1.92996 	0.0257423 	-0.000999542 	8.92481e-05
1.93147 	0.0257497 	-0.000997564 	8.97717e-05
1.93297 	0.025757 	-0.000995586 	9.02953e-05
1.93447 	0.0257644 	-0.000993607 	9.08189e-05
1.93597 	0.0257718 	-0.000991629 	9.13425e-05
1.93747 	0.0257796 	-0.000989902 	9.1867e-05
1.93897 	0.0257885 	-0.000988738 	9.23934e-05
1.94047 	0.0257973 	-0.000987573 	9.29199e-05
1.94197 	0.0258062 	-0.000986408 	9.34464e-05
1.94347 	0.0258151 	-0.000985243 	9.39729e-05
1.94497 	0.0258231 	-0.00098381 	9.44634e-05
1.94647 	0.0258308 	-0.000982284 	9.49415e-05
1.94797 	0.0258386 	-0.000980758 	9.54196e-05
1.94947 	0.0258463 	-0.000979233 	9.58976e-05
1.95098 	0.0258541 	-0.000977707 	9.63757e-05
1.95248 	0.0258618 	-0.000976181 	9.68538e-05
1.95398 	0.0258696 	-0.000974655 	9.73319e-05
1.95548 	0.0258773 	-0.000973129 	9.781e-05
1.95698 	0.0258851 	-0.000971604 	9.8288e-05
1.95848 	0.0258928 	-0.000970078 	9.87661e-05
1.95998 	0.0259006 	-0.000968552 	9.92442e-05
1.96148 	0.0259083 	-0.000967026 	9.97223e-05
1.96298 	0.0259161 	-0.0009655 	0.0001002
1.96448 	0.0259238 	-0.000963974 	0.000100678
1.96598 	0.0259316 	-0.000962449 	0.000101157
1.96748 	0.0259393 	-0.000960923 	0.000101635
1.96898 	0.0259471 	-0.000959397 	0.000102113
1.97049 	0.0259548 	-0.000957871 	0.000102591
1.97199 	0.0259626 	-0.000956345 	0.000103069
1.97349 	0.0259703 	-0.00095482 	0.000103547
1.97499 	0.0259781 	-0.000953294 	0.000104025
1.97649 	0.0259858 	-0.000951768 	0.000104503
1.97799 	0.0259935 	-0.000950242 	0.000104981
1.97949 	0.0260013 	-0.000948716 	0.000105459
1.98099 	0.026009 	-0.000947191 	0.000105937
1.98249 	0.0260168 	-0.000945665 	0.000106415
1.98399 	0.0260245 	-0.000944139 	0.000106894
1.98549 	0.0260323 	-0.000942613 	0.000107372
1.98699 	0.02604 	-0.000941087 	0.00010785
1.98849 	0.0260478 	-0.000939562 	0.000108328
1.98999 	0.0260555 	-0.000938036 	0.000108806
1.9915 	0.0260633 	-0.00093651 	0.000109284
1.993 	0.026071 	-0.000934984 	0.000109762
1.9945 	0.0260783 	-0.000933276 	0.000110223
1.996 	0.026085 	-0.000931355 	0.000110664
1.9975 	0.0260917 	-0.000929434 	0.000111105
1.999 	0.0260984 	-0.000927513 	0.000111545
2.0005 	0.0261056 	-0.000925809 	0.000111992
2.002 	0.026114 	-0.00092466 	0.000112455
2.0035 	0.0261223 	-0.000923511 	0.000112918
2.005 	0.0261307 	-0.000922363 	0.00011338
2.0065 	0.0261384 	-0.000921189 	0.000113813
2.008 	0.0261443 	-0.000919957 	0.000114175
2.0095 	0.0261503 	-0.000918725 	0.000114537
2.01101 	0.0261562 	-0.000917493 	0.000114899
2.01251 	0.0261622 	-0.000916261 	0.000115262
2.01401 	0.0261681 	-0.000915029 	0.000115624
2.01551 	0.0261741 	-0.000913797 	0.000115986
2.01701 	0.02618 	-0.000912565 	0.000116348
2.01851 	0.0261859 	-0.000911333 	0.000116711
2.02001 	0.0261919 	-0.000910101 	0.000117073
2.02151 	0.0261978 	-0.000908869 	0.000117435
2.02301 	0.0262038 	-0.000907637 	0.000117797
2.02451 	0.0262097 	-0.000906405 	0.000118159
2.02601 	0.0262157 	-0.000905173 	0.000118522
2.02751 	0.0262216 	-0.000903941 	0.000118884
2.02901 	0.0262276 	-0.000902709 	0.000119246
2.03052 	0.0262335 	-0.000901477 	0.000119608
2.03202 	0.0262395 	-0.000900245 	0.000119971
2.03352 	0.0262454 	-0.000899013 	0.000120333
2.03502 	0.0262514 	-0.000897781 	0.000120695
2.03652 	0.0262573 	-0.000896549 	0.000121057
2.03802 	0.0262633 	-0.000895317 	0.00012142
2.03952 	0.0262692 	-0.000894085 	0.000121782
2.04102 	0.0262751 	-0.000892853 	0.000122144
2.04252 	0.0262811 	-0.000891621 	0.000122506
2.04402 	0.026287 	-0.000890389 	0.000122868
2.04552 	0.026293 	-0.000889157 	0.000123231
2.04702 	0.0262989 	-0.000887925 	0.000123593
2.04852 	0.0263049 	-0.000886693 	0.000123955
2.05003 	0.0263108 	-0.000885461 	0.000124317
2.05153 	0.0263168 	-0.000884229 	0.00012468
2.05303 	0.0263227 	-0.000882997 	0.000125042
2.05453 	0.0263287 	-0.000881765 	0.000125404
2.05603 	0.0263346 	-0.000880533 	0.000125766
2.05753 	0.0263382 	-0.000879213 	0.000126027
2.05903 	0.0263417 	-0.000877889 	0.000126285
2.06053 	0.0263452 	-0.000876566 	0.000126543
2.06203 	0.0263493 	-0.000875536 	0.000126803
2.06353 	0.0263543 	-0.000875021 	0.000127068
2.06503 	0.0263593 	-0.000874507 	0.000127333
2.06653 	0.0263644 	-0.000873993 	0.000127598
2.06803 	0.0263698 	-0.000872821 	0.00012788
2.06953 	0.0263752 	-0.000871607 	0.000128164
2.07104 	0.0263807 	-0.000870393 	0.000128447
2.07254 	0.0263861 	-0.00086918 	0.00012873
2.07404 	0.0263915 	-0.000867966 	0.000129013
2.07554 	0.026397 	-0.000866752 	0.000129297
2.07704 	0.0264024 	-0.000865538 	0.00012958
2.07854 	0.0264078 	-0.000864324 	0.000129863
2.08004 	0.0264133 	-0.000863111 	0.000130147
2.08154 	0.0264187 	-0.000861897 	0.00013043
2.08304 	0.0264241 	-0.000860683 	0.000130713
2.08454 	0.0264296 	-0.000859469 	0.000130997
2.08604 	0.026435 	-0.000858255 	0.00013128
2.08754 	0.0264404 	-0.000857042 	0.000131563
2.08904 	0.0264459 	-0.000855828 	0.000131847
2.09055 	0.0264513 	-0.000854614 	0.00013213
2.09205 	0.0264568 	-0.0008534 	0.000132413
2.09355 	0.0264622 	-0.000852187 	0.000132697
2.09505 	0.0264676 	-0.000850973 	0.00013298
2.09655 	0.0264731 	-0.000849759 	0.000133263
2.09805 	0.0264785 	-0.000848545 	0.000133547
2.09955 	0.0264839 	-0.000847331 	0.00013383
2.10105 	0.0264894 	-0.000846118 	0.000134113
2.10255 	0.0264948 	-0.000844904 	0.000134397
2.10405 	0.0265002 	-0.00084369 	0.00013468
2.10555 	0.0265057 	-0.000842476 	0.000134963
2.10705 	0.0265111 	-0.000841262 	0.000135247
2.10855 	0.0265165 	-0.000840049 	0.00013553
2.11006 	0.026522 	-0.000838835 	0.000135813
2.11156 	0.0265274 	-0.000837621 	0.000136097
2.11306 	0.0265329 	-0.000836407 	0.00013638
2.11456 	0.0265383 	-0.000835193 	0.000136663
2.11606 	0.0265437 	-0.00083398 	0.000136947
2.11756 	0.0265494 	-0.000832268 	0.000137242
2.11906 	0.0265551 	-0.00083036 	0.000137542
2.12056 	0.0265609 	-0.000828451 	0.000137843
2.12206 	0.0265676 	-0.000827074 	0.000138144
2.12356 	0.0265749 	-0.000825973 	0.000138447
2.12506 	0.0265822 	-0.000824872 	0.000138749
2.12656 	0.0265886 	-0.000823487 	0.000138988
2.12806 	0.0265948 	-0.000822013 	0.000139208
2.12956 	0.026601 	-0.000820538 	0.000139428
2.13107 	0.0266072 	-0.000819064 	0.000139648
2.13257 	0.0266134 	-0.00081759 	0.000139868
2.13407 	0.0266196 	-0.000816116 	0.000140087
2.13557 	0.0266258 	-0.000814641 	0.000140307
2.13707 	0.026632 	-0.000813167 	0.000140527
2.13857 	0.0266382 	-0.000811693 	0.000140747
2.14007 	0.0266444 	-0.000810219 	0.000140967
2.14157 	0.0266506 	-0.000808744 	0.000141186
2.14307 	0.0266568 	-0.00080727 	0.000141406
2.14457 	0.026663 	-0.000805796 	0.000141626
2.14607 	0.0266692 	-0.000804322 	0.000141846
2.14757 	0.0266754 	-0.000802847 	0.000142065
2.14907 	0.0266816 	-0.000801373 	0.000142285
2.15058 	0.0266878 	-0.000799899 	0.000142505
2.15208 	0.026694 	-0.000798425 	0.000142725
2.15358 	0.0267002 	-0.00079695 	0.000142945
2.15508 	0.0267064 	-0.000795476 	0.000143164
2.15658 	0.0267126 	-0.000794002 	0.000143384
2.15808 	0.0267188 	-0.000792527 	0.000143604
2.15958 	0.026725 	-0.000791053 	0.000143824
2.16108 	0.0267312 	-0.000789579 	0.000144044
2.16258 	0.0267374 	-0.000788105 	0.000144263
2.16408 	0.0267436 	-0.00078663 	0.000144483
2.16558 	0.0267498 	-0.000785156 	0.000144703
2.16708 	0.026756 	-0.000783682 	0.000144923
2.16858 	0.0267622 	-0.000782208 	0.000145143
2.17009 	0.0267684 	-0.000780733 	0.000145362
2.17159 	0.0267746 	-0.000779259 	0.000145582
2.17309 	0.0267808 	-0.000777785 	0.000145802
2.17459 	0.026787 	-0.000776311 	0.000146022
2.17609 	0.0267924 	-0.00077451 	0.000146176
2.17759 	0.0267977 	-0.000772626 	0.000146313
2.17909 	0.0268033 	-0.000770937 	0.00014645
2.18059 	0.0268102 	-0.00076982 	0.000146584
2.18209 	0.0268171 	-0.000768704 	0.000146719
2.18359 	0.0268229 	-0.000767284 	0.000146827
2.18509 	0.0268286 	-0.000765811 	0.000146931
2.18659 	0.0268343 	-0.000764338 	0.000147035
2.18809 	0.02684 	-0.000762864 	0.000147139
2.18959 	0.0268457 	-0.000761391 	0.000147243
2.1911 	0.0268513 	-0.000759918 	0.000147347
2.1926 	0.026857 	-0.000758445 	0.000147451
2.1941 	0.0268627 	-0.000756972 	0.000147555
2.1956 	0.0268684 	-0.000755498 	0.000147658
2.1971 	0.0268741 	-0.000754025 	0.000147762
2.1986 	0.0268797 	-0.000752552 	0.000147866
2.2001 	0.0268854 	-0.000751079 	0.00014797
2.2016 	0.0268911 	-0.000749606 	0.000148074
2.2031 	0.0268968 	-0.000748132 	0.000148178
2.2046 	0.0269025 	-0.000746659 	0.000148282
2.2061 	0.0269082 	-0.000745186 	0.000148386
2.2076 	0.0269138 	-0.000743713 	0.00014849
2.2091 	0.0269195 	-0.00074224 	0.000148594
2.21061 	0.0269252 	-0.000740766 	0.000148697
2.21211 	0.0269309 	-0.000739293 	0.000148801
2.21361 	0.0269366 	-0.00073782 	0.000148905
2.21511 	0.0269422 	-0.000736347 	0.000149009
2.21661 	0.0269479 	-0.000734874 	0.000149113
2.21811 	0.0269536 	-0.0007334 	0.000149217
2.21961 	0.0269593 	-0.000731927 	0.000149321
2.22111 	0.026965 	-0.000730454 	0.000149425
2.22261 	0.0269706 	-0.000728981 	0.000149529
2.22411 	0.0269763 	-0.000727508 	0.000149632
2.22561 	0.026982 	-0.000726034 	0.000149736
2.22711 	0.0269877 	-0.000724561 	0.00014984
2.22861 	0.0269934 	-0.000723088 	0.000149944
2.23012 	0.0269991 	-0.000721615 	0.000150048
2.23162 	0.0270044 	-0.000720026 	0.000150144
2.23312 	0.027009 	-0.000718154 	0.000150219
2.23462 	0.027014 	-0.000716444 	0.000150295
2.23612 	0.0270204 	-0.000715307 	0.00015037
2.23762 	0.0270263 	-0.000714147 	0.000150426
2.23912 	0.0270305 	-0.000712929 	0.000150433
2.24062 	0.0270347 	-0.000711711 	0.000150441
2.24212 	0.027039 	-0.000710492 	0.000150448
2.24362 	0.0270432 	-0.000709274 	0.000150455
2.24512 	0.0270475 	-0.000708056 	0.000150463
2.24662 	0.0270517 	-0.000706838 	0.00015047
2.24812 	0.0270559 	-0.00070562 	0.000150477
2.24962 	0.0270602 	-0.000704401 	0.000150484
2.25113 	0.0270644 	-0.000703183 	0.000150492
2.25263 	0.0270686 	-0.000701965 	0.000150499
2.25413 	0.0270729 	-0.000700747 	0.000150506
2.25563 	0.0270771 	-0.000699528 	0.000150514
2.25713 	0.0270813 	-0.00069831 	0.000150521
2.25863 	0.0270856 	-0.000697092 	0.000150528
2.26013 	0.0270898 	-0.000695874 	0.000150536
2.26163 	0.027094 	-0.000694656 	0.000150543
2.26313 	0.0270983 	-0.000693437 	0.00015055
2.26463 	0.0271025 	-0.000692219 	0.000150557
2.26613 	0.0271067 	-0.000691001 	0.000150565
2.26763 	0.027111 	-0.000689783 	0.000150572
2.26913 	0.0271152 	-0.000688565 	0.000150579
2.27064 	0.0271194 	-0.000687346 	0.000150587
2.27214 	0.0271237 	-0.000686128 	0.000150594
2.27364 	0.0271279 	-0.00068491 	0.000150601
2.27514 	0.0271321 	-0.000683692 	0.000150608
2.27664 	0.0271364 	-0.000682474 	0.000150616
2.27814 	0.0271406 	-0.000681255 	0.000150623
2.27964 	0.0271448 	-0.000680037 	0.00015063
2.28114 	0.0271491 	-0.000678819 	0.000150638
2.28264 	0.0271533 	-0.000677601 	0.000150645
2.28414 	0.0271575 	-0.000676382 	0.000150652
2.28564 	0.0271612 	-0.000675141 	0.000150644
2.28714 	0.0271633 	-0.000673829 	0.000150591
2.28864 	0.0271665 	-0.000672989 	0.000150539
2.29015 	0.0271703 	-0.000672382 	0.000150482
2.29165 	0.027174 	-0.000671144 	0.000150353
2.29315 	0.0271776 	-0.000669906 	0.000150224
2.29465 	0.0271812 	-0.000668668 	0.000150095
2.29615 	0.0271849 	-0.00066743 	0.000149967
2.29765 	0.0271885 	-0.000666192 	0.000149838
2.29915 	0.0271921 	-0.000664954 	0.000149709
2.30065 	0.0271957 	-0.000663716 	0.00014958
2.30215 	0.0271994 	-0.000662477 	0.000149452
2.30365 	0.027203 	-0.000661239 	0.000149323
2.30515 	0.0272066 	-0.000660001 	0.000149194
2.30665 	0.0272102 	-0.000658763 	0.000149065
2.30815 	0.0272139 	-0.000657525 	0.000148937
2.30965 	0.0272175 	-0.000656287 	0.000148808
2.31116 	0.0272211 	-0.000655049 	0.000148679
2.31266 	0.0272247 	-0.000653811 	0.00014855
2.31416 	0.0272284 	-0.000652573 	0.000148421
2.31566 	0.027232 	-0.000651335 	0.000148293
2.31716 	0.0272356 	-0.000650097 	0.000148164
2.31866 	0.0272393 	-0.000648859 	0.000148035
2.32016 	0.0272429 	-0.000647621 	0.000147906
2.32166 	0.0272465 	-0.000646383 	0.000147778
2.32316 	0.0272501 	-0.000645145 	0.000147649
2.32466 	0.0272538 	-0.000643906 	0.00014752
2.32616 	0.0272574 	-0.000642668 	0.000147391
2.32766 	0.027261 	-0.00064143 	0.000147262
2.32916 	0.0272646 	-0.000640192 	0.000147134
2.33067 	0.0272683 	-0.000638954 	0.000147005
2.33217 	0.0272719 	-0.000637716 	0.000146876
2.33367 	0.0272755 	-0.000636478 	0.000146747
2.33517 	0.0272792 	-0.00063524 	0.000146619
2.33667 	0.0272828 	-0.000634002 	0.00014649
2.33817 	0.0272862 	-0.00063227 	0.000146302
2.33967 	0.0272904 	-0.000630717 	0.000146086
2.34117 	0.0272951 	-0.00062944 	0.00014586
2.34267 	0.0272988 	-0.000627934 	0.000145627
2.34417 	0.0273026 	-0.000626428 	0.000145393
2.34567 	0.0273064 	-0.000624922 	0.000145159
2.34717 	0.0273101 	-0.000623416 	0.000144926
2.34867 	0.0273139 	-0.00062191 	0.000144692
2.35018 	0.0273176 	-0.000620404 	0.000144459
2.35168 	0.0273214 	-0.000618898 	0.000144225
2.35318 	0.0273251 	-0.000617392 	0.000143992
2.35468 	0.0273289 	-0.000615886 	0.000143758
2.35618 	0.0273326 	-0.00061438 	0.000143524
2.35768 	0.0273364 	-0.000612874 	0.000143291
2.35918 	0.0273401 	-0.000611368 	0.000143057
2.36068 	0.0273439 	-0.000609862 	0.000142824
2.36218 	0.0273476 	-0.000608356 	0.00014259
2.36368 	0.0273514 	-0.00060685 	0.000142356
2.36518 	0.0273552 	-0.000605344 	0.000142123
2.36668 	0.0273589 	-0.000603838 	0.000141889
2.36818 	0.0273627 	-0.000602332 	0.000141656
2.36968 	0.0273664 	-0.000600826 	0.000141422
2.37119 	0.0273702 	-0.00059932 	0.000141188
2.37269 	0.0273739 	-0.000597814 	0.000140955
2.37419 	0.0273777 	-0.000596308 	0.000140721
2.37569 	0.0273814 	-0.000594802 	0.000140488
2.37719 	0.0273852 	-0.000593296 	0.000140254
2.37869 	0.0273889 	-0.00059179 	0.00014002
2.38019 	0.0273927 	-0.000590284 	0.000139787
2.38169 	0.0273964 	-0.000588778 	0.000139553
2.38319 	0.0274002 	-0.000587272 	0.00013932
2.38469 	0.027404 	-0.000585766 	0.000139086
2.38619 	0.0274077 	-0.00058426 	0.000138852
2.38769 	0.0274105 	-0.000582467 	0.000138608
2.38919 	0.0274145 	-0.000581195 	0.000138346
2.3907 	0.027417 	-0.000579963 	0.000138155
2.3922 	0.0274195 	-0.00057873 	0.000137963
2.3937 	0.027422 	-0.000577498 	0.000137772
2.3952 	0.0274245 	-0.000576265 	0.00013758
2.3967 	0.027427 	-0.000575033 	0.000137388
2.3982 	0.0274295 	-0.0005738 	0.000137197
2.3997 	0.027432 	-0.000572568 	0.000137005
2.4012 	0.0274345 	-0.000571335 	0.000136814
2.4027 	0.027437 	-0.000570103 	0.000136622
2.4042 	0.0274395 	-0.00056887 	0.00013643
2.4057 	0.027442 	-0.000567638 	0.000136239
2.4072 	0.0274446 	-0.000566405 	0.000136047
2.4087 	0.0274471 	-0.000565173 	0.000135856
2.41021 	0.0274496 	-0.00056394 	0.000135664
2.41171 	0.0274521 	-0.000562708 	0.000135472
2.41321 	0.0274546 	-0.000561475 	0.000135281
2.41471 	0.0274571 	-0.000560243 	0.000135089
2.41621 	0.0274596 	-0.00055901 	0.000134898
2.41771 	0.0274621 	-0.000557778 	0.000134706
2.41921 	0.0274646 	-0.000556545 	0.000134514
2.42071 	0.0274671 	-0.000555312 	0.000134323
2.42221 	0.0274696 	-0.00055408 	0.000134131
2.42371 	0.0274721 	-0.000552847 	0.00013394
2.42521 	0.0274746 	-0.000551615 	0.000133748
2.42671 	0.0274771 	-0.000550382 	0.000133556
2.42821 	0.0274796 	-0.00054915 	0.000133365
2.42971 	0.0274821 	-0.000547917 	0.000133173
2.43122 	0.0274846 	-0.000546685 	0.000132982
2.43272 	0.0274871 	-0.000545452 	0.00013279
2.43422 	0.027489 	-0.000544197 	0.000132623
2.43572 	0.027491 	-0.000543318 	0.000132517
2.43722 	0.0274926 	-0.000542095 	0.000132448
2.43872 	0.0274943 	-0.000540872 	0.00013238
2.44022 	0.027496 	-0.000539649 	0.000132311
2.44172 	0.0274977 	-0.000538426 	0.000132243
2.44322 	0.0274994 	-0.000537203 	0.000132174
2.44472 	0.0275011 	-0.00053598 	0.000132106
2.44622 	0.0275028 	-0.000534757 	0.000132037
2.44772 	0.0275045 	-0.000533534 	0.000131969
2.44922 	0.0275062 	-0.000532311 	0.0001319
2.45073 	0.0275079 	-0.000531088 	0.000131832
2.45223 	0.0275095 	-0.000529865 	0.000131763
2.45373 	0.0275112 	-0.000528642 	0.000131695
2.45523 	0.0275129 	-0.000527419 	0.000131626
2.45673 	0.0275146 	-0.000526196 	0.000131558
2.45823 	0.0275163 	-0.000524973 	0.000131489
2.45973 	0.027518 	-0.00052375 	0.000131421
2.46123 	0.0275197 	-0.000522527 	0.000131352
2.46273 	0.0275214 	-0.000521304 	0.000131283
2.46423 	0.0275231 	-0.000520081 	0.000131215
2.46573 	0.0275248 	-0.000518858 	0.000131146
2.46723 	0.0275265 	-0.000517635 	0.000131078
2.46873 	0.0275281 	-0.000516412 	0.000131009
2.47024 	0.0275298 	-0.000515189 	0.000130941
2.47174 	0.0275315 	-0.000513965 	0.000130872
2.47324 	0.0275332 	-0.000512742 	0.000130804
2.47474 	0.0275349 	-0.000511519 	0.000130735
2.47624 	0.0275366 	-0.000510296 	0.000130667
2.47774 	0.0275383 	-0.000509073 	0.000130598
2.47924 	0.0275399 	-0.000507657 	0.000130551
2.48074 	0.0275412 	-0.000506177 	0.000130515
2.48224 	0.0275423 	-0.000504656 	0.000130477
2.48374 	0.0275433 	-0.000503134 	0.000130439
2.48524 	0.0275444 	-0.000501613 	0.000130401
2.48674 	0.0275455 	-0.000500092 	0.000130362
2.48824 	0.0275466 	-0.00049857 	0.000130324
2.48974 	0.0275477 	-0.000497049 	0.000130286
2.49125 	0.0275487 	-0.000495528 	0.000130248
2.49275 	0.0275498 	-0.000494006 	0.000130209
2.49425 	0.0275509 	-0.000492485 	0.000130171
2.49575 	0.027552 	-0.000490963 	0.000130133
2.49725 	0.0275531 	-0.000489442 	0.000130095
2.49875 	0.0275541 	-0.000487921 	0.000130056
2.50025 	0.0275552 	-0.000486399 	0.000130018
2.50175 	0.0275563 	-0.000484878 	0.00012998
2.50325 	0.0275574 	-0.000483357 	0.000129942
2.50475 	0.0275585 	-0.000481835 	0.000129903
2.50625 	0.0275596 	-0.000480314 	0.000129865
2.50775 	0.0275606 	-0.000478793 	0.000129827
2.50925 	0.0275617 	-0.000477271 	0.000129789
2.51076 	0.0275628 	-0.00047575 	0.00012975
2.51226 	0.0275639 	-0.000474228 	0.000129712
2.51376 	0.027565 	-0.000472707 	0.000129674
2.51526 	0.027566 	-0.000471186 	0.000129636
2.51676 	0.0275671 	-0.000469664 	0.000129597
2.51826 	0.0275682 	-0.000468143 	0.000129559
2.51976 	0.0275693 	-0.000466622 	0.000129521
2.52126 	0.0275703 	-0.0004651 	0.000129478
2.52276 	0.0275702 	-0.000463824 	0.000129372
2.52426 	0.0275701 	-0.000462547 	0.000129265
2.52576 	0.0275701 	-0.000461271 	0.000129159
2.52726 	0.02757 	-0.000459995 	0.000129052
2.52876 	0.0275699 	-0.000458719 	0.000128945
2.53027 	0.0275698 	-0.000457443 	0.000128839
2.53177 	0.0275698 	-0.000456163 	0.000128733
2.53327 	0.0275697 	-0.000454882 	0.000128627
2.53477 	0.0275696 	-0.000453601 	0.000128521
2.53627 	0.0275696 	-0.00045232 	0.000128415
2.53777 	0.0275695 	-0.000451039 	0.000128309
2.53927 	0.0275694 	-0.000449758 	0.000128203
2.54077 	0.0275694 	-0.000448477 	0.000128097
2.54227 	0.0275693 	-0.000447196 	0.000127991
2.54377 	0.0275692 	-0.000445915 	0.000127885
2.54527 	0.0275692 	-0.000444635 	0.000127779
2.54677 	0.0275691 	-0.000443354 	0.000127673
2.54827 	0.0275691 	-0.000442073 	0.000127567
2.54977 	0.027569 	-0.000440792 	0.000127461
2.55128 	0.0275689 	-0.000439511 	0.000127355
2.55278 	0.0275689 	-0.00043823 	0.000127249
2.55428 	0.0275688 	-0.000436949 	0.000127143
2.55578 	0.0275687 	-0.000435668 	0.000127037
2.55728 	0.0275687 	-0.000434387 	0.000126931
2.55878 	0.0275686 	-0.000433107 	0.000126825
2.56028 	0.0275685 	-0.000431826 	0.000126719
2.56178 	0.0275678 	-0.000430622 	0.00012655
2.56328 	0.0275664 	-0.000429342 	0.000126306
2.56478 	0.0275649 	-0.000428062 	0.000126063
2.56628 	0.0275634 	-0.000426782 	0.000125819
2.56778 	0.027562 	-0.000425502 	0.000125576
2.56928 	0.0275605 	-0.000424222 	0.000125332
2.57079 	0.0275591 	-0.000422942 	0.000125089
2.57229 	0.0275576 	-0.000421662 	0.000124845
2.57379 	0.0275562 	-0.000420382 	0.000124602
2.57529 	0.0275547 	-0.000419103 	0.000124358
2.57679 	0.0275533 	-0.000417823 	0.000124115
2.57829 	0.0275518 	-0.000416543 	0.000123871
2.57979 	0.0275503 	-0.000415263 	0.000123628
2.58129 	0.0275489 	-0.000413983 	0.000123384
2.58279 	0.0275474 	-0.000412703 	0.000123141
2.58429 	0.027546 	-0.000411423 	0.000122897
2.58579 	0.0275445 	-0.000410143 	0.000122654
2.58729 	0.0275431 	-0.000408863 	0.00012241
2.58879 	0.0275416 	-0.000407583 	0.000122167
2.5903 	0.0275402 	-0.000406304 	0.000121923
2.5918 	0.0275387 	-0.000405024 	0.00012168
2.5933 	0.0275372 	-0.000403744 	0.000121436
2.5948 	0.0275358 	-0.000402464 	0.000121193
2.5963 	0.0275343 	-0.000401184 	0.000120949
2.5978 	0.0275329 	-0.000399904 	0.000120706
2.5993 	0.0275307 	-0.000398458 	0.000120397
2.6008 	0.0275272 	-0.000396833 	0.000120006
2.6023 	0.0275236 	-0.000395208 	0.000119615
2.6038 	0.0275201 	-0.000393583 	0.000119224
2.6053 	0.0275165 	-0.000391957 	0.000118833
2.6068 	0.027513 	-0.000390332 	0.000118442
2.6083 	0.0275094 	-0.000388707 	0.000118051
2.6098 	0.0275059 	-0.000387082 	0.00011766
2.61131 	0.0275023 	-0.000385457 	0.00011727
2.61281 	0.0274988 	-0.000383832 	0.000116879
2.61431 	0.0274952 	-0.000382206 	0.000116488
2.61581 	0.0274917 	-0.000380581 	0.000116097
2.61731 	0.0274881 	-0.000378956 	0.000115706
2.61881 	0.0274846 	-0.000377331 	0.000115315
2.62031 	0.027481 	-0.000375706 	0.000114924
2.62181 	0.0274775 	-0.000374081 	0.000114533
2.62331 	0.027474 	-0.000372455 	0.000114142
2.62481 	0.0274704 	-0.00037083 	0.000113752
2.62631 	0.0274669 	-0.000369205 	0.000113361
2.62781 	0.0274633 	-0.00036758 	0.00011297
2.62931 	0.0274598 	-0.000365955 	0.000112579
2.63082 	0.0274562 	-0.00036433 	0.000112188
2.63232 	0.0274527 	-0.000362704 	0.000111797
2.63382 	0.0274489 	-0.00036108 	0.000111399
2.63532 	0.0274441 	-0.000359519 	0.000110974
2.63682 	0.0274395 	-0.000358133 	0.000110608
2.63832 	0.0274349 	-0.000356746 	0.000110242
2.63982 	0.0274303 	-0.00035536 	0.000109876
2.64132 	0.0274257 	-0.000353973 	0.00010951
2.64282 	0.0274211 	-0.000352587 	0.000109144
2.64432 	0.0274165 	-0.000351201 	0.000108778
2.64582 	0.0274119 	-0.000349814 	0.000108412
2.64732 	0.0274072 	-0.000348428 	0.000108046
2.64882 	0.0274026 	-0.000347042 	0.000107679
2.65033 	0.027398 	-0.000345655 	0.000107313
2.65183 	0.0273934 	-0.000344269 	0.000106947
2.65333 	0.0273888 	-0.000342882 	0.000106581
2.65483 	0.0273842 	-0.000341496 	0.000106215
2.65633 	0.0273796 	-0.00034011 	0.000105849
2.65783 	0.027375 	-0.000338723 	0.000105483
2.65933 	0.0273703 	-0.000337337 	0.000105117
2.66083 	0.0273657 	-0.00033595 	0.000104751
2.66233 	0.0273611 	-0.000334564 	0.000104385
2.66383 	0.0273565 	-0.000333178 	0.000104018
2.66533 	0.0273519 	-0.000331791 	0.000103652
2.66683 	0.0273473 	-0.000330405 	0.000103286
2.66833 	0.0273426 	-0.000329295 	0.000102995
2.66983 	0.0273359 	-0.000327897 	0.000102602
2.67134 	0.0273288 	-0.000326457 	0.000102196
2.67284 	0.0273217 	-0.000325016 	0.00010179
2.67434 	0.0273146 	-0.000323576 	0.000101385
2.67584 	0.0273075 	-0.000322136 	0.000100979
2.67734 	0.0273005 	-0.000320695 	0.000100573
2.67884 	0.0272934 	-0.000319255 	0.000100168
2.68034 	0.0272863 	-0.000317815 	9.9762e-05
2.68184 	0.0272792 	-0.000316374 	9.93564e-05
2.68334 	0.0272721 	-0.000314934 	9.89507e-05
2.68484 	0.0272651 	-0.000313494 	9.8545e-05
2.68634 	0.027258 	-0.000312053 	9.81393e-05
2.68784 	0.0272509 	-0.000310613 	9.77336e-05
2.68934 	0.0272438 	-0.000309173 	9.73279e-05
2.69085 	0.0272367 	-0.000307733 	9.69223e-05
2.69235 	0.0272297 	-0.000306292 	9.65166e-05
2.69385 	0.0272226 	-0.000304852 	9.61109e-05
2.69535 	0.0272155 	-0.000303412 	9.57052e-05
2.69685 	0.0272084 	-0.000301971 	9.52995e-05
2.69835 	0.027201 	-0.000300492 	9.48784e-05
2.69985 	0.0271911 	-0.000298725 	9.43452e-05
2.70135 	0.0271816 	-0.000297151 	9.38608e-05
2.70285 	0.0271723 	-0.000295622 	9.33889e-05
2.70435 	0.0271631 	-0.000294093 	9.2917e-05
2.70585 	0.0271538 	-0.000292564 	9.24451e-05
2.70735 	0.0271445 	-0.000291035 	9.19732e-05
2.70885 	0.0271352 	-0.000289506 	9.15013e-05
2.71036 	0.0271259 	-0.000287977 	9.10294e-05
2.71186 	0.0271166 	-0.000286448 	9.05575e-05
2.71336 	0.0271073 	-0.000284919 	9.00856e-05
2.71486 	0.027098 	-0.00028339 	8.96136e-05
2.71636 	0.0270888 	-0.000281861 	8.91417e-05
2.71786 	0.0270795 	-0.000280332 	8.86698e-05
2.71936 	0.0270702 	-0.000278803 	8.81979e-05
2.72086 	0.0270609 	-0.000277274 	8.7726e-05
2.72236 	0.0270516 	-0.000275745 	8.72541e-05
2.72386 	0.0270423 	-0.000274215 	8.67822e-05
2.72536 	0.027033 	-0.000272686 	8.63103e-05
2.72686 	0.0270237 	-0.000271157 	8.58384e-05
2.72836 	0.027015 	-0.000269841 	8.5405e-05
2.72986 	0.0270045 	-0.000268456 	8.49262e-05
2.73137 	0.0269918 	-0.000266867 	8.43607e-05
2.73287 	0.026979 	-0.000265279 	8.37953e-05
2.73437 	0.0269663 	-0.00026369 	8.32299e-05
2.73587 	0.0269535 	-0.000262102 	8.26645e-05
2.73737 	0.0269408 	-0.000260513 	8.2099e-05
2.73887 	0.026928 	-0.000258925 	8.15336e-05
2.74037 	0.0269153 	-0.000257336 	8.09682e-05
2.74187 	0.0269025 	-0.000255747 	8.04027e-05
2.74337 	0.0268897 	-0.000254159 	7.98373e-05
2.74487 	0.026877 	-0.00025257 	7.92719e-05
2.74637 	0.0268642 	-0.000250982 	7.87064e-05
2.74787 	0.0268515 	-0.000249393 	7.8141e-05
2.74937 	0.0268387 	-0.000247805 	7.75756e-05
2.75088 	0.026826 	-0.000246216 	7.70101e-05
2.75238 	0.0268132 	-0.000244628 	7.64447e-05
2.75388 	0.0268005 	-0.000243039 	7.58793e-05
2.75538 	0.026787 	-0.00024141 	7.52855e-05
2.75688 	0.0267703 	-0.000239534 	7.45608e-05
2.75838 	0.0267507 	-0.000237485 	7.38281e-05
2.75988 	0.0267305 	-0.000235424 	7.31117e-05
2.76138 	0.0267103 	-0.000233364 	7.23952e-05
2.76288 	0.02669 	-0.000231303 	7.16788e-05
2.76438 	0.0266698 	-0.000229243 	7.09624e-05
2.76588 	0.0266496 	-0.000227183 	7.0246e-05
2.76738 	0.0266294 	-0.000225122 	6.95295e-05
2.76888 	0.0266092 	-0.000223062 	6.88131e-05
2.77039 	0.026589 	-0.000221001 	6.80967e-05
2.77189 	0.0265687 	-0.000218941 	6.73802e-05
2.77339 	0.0265485 	-0.00021688 	6.66638e-05
2.77489 	0.0265283 	-0.00021482 	6.59474e-05
2.77639 	0.0265081 	-0.000212759 	6.5231e-05
2.77789 	0.0264879 	-0.000210699 	6.45145e-05
2.77939 	0.0264677 	-0.000208639 	6.37981e-05
2.78089 	0.0264471 	-0.000206581 	6.30921e-05
2.78239 	0.0264242 	-0.000204543 	6.2453e-05
2.78389 	0.0264023 	-0.000202644 	6.18722e-05
2.78539 	0.0263814 	-0.000200861 	6.13635e-05
2.78689 	0.0263604 	-0.000199077 	6.08547e-05
2.78839 	0.0263395 	-0.000197293 	6.0346e-05
2.78989 	0.0263186 	-0.000195509 	5.98372e-05
2.7914 	0.0262976 	-0.000193725 	5.93284e-05
2.7929 	0.0262767 	-0.000191941 	5.88197e-05
2.7944 	0.0262557 	-0.000190157 	5.83109e-05
2.7959 	0.0262348 	-0.000188374 	5.78022e-05
2.7974 	0.0262139 	-0.00018659 	5.72934e-05
2.7989 	0.0261929 	-0.000184806 	5.67847e-05
2.8004 	0.026172 	-0.000183022 	5.62759e-05
2.8019 	0.026151 	-0.000181238 	5.57671e-05
2.8034 	0.0261301 	-0.000179454 	5.52584e-05
2.8049 	0.0261093 	-0.000177703 	5.47705e-05
2.8064 	0.0260901 	-0.000176243 	5.44642e-05
2.8079 	0.0260671 	-0.000174594 	5.41451e-05
2.8094 	0.0260399 	-0.000172722 	5.38219e-05
2.81091 	0.0260128 	-0.000170851 	5.34986e-05
2.81241 	0.0259856 	-0.00016898 	5.31753e-05
2.81391 	0.0259585 	-0.000167109 	5.2852e-05
2.81541 	0.0259314 	-0.000165238 	5.25287e-05
2.81691 	0.0259042 	-0.000163367 	5.22055e-05
2.81841 	0.0258771 	-0.000161496 	5.18822e-05
2.81991 	0.0258499 	-0.000159625 	5.15589e-05
2.82141 	0.0258228 	-0.000157753 	5.12356e-05
2.82291 	0.0257956 	-0.000155882 	5.09123e-05
2.82441 	0.0257685 	-0.000154011 	5.0589e-05
2.82591 	0.0257414 	-0.00015214 	5.02658e-05
2.82741 	0.0257129 	-0.000150214 	4.99421e-05
2.82891 	0.0256773 	-0.000147973 	4.9616e-05
2.83042 	0.0256432 	-0.000145862 	4.93281e-05
2.83192 	0.0256108 	-0.000143907 	4.90753e-05
2.83342 	0.0255784 	-0.000141952 	4.88225e-05
2.83492 	0.0255461 	-0.000139997 	4.85697e-05
2.83642 	0.0255137 	-0.000138042 	4.83169e-05
2.83792 	0.0254813 	-0.000136087 	4.80641e-05
2.83942 	0.0254489 	-0.000134133 	4.78113e-05
2.84092 	0.0254165 	-0.000132178 	4.75584e-05
2.84242 	0.0253842 	-0.000130223 	4.73056e-05
2.84392 	0.0253518 	-0.000128268 	4.70528e-05
2.84542 	0.0253194 	-0.000126313 	4.68e-05
2.84692 	0.025287 	-0.000124358 	4.65472e-05
2.84842 	0.0252555 	-0.0001225 	4.63034e-05
2.84992 	0.0252265 	-0.000120955 	4.61037e-05
2.85143 	0.0251902 	-0.000119147 	4.59216e-05
2.85293 	0.0251491 	-0.000117176 	4.57364e-05
2.85443 	0.0251081 	-0.000115205 	4.55512e-05
2.85593 	0.025067 	-0.000113234 	4.5366e-05
2.85743 	0.025026 	-0.000111262 	4.51808e-05
2.85893 	0.024985 	-0.000109291 	4.49956e-05
2.86043 	0.0249439 	-0.00010732 	4.48104e-05
2.86193 	0.0249029 	-0.000105349 	4.46252e-05
2.86343 	0.0248619 	-0.000103378 	4.444e-05
2.86493 	0.0248208 	-0.000101406 	4.42548e-05
2.86643 	0.0247798 	-9.94353e-05 	4.40696e-05
2.86793 	0.0247356 	-9.73824e-05 	4.38651e-05
2.86943 	0.0246825 	-9.50771e-05 	4.36089e-05
2.87094 	0.0246322 	-9.29532e-05 	4.34456e-05
2.87244 	0.0245833 	-9.09414e-05 	4.33294e-05
2.87394 	0.0245344 	-8.89296e-05 	4.32132e-05
2.87544 	0.0244856 	-8.69177e-05 	4.3097e-05
2.87694 	0.0244367 	-8.49059e-05 	4.29808e-05
2.87844 	0.0243878 	-8.28941e-05 	4.28646e-05
2.87994 	0.024339 	-8.08822e-05 	4.27484e-05
2.88144 	0.0242901 	-7.88704e-05 	4.26322e-05
2.88294 	0.0242412 	-7.68585e-05 	4.2516e-05
2.88444 	0.0241924 	-7.48467e-05 	4.23998e-05
2.88594 	0.0241445 	-7.29314e-05 	4.23034e-05
2.88744 	0.0241005 	-7.13768e-05 	4.22729e-05
2.88894 	0.024056 	-6.98645e-05 	4.22829e-05
2.89045 	0.0240107 	-6.83704e-05 	4.23216e-05
2.89195 	0.0239654 	-6.68764e-05 	4.23603e-05
2.89345 	0.0239201 	-6.53823e-05 	4.2399e-05
2.89495 	0.0238748 	-6.38883e-05 	4.24377e-05
2.89645 	0.0238295 	-6.23942e-05 	4.24763e-05
2.89795 	0.0237842 	-6.09001e-05 	4.2515e-05
2.89945 	0.0237389 	-5.94061e-05 	4.25537e-05
2.90095 	0.0236936 	-5.7912e-05 	4.25924e-05
2.90245 	0.0236482 	-5.64209e-05 	4.26326e-05
2.90395 	0.0235992 	-5.50133e-05 	4.2753e-05
2.90545 	0.0235339 	-5.32446e-05 	4.28909e-05
2.90695 	0.0234602 	-5.137e-05 	4.30518e-05
2.90845 	0.0233865 	-4.94954e-05 	4.32127e-05
2.90995 	0.0233128 	-4.76209e-05 	4.33737e-05
2.91146 	0.0232391 	-4.57463e-05 	4.35346e-05
2.91296 	0.0231654 	-4.38717e-05 	4.36956e-05
2.91446 	0.0230917 	-4.19972e-05 	4.38565e-05
2.91596 	0.023018 	-4.01226e-05 	4.40175e-05
2.91746 	0.0229443 	-3.8248e-05 	4.41784e-05
2.91896 	0.0228606 	-3.63282e-05 	4.43937e-05
2.92046 	0.0227633 	-3.41809e-05 	4.46397e-05
2.92196 	0.0226757 	-3.23877e-05 	4.48364e-05
2.92346 	0.0225881 	-3.05945e-05 	4.50331e-05
2.92496 	0.0225005 	-2.88013e-05 	4.52298e-05
2.92646 	0.0224128 	-2.70081e-05 	4.54265e-05
2.92796 	0.0223252 	-2.52149e-05 	4.56232e-05
2.92946 	0.0222376 	-2.34217e-05 	4.58199e-05
2.93097 	0.02215 	-2.16285e-05 	4.60166e-05
2.93247 	0.0220624 	-1.98353e-05 	4.62133e-05
2.93397 	0.0219872 	-1.8623e-05 	4.64018e-05
2.93547 	0.0219067 	-1.73939e-05 	4.65904e-05
2.93697 	0.0218251 	-1.62057e-05 	4.67869e-05
2.93847 	0.0217436 	-1.50176e-05 	4.69835e-05
2.93997 	0.0216621 	-1.38295e-05 	4.718e-05
2.94147 	0.0215805 	-1.26414e-05 	4.73766e-05
2.94297 	0.021499 	-1.14533e-05 	4.75731e-05
2.94447 	0.0214174 	-1.02651e-05 	4.77696e-05
2.94597 	0.0213358 	-9.09204e-06 	4.797e-05
2.94747 	0.021245 	-8.00961e-06 	4.82335e-05
2.94897 	0.0211144 	-6.69623e-06 	4.8567e-05
2.95048 	0.020974 	-5.36565e-06 	4.89198e-05
2.95198 	0.0208336 	-4.03507e-06 	4.92726e-05
2.95348 	0.0206932 	-2.7045e-06 	4.96254e-05
2.95498 	0.0205528 	-1.37392e-06 	4.99782e-05
2.95648 	0.0204124 	-4.33398e-08 	5.0331e-05
2.95798 	0.020272 	1.28724e-06 	5.06838e-05
2.95948 	0.0201022 	2.57178e-06 	5.11236e-05
2.96098 	0.0199187 	3.85866e-06 	5.1541e-05
2.96248 	0.0197454 	4.95413e-06 	5.18825e-05
2.96398 	0.019572 	6.0496e-06 	5.2224e-05
2.96548 	0.0193987 	7.14506e-06 	5.25655e-05
2.96698 	0.0192254 	8.24053e-06 	5.2907e-05
2.96848 	0.0190521 	9.336e-06 	5.32486e-05
2.96998 	0.0188825 	1.03397e-05 	5.3567e-05
2.97149 	0.0187296 	1.09128e-05 	5.37638e-05
2.97299 	0.0185627 	1.14104e-05 	5.38763e-05
2.97449 	0.0183951 	1.19004e-05 	5.39831e-05
2.97599 	0.0182274 	1.23903e-05 	5.409e-05
2.97749 	0.0180597 	1.28803e-05 	5.41969e-05
2.97899 	0.017892 	1.33702e-05 	5.43038e-05
2.98049 	0.0177235 	1.3837e-05 	5.4401e-05
2.98199 	0.0175313 	1.41421e-05 	5.44019e-05
2.98349 	0.0173206 	1.43811e-05 	5.42932e-05
2.98499 	0.0171098 	1.46114e-05 	5.41771e-05
2.98649 	0.0168989 	1.48416e-05 	5.40611e-05
2.98799 	0.0166881 	1.50719e-05 	5.3945e-05
2.98949 	0.0164772 	1.53021e-05 	5.38289e-05
2.991 	0.0162673 	1.5393e-05 	5.36349e-05
2.9925 	0.0148491 	1.42335e-05 	4.92653e-05
2.994 	0.012141 	1.17071e-05 	4.03396e-05
2.9955 	0.00943285 	9.18074e-06 	3.1414e-05
2.997 	0.00672471 	6.65435e-06 	2.24884e-05
2.9985 	0.00401656 	4.12795e-06 	1.35627e-05
3 	0 	0 	0
