0 	0 	0 	0
0.00150075 	0.00013492 	-1.74181e-08 	1.80349e-06
0.0030015 	0.000279302 	-7.32888e-08 	3.81814e-06
0.00450225 	0.000423683 	-1.2916e-07 	5.83279e-06
0.006003 	0.000568064 	-1.8503e-07 	7.84744e-06
0.00750375 	0.000712445 	-2.40901e-07 	9.86209e-06
0.0090045 	0.000867313 	-2.89422e-07 	1.17012e-05
0.0105053 	0.00103073 	-3.31575e-07 	1.37127e-05
0.012006 	0.00119225 	-5.93008e-07 	1.57435e-05
0.0135068 	0.00135378 	-8.54441e-07 	1.77744e-05
0.0150075 	0.00151531 	-1.11587e-06 	1.98052e-05
0.0165083 	0.00167684 	-1.37731e-06 	2.18361e-05
0.018009 	0.00183831 	-1.66256e-06 	2.37229e-05
0.0195098 	0.00199822 	-1.87918e-06 	2.53189e-05
0.0210105 	0.00213271 	-2.27969e-06 	2.67897e-05
0.0225113 	0.00225917 	-2.79522e-06 	2.81235e-05
0.024012 	0.00238564 	-3.31075e-06 	2.94573e-05
0.0255128 	0.0025121 	-3.82628e-06 	3.07911e-05
0.0270135 	0.00263857 	-4.3418e-06 	3.21248e-05
0.0285143 	0.00275718 	-4.90192e-06 	3.31704e-05
0.030015 	0.00285361 	-5.36612e-06 	3.37889e-05
0.0315158 	0.00294829 	-6.01971e-06 	3.45559e-05
0.0330165 	0.00304205 	-6.95429e-06 	3.51493e-05
0.0345173 	0.00313582 	-7.88887e-06 	3.57427e-05
0.036018 	0.00322959 	-8.82346e-06 	3.63361e-05
0.0375188 	0.00332336 	-9.75804e-06 	3.69296e-05
0.0390195 	0.00341712 	-1.06926e-05 	3.7523e-05
0.0405203 	0.00351114 	-1.19002e-05 	3.75194e-05
0.042021 	0.0036015 	-1.25775e-05 	3.78689e-05
0.0435218 	0.00367624 	-1.36946e-05 	3.81287e-05
0.0450225 	0.00374874 	-1.48916e-05 	3.83626e-05
0.0465233 	0.00382124 	-1.60887e-05 	3.85965e-05
0.048024 	0.00389374 	-1.72858e-05 	3.88304e-05
0.0495248 	0.00396623 	-1.84828e-05 	3.90643e-05
0.0510255 	0.00403873 	-1.96799e-05 	3.92982e-05
0.0525263 	0.00410098 	-2.10608e-05 	3.92124e-05
0.054027 	0.00415366 	-2.1941e-05 	3.91066e-05
0.0555278 	0.00420172 	-2.28318e-05 	3.9106e-05
0.0570285 	0.00424778 	-2.40814e-05 	3.91321e-05
0.0585293 	0.00429384 	-2.5331e-05 	3.91583e-05
0.06003 	0.0043399 	-2.65806e-05 	3.91845e-05
0.0615308 	0.00438596 	-2.78302e-05 	3.92106e-05
0.0630315 	0.00443201 	-2.90798e-05 	3.92368e-05
0.0645323 	0.00447807 	-3.03294e-05 	3.92629e-05
0.066033 	0.00452153 	-3.20136e-05 	3.91415e-05
0.0675338 	0.00456274 	-3.29674e-05 	3.89735e-05
0.0690345 	0.0046016 	-3.39746e-05 	3.8835e-05
0.0705353 	0.00463832 	-3.54005e-05 	3.87509e-05
0.072036 	0.00467505 	-3.68264e-05 	3.86668e-05
0.0735368 	0.00471177 	-3.82522e-05 	3.85827e-05
0.0750375 	0.00474849 	-3.96781e-05 	3.84986e-05
0.0765383 	0.00478522 	-4.1104e-05 	3.84145e-05
0.078039 	0.00482194 	-4.25299e-05 	3.83304e-05
0.0795398 	0.00485722 	-4.42109e-05 	3.81922e-05
0.0810405 	0.00489094 	-4.59957e-05 	3.79837e-05
0.0825413 	0.0049239 	-4.68201e-05 	3.76714e-05
0.084042 	0.00495479 	-4.81223e-05 	3.74081e-05
0.0855428 	0.00498451 	-4.96961e-05 	3.71726e-05
0.0870435 	0.00501422 	-5.12698e-05 	3.69371e-05
0.0885443 	0.00504393 	-5.28435e-05 	3.67017e-05
0.090045 	0.00507365 	-5.44173e-05 	3.64662e-05
0.0915458 	0.00510336 	-5.5991e-05 	3.62307e-05
0.0930465 	0.00513308 	-5.75647e-05 	3.59952e-05
0.0945473 	0.00516189 	-5.93154e-05 	3.57279e-05
0.096048 	0.00518894 	-6.14141e-05 	3.5398e-05
0.0975488 	0.005216 	-6.26254e-05 	3.50397e-05
0.0990495 	0.00524293 	-6.36142e-05 	3.4674e-05
0.10055 	0.00526739 	-6.52953e-05 	3.43244e-05
0.102051 	0.00529185 	-6.69764e-05 	3.39747e-05
0.103552 	0.0053163 	-6.86576e-05 	3.3625e-05
0.105053 	0.00534076 	-7.03387e-05 	3.32753e-05
0.106553 	0.00536522 	-7.20198e-05 	3.29256e-05
0.108054 	0.00538968 	-7.37009e-05 	3.25759e-05
0.109555 	0.00541414 	-7.53821e-05 	3.22263e-05
0.111056 	0.00543772 	-7.72729e-05 	3.18564e-05
0.112556 	0.00545997 	-7.94874e-05 	3.14555e-05
0.114057 	0.00548251 	-8.09878e-05 	3.11441e-05
0.115558 	0.00550525 	-8.20099e-05 	3.08928e-05
0.117059 	0.00552667 	-8.34897e-05 	3.05644e-05
0.118559 	0.00554729 	-8.52433e-05 	3.01898e-05
0.12006 	0.00556791 	-8.69969e-05 	2.98152e-05
0.121561 	0.00558853 	-8.87505e-05 	2.94406e-05
0.123062 	0.00560916 	-9.05041e-05 	2.90659e-05
0.124562 	0.00562978 	-9.22577e-05 	2.86913e-05
0.126063 	0.0056504 	-9.40113e-05 	2.83167e-05
0.127564 	0.00567102 	-9.57649e-05 	2.79421e-05
0.129065 	0.00569052 	-9.78826e-05 	2.75633e-05
0.130565 	0.00570933 	-0.000100223 	2.71819e-05
0.132066 	0.00572853 	-0.000101843 	2.69884e-05
0.133567 	0.00574805 	-0.000102902 	2.6941e-05
0.135068 	0.00576711 	-0.000104187 	2.6821e-05
0.136568 	0.00578512 	-0.000105998 	2.65303e-05
0.138069 	0.00580312 	-0.00010781 	2.62396e-05
0.13957 	0.00582113 	-0.000109622 	2.5949e-05
0.141071 	0.00583913 	-0.000111433 	2.56583e-05
0.142571 	0.00585713 	-0.000113245 	2.53677e-05
0.144072 	0.00587514 	-0.000115056 	2.5077e-05
0.145573 	0.00589314 	-0.000116868 	2.47864e-05
0.147074 	0.00591115 	-0.00011868 	2.44957e-05
0.148574 	0.00592792 	-0.000121133 	2.42783e-05
0.150075 	0.00594465 	-0.000123606 	2.40634e-05
0.151576 	0.00596181 	-0.000125225 	2.41241e-05
0.153077 	0.00597925 	-0.000126298 	2.43612e-05
0.154577 	0.00599667 	-0.000127381 	2.45938e-05
0.156078 	0.0060131 	-0.000129241 	2.44864e-05
0.157579 	0.00602952 	-0.0001311 	2.4379e-05
0.15908 	0.00604594 	-0.00013296 	2.42716e-05
0.16058 	0.00606237 	-0.00013482 	2.41642e-05
0.162081 	0.00607879 	-0.00013668 	2.40568e-05
0.163582 	0.00609522 	-0.00013854 	2.39494e-05
0.165083 	0.00611164 	-0.000140399 	2.3842e-05
0.166583 	0.00612806 	-0.000142259 	2.37346e-05
0.168084 	0.00614416 	-0.000144402 	2.36447e-05
0.169585 	0.00615974 	-0.000146991 	2.35822e-05
0.171086 	0.00617531 	-0.000149579 	2.35197e-05
0.172586 	0.00619133 	-0.000151127 	2.38543e-05
0.174087 	0.00620756 	-0.000152197 	2.43711e-05
0.175588 	0.00622378 	-0.000153267 	2.48879e-05
0.177089 	0.00623951 	-0.000154938 	2.5081e-05
0.178589 	0.00625502 	-0.000156856 	2.51407e-05
0.18009 	0.00627053 	-0.000158774 	2.52004e-05
0.181591 	0.00628604 	-0.000160693 	2.52602e-05
0.183092 	0.00630156 	-0.000162611 	2.53199e-05
0.184592 	0.00631707 	-0.000164529 	2.53796e-05
0.186093 	0.00633258 	-0.000166448 	2.54393e-05
0.187594 	0.00634809 	-0.000168366 	2.5499e-05
0.189095 	0.00636361 	-0.000170284 	2.55587e-05
0.190595 	0.00637863 	-0.000172839 	2.548e-05
0.192096 	0.00639354 	-0.000175526 	2.53724e-05
0.193597 	0.00640846 	-0.000178213 	2.52648e-05
0.195098 	0.00642386 	-0.000179784 	2.56834e-05
0.196598 	0.00643944 	-0.000180948 	2.62936e-05
0.198099 	0.00645502 	-0.000182112 	2.69038e-05
0.1996 	0.0064704 	-0.00018354 	2.73613e-05
0.201101 	0.00648538 	-0.000185523 	2.74969e-05
0.202601 	0.00650036 	-0.000187506 	2.76326e-05
0.204102 	0.00651534 	-0.00018949 	2.77682e-05
0.205603 	0.00653032 	-0.000191473 	2.79038e-05
0.207104 	0.0065453 	-0.000193456 	2.80394e-05
0.208604 	0.00656027 	-0.000195439 	2.8175e-05
0.210105 	0.00657525 	-0.000197423 	2.83106e-05
0.211606 	0.00659023 	-0.000199406 	2.84462e-05
0.213107 	0.00660509 	-0.000201548 	2.84815e-05
0.214607 	0.00661957 	-0.000204205 	2.81917e-05
0.216108 	0.00663404 	-0.000206863 	2.79019e-05
0.217609 	0.00664851 	-0.00020952 	2.76121e-05
0.21911 	0.00666344 	-0.000211245 	2.77711e-05
0.22061 	0.00667858 	-0.000212563 	2.81261e-05
0.222111 	0.00669371 	-0.000213881 	2.84811e-05
0.223612 	0.00670884 	-0.000215199 	2.88361e-05
0.225113 	0.00672359 	-0.000217082 	2.89781e-05
0.226613 	0.00673824 	-0.000219114 	2.90637e-05
0.228114 	0.00675289 	-0.000221147 	2.91492e-05
0.229615 	0.00676754 	-0.000223179 	2.92348e-05
0.231116 	0.00678218 	-0.000225212 	2.93203e-05
0.232616 	0.00679683 	-0.000227244 	2.94058e-05
0.234117 	0.00681148 	-0.000229276 	2.94914e-05
0.235618 	0.00682613 	-0.000231309 	2.95769e-05
0.237119 	0.00684078 	-0.000233341 	2.96625e-05
0.238619 	0.00685522 	-0.000235661 	2.95153e-05
0.24012 	0.0068695 	-0.000238204 	2.91875e-05
0.241621 	0.00688378 	-0.000240748 	2.88597e-05
0.243122 	0.00689806 	-0.000243291 	2.85319e-05
0.244622 	0.00691258 	-0.000245314 	2.83798e-05
0.246123 	0.00692734 	-0.000246852 	2.83911e-05
0.247624 	0.00694209 	-0.000248391 	2.84024e-05
0.249125 	0.00695685 	-0.00024993 	2.84137e-05
0.250625 	0.00697158 	-0.000251497 	2.84208e-05
0.252126 	0.00698603 	-0.000253573 	2.83501e-05
0.253627 	0.00700048 	-0.00025565 	2.82794e-05
0.255128 	0.00701493 	-0.000257727 	2.82086e-05
0.256628 	0.00702938 	-0.000259804 	2.81379e-05
0.258129 	0.00704383 	-0.000261881 	2.80671e-05
0.25963 	0.00705828 	-0.000263958 	2.79964e-05
0.261131 	0.00707273 	-0.000266035 	2.79257e-05
0.262631 	0.00708718 	-0.000268112 	2.78549e-05
0.264132 	0.00710163 	-0.000270189 	2.77842e-05
0.265633 	0.00711592 	-0.000272486 	2.76097e-05
0.267134 	0.00713016 	-0.000274853 	2.74025e-05
0.268634 	0.0071444 	-0.00027722 	2.71953e-05
0.270135 	0.00715864 	-0.000279587 	2.69881e-05
0.271636 	0.0071729 	-0.000281872 	2.68044e-05
0.273137 	0.00718734 	-0.000283669 	2.67609e-05
0.274637 	0.00720177 	-0.000285465 	2.67174e-05
0.276138 	0.00721621 	-0.000287262 	2.66739e-05
0.277639 	0.00723064 	-0.000289059 	2.66305e-05
0.27914 	0.00724507 	-0.000290867 	2.65778e-05
0.28064 	0.00725946 	-0.000292952 	2.63147e-05
0.282141 	0.00727385 	-0.000295036 	2.60515e-05
0.283642 	0.00728824 	-0.000297121 	2.57884e-05
0.285143 	0.00730263 	-0.000299206 	2.55253e-05
0.286643 	0.00731701 	-0.00030129 	2.52622e-05
0.288144 	0.0073314 	-0.000303375 	2.49991e-05
0.289645 	0.00734579 	-0.00030546 	2.4736e-05
0.291146 	0.00736018 	-0.000307544 	2.44729e-05
0.292646 	0.00737457 	-0.000309629 	2.42098e-05
0.294147 	0.00738887 	-0.00031173 	2.38821e-05
0.295648 	0.00740314 	-0.000313836 	2.35361e-05
0.297149 	0.00741741 	-0.000315941 	2.31901e-05
0.298649 	0.00743169 	-0.000318047 	2.28441e-05
0.30015 	0.00744596 	-0.000320153 	2.24981e-05
0.301651 	0.00746023 	-0.00032217 	2.22337e-05
0.303152 	0.00747448 	-0.000324104 	2.20453e-05
0.304652 	0.00748874 	-0.000326039 	2.18569e-05
0.306153 	0.007503 	-0.000327973 	2.16685e-05
0.307654 	0.00751725 	-0.000329907 	2.14801e-05
0.309155 	0.00753151 	-0.000331842 	2.12917e-05
0.310655 	0.00754591 	-0.000333849 	2.10326e-05
0.312156 	0.00756037 	-0.000335888 	2.07431e-05
0.313657 	0.00757483 	-0.000337928 	2.04536e-05
0.315158 	0.00758929 	-0.000339967 	2.01641e-05
0.316658 	0.00760376 	-0.000342006 	1.98746e-05
0.318159 	0.00761822 	-0.000344045 	1.95851e-05
0.31966 	0.00763268 	-0.000346084 	1.92956e-05
0.321161 	0.00764714 	-0.000348123 	1.90061e-05
0.322661 	0.0076616 	-0.000350162 	1.87166e-05
0.324162 	0.0076761 	-0.000352107 	1.84412e-05
0.325663 	0.00769061 	-0.000353982 	1.81762e-05
0.327164 	0.00770513 	-0.000355857 	1.79112e-05
0.328664 	0.00771965 	-0.000357733 	1.76461e-05
0.330165 	0.00773417 	-0.000359608 	1.73811e-05
0.331666 	0.00774869 	-0.000361483 	1.71161e-05
0.333167 	0.00776307 	-0.000363391 	1.68968e-05
0.334667 	0.00777736 	-0.000365322 	1.67095e-05
0.336168 	0.00779166 	-0.000367253 	1.65222e-05
0.337669 	0.00780595 	-0.000369184 	1.63348e-05
0.33917 	0.00782024 	-0.000371115 	1.61475e-05
0.34067 	0.00783454 	-0.000373047 	1.59602e-05
0.342171 	0.00784883 	-0.000374978 	1.57729e-05
0.343672 	0.00786341 	-0.000376919 	1.57248e-05
0.345173 	0.00787799 	-0.00037886 	1.5682e-05
0.346673 	0.00789258 	-0.000380801 	1.56393e-05
0.348174 	0.00790717 	-0.000382742 	1.55965e-05
0.349675 	0.00792176 	-0.000384683 	1.55537e-05
0.351176 	0.00793634 	-0.000386624 	1.5511e-05
0.352676 	0.00795093 	-0.000388566 	1.54682e-05
0.354177 	0.00796552 	-0.000390507 	1.54254e-05
0.355678 	0.00798014 	-0.000392422 	1.53938e-05
0.357179 	0.00799503 	-0.000394125 	1.54535e-05
0.358679 	0.00800992 	-0.000395828 	1.55133e-05
0.36018 	0.00802481 	-0.000397532 	1.55731e-05
0.361681 	0.00803971 	-0.000399235 	1.56329e-05
0.363182 	0.0080546 	-0.000400938 	1.56926e-05
0.364682 	0.00806949 	-0.000402641 	1.57524e-05
0.366183 	0.00808418 	-0.000404381 	1.5848e-05
0.367684 	0.00809845 	-0.000406205 	1.60243e-05
0.369185 	0.00811271 	-0.000408029 	1.62007e-05
0.370685 	0.00812697 	-0.000409853 	1.6377e-05
0.372186 	0.00814123 	-0.000411677 	1.65533e-05
0.373687 	0.0081555 	-0.0004135 	1.67296e-05
0.375188 	0.00816976 	-0.000415324 	1.69059e-05
0.376688 	0.00818402 	-0.000417148 	1.70823e-05
0.378189 	0.00819886 	-0.000418996 	1.72943e-05
0.37969 	0.00821386 	-0.000420851 	1.75166e-05
0.381191 	0.00822887 	-0.000422706 	1.77389e-05
0.382691 	0.00824387 	-0.00042456 	1.79611e-05
0.384192 	0.00825887 	-0.000426415 	1.81834e-05
0.385693 	0.00827387 	-0.00042827 	1.84057e-05
0.387194 	0.00828888 	-0.000430124 	1.8628e-05
0.388694 	0.00830388 	-0.000431979 	1.88502e-05
0.390195 	0.0083192 	-0.000433784 	1.90624e-05
0.391696 	0.00833514 	-0.00043549 	1.92546e-05
0.393197 	0.00835108 	-0.000437196 	1.94469e-05
0.394697 	0.00836703 	-0.000438902 	1.96392e-05
0.396198 	0.00838297 	-0.000440608 	1.98314e-05
0.397699 	0.00839891 	-0.000442314 	2.00237e-05
0.3992 	0.00841485 	-0.00044402 	2.0216e-05
0.4007 	0.00843079 	-0.000445726 	2.04082e-05
0.402201 	0.00844607 	-0.000447553 	2.0867e-05
0.403702 	0.00846095 	-0.000449452 	2.14826e-05
0.405203 	0.00847584 	-0.000451351 	2.20981e-05
0.406703 	0.00849072 	-0.00045325 	2.27137e-05
0.408204 	0.00850561 	-0.00045515 	2.33293e-05
0.409705 	0.00852049 	-0.000457049 	2.39448e-05
0.411206 	0.00853538 	-0.000458948 	2.45604e-05
0.412706 	0.00855026 	-0.000460847 	2.51759e-05
0.414207 	0.00856522 	-0.00046274 	2.57618e-05
0.415708 	0.00858097 	-0.000464577 	2.60419e-05
0.417209 	0.00859672 	-0.000466413 	2.63219e-05
0.418709 	0.00861248 	-0.000468249 	2.6602e-05
0.42021 	0.00862823 	-0.000470086 	2.68821e-05
0.421711 	0.00864398 	-0.000471922 	2.71622e-05
0.423212 	0.00865973 	-0.000473758 	2.74423e-05
0.424712 	0.00867548 	-0.000475595 	2.77224e-05
0.426213 	0.00869105 	-0.000477338 	2.79293e-05
0.427714 	0.00870601 	-0.000478777 	2.78951e-05
0.429215 	0.00872098 	-0.000480216 	2.78608e-05
0.430715 	0.00873594 	-0.000481655 	2.78265e-05
0.432216 	0.00875091 	-0.000483094 	2.77922e-05
0.433717 	0.00876587 	-0.000484532 	2.77579e-05
0.435218 	0.00878084 	-0.000485971 	2.77237e-05
0.436718 	0.0087958 	-0.00048741 	2.76894e-05
0.438219 	0.00881077 	-0.000488849 	2.76551e-05
0.43972 	0.00882688 	-0.000490609 	2.80078e-05
0.441221 	0.00884407 	-0.000492671 	2.87249e-05
0.442721 	0.00886127 	-0.000494734 	2.94421e-05
0.444222 	0.00887847 	-0.000496796 	3.01592e-05
0.445723 	0.00889566 	-0.000498859 	3.08763e-05
0.447224 	0.00891286 	-0.000500921 	3.15935e-05
0.448724 	0.00893005 	-0.000502984 	3.23106e-05
0.450225 	0.00894725 	-0.000505047 	3.30277e-05
0.451726 	0.00896444 	-0.000507109 	3.37449e-05
0.453227 	0.00898164 	-0.000509172 	3.4462e-05
0.454727 	0.00899703 	-0.000510902 	3.4746e-05
0.456228 	0.0090121 	-0.000512573 	3.49534e-05
0.457729 	0.00902718 	-0.000514244 	3.51608e-05
0.45923 	0.00904225 	-0.000515915 	3.53682e-05
0.46073 	0.00905733 	-0.000517587 	3.55756e-05
0.462231 	0.0090724 	-0.000519258 	3.5783e-05
0.463732 	0.00908748 	-0.000520929 	3.59904e-05
0.465233 	0.00909953 	-0.00052203 	3.59091e-05
0.466733 	0.00911064 	-0.000522957 	3.57393e-05
0.468234 	0.00912176 	-0.000523883 	3.55695e-05
0.469735 	0.00913288 	-0.00052481 	3.53996e-05
0.471236 	0.009144 	-0.000525736 	3.52298e-05
0.472736 	0.00915512 	-0.000526662 	3.50599e-05
0.474237 	0.00916624 	-0.000527589 	3.48901e-05
0.475738 	0.00917736 	-0.000528515 	3.47202e-05
0.477239 	0.00918847 	-0.000529442 	3.45504e-05
0.478739 	0.00919959 	-0.000530368 	3.43805e-05
0.48024 	0.00921105 	-0.000531648 	3.4786e-05
0.481741 	0.00922253 	-0.000532954 	3.52343e-05
0.483242 	0.00923401 	-0.00053426 	3.56827e-05
0.484742 	0.00924549 	-0.000535566 	3.61311e-05
0.486243 	0.00925697 	-0.000536872 	3.65795e-05
0.487744 	0.00926846 	-0.000538178 	3.70279e-05
0.489245 	0.00927994 	-0.000539484 	3.74763e-05
0.490745 	0.00929142 	-0.00054079 	3.79247e-05
0.492246 	0.0093029 	-0.000542096 	3.83731e-05
0.493747 	0.00931438 	-0.000543402 	3.88215e-05
0.495248 	0.00932592 	-0.000544711 	3.92642e-05
0.496748 	0.00934 	-0.000546154 	3.94374e-05
0.498249 	0.00935409 	-0.000547596 	3.96106e-05
0.49975 	0.00936818 	-0.000549039 	3.97837e-05
0.501251 	0.00938227 	-0.000550482 	3.99569e-05
0.502751 	0.00939636 	-0.000551925 	4.01301e-05
0.504252 	0.00941045 	-0.000553368 	4.03033e-05
0.505753 	0.00942811 	-0.000554926 	4.03901e-05
0.507254 	0.0094461 	-0.000556496 	4.04691e-05
0.508754 	0.00946409 	-0.000558065 	4.0548e-05
0.510255 	0.00948208 	-0.000559635 	4.06269e-05
0.511756 	0.00950006 	-0.000561204 	4.07058e-05
0.513257 	0.00951805 	-0.000562774 	4.07847e-05
0.514757 	0.00953604 	-0.000564343 	4.08637e-05
0.516258 	0.00955403 	-0.000565912 	4.09426e-05
0.517759 	0.00957202 	-0.000567482 	4.10215e-05
0.51926 	0.00959001 	-0.000569051 	4.11004e-05
0.52076 	0.009608 	-0.000570621 	4.11793e-05
0.522261 	0.00962368 	-0.000572226 	4.15564e-05
0.523762 	0.00963895 	-0.000573838 	4.19859e-05
0.525263 	0.00965422 	-0.00057545 	4.24155e-05
0.526763 	0.0096695 	-0.000577062 	4.28451e-05
0.528264 	0.00968477 	-0.000578673 	4.32746e-05
0.529765 	0.00970004 	-0.000580285 	4.37042e-05
0.531266 	0.00971532 	-0.000581897 	4.41338e-05
0.532766 	0.00973059 	-0.000583509 	4.45633e-05
0.534267 	0.00974586 	-0.000585121 	4.49929e-05
0.535768 	0.00976114 	-0.000586733 	4.54225e-05
0.537269 	0.00977641 	-0.000588344 	4.5852e-05
0.538769 	0.00979168 	-0.000589956 	4.62816e-05
0.54027 	0.0098073 	-0.000591472 	4.65539e-05
0.541771 	0.00982318 	-0.000592916 	4.67069e-05
0.543272 	0.00983905 	-0.000594359 	4.686e-05
0.544772 	0.00985493 	-0.000595802 	4.70131e-05
0.546273 	0.00987081 	-0.000597246 	4.71661e-05
0.547774 	0.00988788 	-0.000598577 	4.71798e-05
0.549275 	0.00990555 	-0.000599852 	4.71253e-05
0.550775 	0.00992322 	-0.000601128 	4.70708e-05
0.552276 	0.00994089 	-0.000602404 	4.70162e-05
0.553777 	0.00995855 	-0.00060368 	4.69617e-05
0.555278 	0.00997622 	-0.000604955 	4.69071e-05
0.556778 	0.00999389 	-0.000606231 	4.68526e-05
0.558279 	0.0100116 	-0.000607507 	4.67981e-05
0.55978 	0.0100292 	-0.000608783 	4.67435e-05
0.561281 	0.0100469 	-0.000610059 	4.6689e-05
0.562781 	0.0100646 	-0.000611334 	4.66345e-05
0.564282 	0.0100822 	-0.00061261 	4.65799e-05
0.565783 	0.0100998 	-0.000613947 	4.65913e-05
0.567284 	0.0101169 	-0.000615461 	4.67937e-05
0.568784 	0.010134 	-0.000616974 	4.6996e-05
0.570285 	0.0101511 	-0.000618488 	4.71983e-05
0.571786 	0.0101682 	-0.000620001 	4.74006e-05
0.573287 	0.0101853 	-0.000621515 	4.76029e-05
0.574787 	0.0102024 	-0.000623029 	4.78052e-05
0.576288 	0.0102195 	-0.000624542 	4.80075e-05
0.577789 	0.0102366 	-0.000626056 	4.82098e-05
0.57929 	0.0102537 	-0.00062757 	4.84121e-05
0.58079 	0.0102709 	-0.000629083 	4.86144e-05
0.582291 	0.010288 	-0.000630597 	4.88167e-05
0.583792 	0.0103051 	-0.00063211 	4.9019e-05
0.585293 	0.0103222 	-0.000633624 	4.92213e-05
0.586793 	0.0103396 	-0.000635087 	4.93484e-05
0.588294 	0.0103574 	-0.000636493 	4.93916e-05
0.589795 	0.0103752 	-0.000637899 	4.94348e-05
0.591296 	0.0103929 	-0.000639297 	4.94722e-05
0.592796 	0.0104113 	-0.000640413 	4.93072e-05
0.594297 	0.0104297 	-0.000641528 	4.91422e-05
0.595798 	0.0104481 	-0.000642643 	4.89772e-05
0.597299 	0.0104665 	-0.000643759 	4.88122e-05
0.598799 	0.0104848 	-0.000644874 	4.86473e-05
0.6003 	0.0105032 	-0.00064599 	4.84823e-05
0.601801 	0.0105216 	-0.000647105 	4.83173e-05
0.603302 	0.01054 	-0.000648221 	4.81523e-05
0.604802 	0.0105584 	-0.000649336 	4.79874e-05
0.606303 	0.0105767 	-0.000650452 	4.78224e-05
0.607804 	0.0105951 	-0.000651567 	4.76574e-05
0.609305 	0.0106135 	-0.000652683 	4.74924e-05
0.610805 	0.0106319 	-0.000653798 	4.73275e-05
0.612306 	0.0106502 	-0.000654919 	4.71865e-05
0.613807 	0.0106681 	-0.000656069 	4.71895e-05
0.615308 	0.010686 	-0.000657219 	4.71924e-05
0.616808 	0.0107039 	-0.000658369 	4.71954e-05
0.618309 	0.0107218 	-0.000659519 	4.71984e-05
0.61981 	0.0107397 	-0.000660669 	4.72013e-05
0.621311 	0.0107577 	-0.000661819 	4.72043e-05
0.622811 	0.0107756 	-0.000662969 	4.72073e-05
0.624312 	0.0107935 	-0.00066412 	4.72102e-05
0.625813 	0.0108114 	-0.00066527 	4.72132e-05
0.627314 	0.0108293 	-0.00066642 	4.72162e-05
0.628814 	0.0108472 	-0.00066757 	4.72191e-05
0.630315 	0.0108651 	-0.00066872 	4.72221e-05
0.631816 	0.010883 	-0.00066987 	4.72251e-05
0.633317 	0.010901 	-0.00067102 	4.7228e-05
0.634817 	0.0109189 	-0.00067217 	4.7231e-05
0.636318 	0.0109372 	-0.000673387 	4.71452e-05
0.637819 	0.0109557 	-0.000674629 	4.70251e-05
0.63932 	0.0109748 	-0.000675716 	4.67178e-05
0.64082 	0.0109939 	-0.000676802 	4.64089e-05
0.642321 	0.0110129 	-0.000677888 	4.61e-05
0.643822 	0.011032 	-0.000678975 	4.57911e-05
0.645323 	0.011051 	-0.000680061 	4.54822e-05
0.646823 	0.0110701 	-0.000681147 	4.51733e-05
0.648324 	0.0110892 	-0.000682233 	4.48644e-05
0.649825 	0.0111082 	-0.000683319 	4.45554e-05
0.651326 	0.0111273 	-0.000684405 	4.42465e-05
0.652826 	0.0111464 	-0.000685491 	4.39376e-05
0.654327 	0.0111654 	-0.000686577 	4.36287e-05
0.655828 	0.0111845 	-0.000687663 	4.33198e-05
0.657329 	0.0112036 	-0.000688749 	4.30109e-05
0.658829 	0.0112226 	-0.000689835 	4.27019e-05
0.66033 	0.0112417 	-0.000690921 	4.2393e-05
0.661831 	0.0112605 	-0.000691913 	4.21612e-05
0.663332 	0.011279 	-0.000692815 	4.20026e-05
0.664832 	0.0112975 	-0.000693718 	4.1844e-05
0.666333 	0.011316 	-0.00069462 	4.16853e-05
0.667834 	0.0113345 	-0.000695522 	4.15267e-05
0.669335 	0.011353 	-0.000696425 	4.13681e-05
0.670835 	0.0113714 	-0.000697327 	4.12095e-05
0.672336 	0.0113899 	-0.000698229 	4.10509e-05
0.673837 	0.0114084 	-0.000699131 	4.08923e-05
0.675338 	0.0114269 	-0.000700034 	4.07337e-05
0.676838 	0.0114454 	-0.000700936 	4.05751e-05
0.678339 	0.0114639 	-0.000701838 	4.04165e-05
0.67984 	0.0114824 	-0.000702741 	4.02579e-05
0.681341 	0.0115009 	-0.000703643 	4.00993e-05
0.682841 	0.0115194 	-0.000704545 	3.99406e-05
0.684342 	0.0115379 	-0.000705447 	3.9782e-05
0.685843 	0.0115564 	-0.00070635 	3.96234e-05
0.687344 	0.0115756 	-0.000707257 	3.94762e-05
0.688844 	0.0115955 	-0.000708231 	3.93616e-05
0.690345 	0.0116155 	-0.000709204 	3.92469e-05
0.691846 	0.0116355 	-0.000710177 	3.91323e-05
0.693347 	0.0116554 	-0.000711151 	3.90176e-05
0.694847 	0.0116754 	-0.000712124 	3.8903e-05
0.696348 	0.0116953 	-0.000713098 	3.87883e-05
0.697849 	0.0117153 	-0.000714071 	3.86737e-05
0.69935 	0.0117353 	-0.000715044 	3.8559e-05
0.70085 	0.0117552 	-0.000716018 	3.84444e-05
0.702351 	0.0117752 	-0.000716991 	3.83297e-05
0.703852 	0.0117952 	-0.000717965 	3.82151e-05
0.705353 	0.0118151 	-0.000718938 	3.81004e-05
0.706853 	0.0118351 	-0.000719911 	3.79858e-05
0.708354 	0.011855 	-0.000720885 	3.78711e-05
0.709855 	0.011875 	-0.000721858 	3.77565e-05
0.711356 	0.011895 	-0.000722831 	3.76418e-05
0.712856 	0.0119145 	-0.000723714 	3.75853e-05
0.714357 	0.0119334 	-0.000724451 	3.76229e-05
0.715858 	0.0119523 	-0.000725187 	3.76606e-05
0.717359 	0.0119712 	-0.000725924 	3.76982e-05
0.718859 	0.0119901 	-0.00072666 	3.77358e-05
0.72036 	0.0120089 	-0.000727396 	3.77735e-05
0.721861 	0.0120278 	-0.000728133 	3.78111e-05
0.723362 	0.0120467 	-0.000728869 	3.78488e-05
0.724862 	0.0120656 	-0.000729606 	3.78864e-05
0.726363 	0.0120845 	-0.000730342 	3.7924e-05
0.727864 	0.0121034 	-0.000731078 	3.79617e-05
0.729365 	0.0121222 	-0.000731815 	3.79993e-05
0.730865 	0.0121411 	-0.000732551 	3.8037e-05
0.732366 	0.01216 	-0.000733288 	3.80746e-05
0.733867 	0.0121789 	-0.000734024 	3.81122e-05
0.735368 	0.0121978 	-0.00073476 	3.81499e-05
0.736868 	0.0122167 	-0.000735497 	3.81875e-05
0.738369 	0.0122345 	-0.000736128 	3.80068e-05
0.73987 	0.0122521 	-0.000736734 	3.77737e-05
0.741371 	0.01227 	-0.000737356 	3.74651e-05
0.742871 	0.0122885 	-0.000738022 	3.69601e-05
0.744372 	0.0123071 	-0.000738688 	3.64551e-05
0.745873 	0.0123256 	-0.000739354 	3.59501e-05
0.747374 	0.0123442 	-0.00074002 	3.54451e-05
0.748874 	0.0123627 	-0.000740686 	3.49401e-05
0.750375 	0.0123813 	-0.000741352 	3.44351e-05
0.751876 	0.0123999 	-0.000742018 	3.39301e-05
0.753377 	0.0124184 	-0.000742684 	3.34251e-05
0.754877 	0.012437 	-0.00074335 	3.29201e-05
0.756378 	0.0124555 	-0.000744016 	3.24151e-05
0.757879 	0.0124741 	-0.000744681 	3.19101e-05
0.75938 	0.0124926 	-0.000745347 	3.14051e-05
0.76088 	0.0125112 	-0.000746013 	3.09001e-05
0.762381 	0.0125297 	-0.000746679 	3.03951e-05
0.763882 	0.0125483 	-0.000747345 	2.98901e-05
0.765383 	0.0125668 	-0.000748011 	2.93851e-05
0.766883 	0.0125876 	-0.000748645 	2.89703e-05
0.768384 	0.012609 	-0.000749269 	2.85811e-05
0.769885 	0.0126303 	-0.000749893 	2.81919e-05
0.771386 	0.0126517 	-0.000750517 	2.78027e-05
0.772886 	0.0126731 	-0.000751141 	2.74136e-05
0.774387 	0.0126945 	-0.000751765 	2.70244e-05
0.775888 	0.0127159 	-0.000752389 	2.66352e-05
0.777389 	0.0127373 	-0.000753013 	2.6246e-05
0.778889 	0.0127587 	-0.000753637 	2.58568e-05
0.78039 	0.0127801 	-0.000754261 	2.54677e-05
0.781891 	0.0128015 	-0.000754885 	2.50785e-05
0.783392 	0.0128228 	-0.000755509 	2.46893e-05
0.784892 	0.0128442 	-0.000756133 	2.43001e-05
0.786393 	0.0128656 	-0.000756757 	2.3911e-05
0.787894 	0.012887 	-0.000757381 	2.35218e-05
0.789395 	0.0129084 	-0.000758005 	2.31326e-05
0.790895 	0.012926 	-0.000758438 	2.27838e-05
0.792396 	0.0129422 	-0.000758797 	2.24507e-05
0.793897 	0.0129584 	-0.000759156 	2.21175e-05
0.795398 	0.0129745 	-0.000759515 	2.17844e-05
0.796898 	0.0129907 	-0.000759874 	2.14512e-05
0.798399 	0.0130041 	-0.000760139 	2.11069e-05
0.7999 	0.013016 	-0.00076035 	2.07563e-05
0.801401 	0.0130279 	-0.000760561 	2.04057e-05
0.802901 	0.0130399 	-0.000760772 	2.0055e-05
0.804402 	0.0130518 	-0.000760983 	1.97044e-05
0.805903 	0.0130637 	-0.000761194 	1.93537e-05
0.807404 	0.0130756 	-0.000761405 	1.90031e-05
0.808904 	0.0130875 	-0.000761616 	1.86524e-05
0.810405 	0.0130994 	-0.000761827 	1.83018e-05
0.811906 	0.0131113 	-0.000762038 	1.79511e-05
0.813407 	0.0131232 	-0.000762249 	1.76005e-05
0.814907 	0.0131351 	-0.00076246 	1.72499e-05
0.816408 	0.013147 	-0.000762671 	1.68992e-05
0.817909 	0.0131589 	-0.000762883 	1.65486e-05
0.81941 	0.0131708 	-0.000763094 	1.61979e-05
0.82091 	0.0131827 	-0.000763305 	1.58473e-05
0.822411 	0.0131969 	-0.000763536 	1.56112e-05
0.823912 	0.013212 	-0.000763774 	1.54142e-05
0.825413 	0.013227 	-0.000764012 	1.52173e-05
0.826913 	0.0132421 	-0.00076425 	1.50203e-05
0.828414 	0.0132571 	-0.000764488 	1.48233e-05
0.829915 	0.0132722 	-0.000764726 	1.46263e-05
0.831416 	0.0132872 	-0.000764964 	1.44293e-05
0.832916 	0.0133023 	-0.000765202 	1.42323e-05
0.834417 	0.0133173 	-0.00076544 	1.40353e-05
0.835918 	0.0133324 	-0.000765678 	1.38383e-05
0.837419 	0.0133474 	-0.000765916 	1.36413e-05
0.838919 	0.0133625 	-0.000766154 	1.34443e-05
0.84042 	0.0133775 	-0.000766393 	1.32473e-05
0.841921 	0.0133926 	-0.000766631 	1.30504e-05
0.843422 	0.0134077 	-0.000766869 	1.28534e-05
0.844922 	0.0134241 	-0.000767095 	1.2648e-05
0.846423 	0.0134429 	-0.000767302 	1.24286e-05
0.847924 	0.0134617 	-0.000767509 	1.22091e-05
0.849425 	0.0134805 	-0.000767716 	1.19896e-05
0.850925 	0.0134993 	-0.000767923 	1.17701e-05
0.852426 	0.0135181 	-0.000768129 	1.15506e-05
0.853927 	0.0135369 	-0.000768336 	1.13311e-05
0.855428 	0.0135557 	-0.000768543 	1.11117e-05
0.856928 	0.0135754 	-0.000768758 	1.08376e-05
0.858429 	0.0135963 	-0.000768984 	1.04946e-05
0.85993 	0.0136172 	-0.00076921 	1.01515e-05
0.861431 	0.0136381 	-0.000769436 	9.80843e-06
0.862931 	0.013659 	-0.000769661 	9.46536e-06
0.864432 	0.0136799 	-0.000769887 	9.12229e-06
0.865933 	0.0137008 	-0.000770113 	8.77921e-06
0.867434 	0.0137217 	-0.000770339 	8.43614e-06
0.868934 	0.0137426 	-0.000770565 	8.09307e-06
0.870435 	0.0137635 	-0.000770791 	7.75e-06
0.871936 	0.0137844 	-0.000771016 	7.40692e-06
0.873437 	0.0138052 	-0.000771242 	7.06385e-06
0.874937 	0.0138261 	-0.000771468 	6.72078e-06
0.876438 	0.013847 	-0.000771694 	6.37771e-06
0.877939 	0.0138679 	-0.00077192 	6.03464e-06
0.87944 	0.0138886 	-0.000772113 	5.79335e-06
0.88094 	0.0139088 	-0.000772244 	5.74845e-06
0.882441 	0.013929 	-0.000772374 	5.70354e-06
0.883942 	0.0139492 	-0.000772505 	5.65864e-06
0.885443 	0.0139695 	-0.000772636 	5.61373e-06
0.886943 	0.0139897 	-0.000772766 	5.56882e-06
0.888444 	0.0140099 	-0.000772897 	5.52392e-06
0.889945 	0.0140301 	-0.000773028 	5.47901e-06
0.891446 	0.0140503 	-0.000773158 	5.43411e-06
0.892946 	0.0140705 	-0.000773289 	5.3892e-06
0.894447 	0.0140908 	-0.00077342 	5.3443e-06
0.895948 	0.014111 	-0.00077355 	5.29939e-06
0.897449 	0.0141312 	-0.000773681 	5.25449e-06
0.898949 	0.0141514 	-0.000773812 	5.20958e-06
0.90045 	0.0141716 	-0.000773942 	5.16468e-06
0.901951 	0.0141923 	-0.000774008 	4.94636e-06
0.903452 	0.0142131 	-0.000774059 	4.68796e-06
0.904952 	0.0142339 	-0.00077411 	4.42955e-06
0.906453 	0.0142547 	-0.00077416 	4.17115e-06
0.907954 	0.0142755 	-0.000774211 	3.91274e-06
0.909455 	0.0142963 	-0.000774262 	3.65434e-06
0.910955 	0.0143171 	-0.000774312 	3.39594e-06
0.912456 	0.0143379 	-0.000774363 	3.13753e-06
0.913957 	0.0143587 	-0.000774414 	2.87913e-06
0.915458 	0.0143795 	-0.000774465 	2.62072e-06
0.916958 	0.0144003 	-0.000774515 	2.36232e-06
0.918459 	0.0144215 	-0.000774549 	1.87853e-06
0.91996 	0.0144427 	-0.000774577 	1.32523e-06
0.921461 	0.014464 	-0.000774604 	7.71921e-07
0.922961 	0.0144853 	-0.000774632 	2.18616e-07
0.924462 	0.0145066 	-0.00077466 	-3.34688e-07
0.925963 	0.0145278 	-0.000774688 	-8.87993e-07
0.927464 	0.0145491 	-0.000774716 	-1.4413e-06
0.928964 	0.0145704 	-0.000774744 	-1.9946e-06
0.930465 	0.0145917 	-0.000774772 	-2.54791e-06
0.931966 	0.0146129 	-0.0007748 	-3.10121e-06
0.933467 	0.0146342 	-0.000774827 	-3.65452e-06
0.934967 	0.0146555 	-0.000774855 	-4.20782e-06
0.936468 	0.0146768 	-0.000774883 	-4.76113e-06
0.937969 	0.014698 	-0.000774911 	-5.31443e-06
0.93947 	0.0147189 	-0.000774872 	-5.70675e-06
0.94097 	0.0147396 	-0.000774795 	-6.00735e-06
0.942471 	0.0147602 	-0.000774718 	-6.30794e-06
0.943972 	0.0147808 	-0.000774641 	-6.60853e-06
0.945473 	0.0148015 	-0.000774564 	-6.90913e-06
0.946973 	0.0148221 	-0.000774487 	-7.20972e-06
0.948474 	0.0148428 	-0.00077441 	-7.51031e-06
0.949975 	0.0148634 	-0.000774333 	-7.81091e-06
0.951476 	0.014884 	-0.000774256 	-8.1115e-06
0.952976 	0.0149047 	-0.000774179 	-8.41209e-06
0.954477 	0.0149253 	-0.000774102 	-8.71269e-06
0.955978 	0.014946 	-0.000774025 	-9.01328e-06
0.957479 	0.0149666 	-0.000773948 	-9.31387e-06
0.958979 	0.0149873 	-0.000773917 	-9.63482e-06
0.96048 	0.0150084 	-0.000774225 	-1.01051e-05
0.961981 	0.0150296 	-0.000774534 	-1.05753e-05
0.963482 	0.0150507 	-0.000774842 	-1.10455e-05
0.964982 	0.0150719 	-0.00077515 	-1.15158e-05
0.966483 	0.015093 	-0.000775459 	-1.1986e-05
0.967984 	0.0151142 	-0.000775767 	-1.24562e-05
0.969485 	0.0151353 	-0.000776075 	-1.29265e-05
0.970985 	0.0151565 	-0.000776384 	-1.33967e-05
0.972486 	0.0151776 	-0.000776692 	-1.38669e-05
0.973987 	0.0151988 	-0.000777 	-1.43372e-05
0.975488 	0.0152199 	-0.000777309 	-1.48074e-05
0.976988 	0.0152411 	-0.000777617 	-1.52776e-05
0.978489 	0.0152622 	-0.000777925 	-1.57479e-05
0.97999 	0.0152834 	-0.000778234 	-1.62181e-05
0.981491 	0.0153051 	-0.000778444 	-1.67571e-05
0.982991 	0.0153271 	-0.000778612 	-1.73268e-05
0.984492 	0.0153491 	-0.000778779 	-1.78964e-05
0.985993 	0.0153711 	-0.000778946 	-1.84661e-05
0.987494 	0.0153931 	-0.000779113 	-1.90357e-05
0.988994 	0.015415 	-0.00077928 	-1.96054e-05
0.990495 	0.015437 	-0.000779448 	-2.0175e-05
0.991996 	0.015459 	-0.000779615 	-2.07447e-05
0.993497 	0.015481 	-0.000779782 	-2.13143e-05
0.994997 	0.015503 	-0.000779949 	-2.1884e-05
0.996498 	0.015525 	-0.000780117 	-2.24536e-05
0.997999 	0.0155469 	-0.000780284 	-2.30233e-05
0.9995 	0.0155689 	-0.000780451 	-2.35929e-05
1.001 	0.0155905 	-0.0007799 	-2.405e-05
1.0025 	0.0156118 	-0.000779069 	-2.44632e-05
1.004 	0.0156332 	-0.000778239 	-2.48765e-05
1.0055 	0.0156546 	-0.000777408 	-2.52897e-05
1.007 	0.015676 	-0.000776577 	-2.5703e-05
1.0085 	0.0156974 	-0.000775747 	-2.61162e-05
1.01001 	0.0157187 	-0.000774916 	-2.65294e-05
1.01151 	0.0157401 	-0.000774085 	-2.69427e-05
1.01301 	0.0157615 	-0.000773255 	-2.73559e-05
1.01451 	0.0157829 	-0.000772424 	-2.77692e-05
1.01601 	0.0158042 	-0.000771593 	-2.81824e-05
1.01751 	0.0158256 	-0.000770763 	-2.85956e-05
1.01901 	0.0158462 	-0.000770273 	-2.89848e-05
1.02051 	0.0158654 	-0.000770346 	-2.93341e-05
1.02201 	0.0158846 	-0.00077042 	-2.96834e-05
1.02351 	0.0159038 	-0.000770494 	-3.00328e-05
1.02501 	0.015923 	-0.000770567 	-3.03821e-05
1.02651 	0.0159421 	-0.000770641 	-3.07314e-05
1.02801 	0.0159613 	-0.000770715 	-3.10807e-05
1.02951 	0.0159805 	-0.000770788 	-3.143e-05
1.03102 	0.0159997 	-0.000770862 	-3.17793e-05
1.03252 	0.0160189 	-0.000770936 	-3.21287e-05
1.03402 	0.0160381 	-0.000771009 	-3.2478e-05
1.03552 	0.0160573 	-0.000771083 	-3.28273e-05
1.03702 	0.0160765 	-0.000771157 	-3.31766e-05
1.03852 	0.0160957 	-0.00077123 	-3.35259e-05
1.04002 	0.0161149 	-0.000771304 	-3.38752e-05
1.04152 	0.0161341 	-0.000771378 	-3.42246e-05
1.04302 	0.0161533 	-0.000771451 	-3.45739e-05
1.04452 	0.0161725 	-0.000771525 	-3.49232e-05
1.04602 	0.0161919 	-0.000771692 	-3.52178e-05
1.04752 	0.0162116 	-0.000772049 	-3.54013e-05
1.04902 	0.0162313 	-0.000772406 	-3.55848e-05
1.05053 	0.016251 	-0.000772763 	-3.57682e-05
1.05203 	0.0162707 	-0.00077312 	-3.59517e-05
1.05353 	0.0162904 	-0.000773476 	-3.61351e-05
1.05503 	0.0163102 	-0.000773833 	-3.63186e-05
1.05653 	0.0163299 	-0.00077419 	-3.6502e-05
1.05803 	0.0163496 	-0.000774547 	-3.66855e-05
1.05953 	0.0163693 	-0.000774904 	-3.68689e-05
1.06103 	0.016389 	-0.000775261 	-3.70524e-05
1.06253 	0.0164088 	-0.000775618 	-3.72359e-05
1.06403 	0.0164313 	-0.000774608 	-3.73967e-05
1.06553 	0.016455 	-0.000772987 	-3.75475e-05
1.06703 	0.0164788 	-0.000771365 	-3.76982e-05
1.06853 	0.0165026 	-0.000769744 	-3.7849e-05
1.07004 	0.0165263 	-0.000768123 	-3.79997e-05
1.07154 	0.0165501 	-0.000766501 	-3.81505e-05
1.07304 	0.0165739 	-0.00076488 	-3.83012e-05
1.07454 	0.0165976 	-0.000763258 	-3.8452e-05
1.07604 	0.0166214 	-0.000761637 	-3.86027e-05
1.07754 	0.0166452 	-0.000760016 	-3.87534e-05
1.07904 	0.0166689 	-0.000758394 	-3.89042e-05
1.08054 	0.0166882 	-0.000757492 	-3.90247e-05
1.08204 	0.0167053 	-0.000756932 	-3.91306e-05
1.08354 	0.0167224 	-0.000756373 	-3.92366e-05
1.08504 	0.0167396 	-0.000755814 	-3.93426e-05
1.08654 	0.0167567 	-0.000755254 	-3.94486e-05
1.08804 	0.0167738 	-0.000754695 	-3.95546e-05
1.08954 	0.0167909 	-0.000754136 	-3.96606e-05
1.09105 	0.0168081 	-0.000753576 	-3.97666e-05
1.09255 	0.0168252 	-0.000753017 	-3.98725e-05
1.09405 	0.0168423 	-0.000752458 	-3.99785e-05
1.09555 	0.0168594 	-0.000751898 	-4.00845e-05
1.09705 	0.0168765 	-0.000751339 	-4.01905e-05
1.09855 	0.0168937 	-0.00075078 	-4.02965e-05
1.10005 	0.0169108 	-0.00075022 	-4.04025e-05
1.10155 	0.0169279 	-0.000749661 	-4.05085e-05
1.10305 	0.016945 	-0.000749102 	-4.06145e-05
1.10455 	0.0169622 	-0.000748542 	-4.07204e-05
1.10605 	0.0169793 	-0.000747983 	-4.08264e-05
1.10755 	0.0169964 	-0.000747424 	-4.09324e-05
1.10905 	0.0170135 	-0.000746864 	-4.10384e-05
1.11056 	0.0170307 	-0.000746305 	-4.11444e-05
1.11206 	0.0170478 	-0.000745746 	-4.12504e-05
1.11356 	0.0170616 	-0.000745897 	-4.12368e-05
1.11506 	0.0170746 	-0.000746224 	-4.11938e-05
1.11656 	0.0170877 	-0.00074655 	-4.11508e-05
1.11806 	0.0171007 	-0.000746877 	-4.11078e-05
1.11956 	0.0171137 	-0.000747204 	-4.10647e-05
1.12106 	0.0171267 	-0.00074753 	-4.10217e-05
1.12256 	0.0171397 	-0.000747857 	-4.09787e-05
1.12406 	0.0171528 	-0.000748183 	-4.09357e-05
1.12556 	0.0171658 	-0.00074851 	-4.08927e-05
1.12706 	0.0171788 	-0.000748837 	-4.08497e-05
1.12856 	0.0171922 	-0.000747984 	-4.08957e-05
1.13007 	0.0172057 	-0.000746539 	-4.09864e-05
1.13157 	0.0172193 	-0.000745094 	-4.10771e-05
1.13307 	0.0172329 	-0.000743649 	-4.11678e-05
1.13457 	0.0172464 	-0.000742204 	-4.12585e-05
1.13607 	0.01726 	-0.000740759 	-4.13492e-05
1.13757 	0.0172736 	-0.000739314 	-4.14399e-05
1.13907 	0.0172871 	-0.000737868 	-4.15306e-05
1.14057 	0.0173007 	-0.000736423 	-4.16213e-05
1.14207 	0.017315 	-0.000735052 	-4.17051e-05
1.14357 	0.0173345 	-0.000734197 	-4.17399e-05
1.14507 	0.0173539 	-0.000733342 	-4.17746e-05
1.14657 	0.0173734 	-0.000732488 	-4.18094e-05
1.14807 	0.0173928 	-0.000731633 	-4.18442e-05
1.14957 	0.0174123 	-0.000730778 	-4.1879e-05
1.15108 	0.0174317 	-0.000729924 	-4.19138e-05
1.15258 	0.0174512 	-0.000729069 	-4.19485e-05
1.15408 	0.0174706 	-0.000728214 	-4.19833e-05
1.15558 	0.0174901 	-0.000727359 	-4.20181e-05
1.15708 	0.0175095 	-0.000726505 	-4.20529e-05
1.15858 	0.017529 	-0.00072565 	-4.20876e-05
1.16008 	0.0175484 	-0.000724795 	-4.21224e-05
1.16158 	0.0175679 	-0.000723941 	-4.21572e-05
1.16308 	0.0175874 	-0.000723086 	-4.2192e-05
1.16458 	0.0176068 	-0.000722231 	-4.22267e-05
1.16608 	0.0176263 	-0.000721376 	-4.22615e-05
1.16758 	0.0176457 	-0.000720522 	-4.22963e-05
1.16908 	0.0176652 	-0.000719667 	-4.23311e-05
1.17059 	0.0176846 	-0.000718812 	-4.23658e-05
1.17209 	0.0177041 	-0.000717958 	-4.24006e-05
1.17359 	0.0177235 	-0.000717103 	-4.24354e-05
1.17509 	0.017743 	-0.000716248 	-4.24702e-05
1.17659 	0.0177624 	-0.000715393 	-4.25049e-05
1.17809 	0.0177819 	-0.000714539 	-4.25397e-05
1.17959 	0.0178013 	-0.000713684 	-4.25745e-05
1.18109 	0.0178217 	-0.000712975 	-4.25806e-05
1.18259 	0.017845 	-0.000712696 	-4.25013e-05
1.18409 	0.0178682 	-0.000712418 	-4.24221e-05
1.18559 	0.0178914 	-0.00071214 	-4.23429e-05
1.18709 	0.0179146 	-0.000711862 	-4.22637e-05
1.18859 	0.0179379 	-0.000711584 	-4.21845e-05
1.1901 	0.0179611 	-0.000711306 	-4.21053e-05
1.1916 	0.0179843 	-0.000711027 	-4.20261e-05
1.1931 	0.0180075 	-0.000710749 	-4.19468e-05
1.1946 	0.0180275 	-0.000709262 	-4.19762e-05
1.1961 	0.0180466 	-0.000707421 	-4.20374e-05
1.1976 	0.0180656 	-0.00070558 	-4.20987e-05
1.1991 	0.0180847 	-0.000703739 	-4.21599e-05
1.2006 	0.0181037 	-0.000701898 	-4.22211e-05
1.2021 	0.0181228 	-0.000700056 	-4.22823e-05
1.2036 	0.0181418 	-0.000698215 	-4.23435e-05
1.2051 	0.0181609 	-0.000696374 	-4.24048e-05
1.2066 	0.0181815 	-0.000695155 	-4.2393e-05
1.2081 	0.0182024 	-0.00069406 	-4.23667e-05
1.2096 	0.0182233 	-0.000692965 	-4.23404e-05
1.21111 	0.0182442 	-0.000691869 	-4.23141e-05
1.21261 	0.0182651 	-0.000690774 	-4.22878e-05
1.21411 	0.0182859 	-0.000689679 	-4.22615e-05
1.21561 	0.0183068 	-0.000688584 	-4.22352e-05
1.21711 	0.0183277 	-0.000687489 	-4.2209e-05
1.21861 	0.0183486 	-0.000686393 	-4.21827e-05
1.22011 	0.0183695 	-0.000685298 	-4.21564e-05
1.22161 	0.0183904 	-0.000684203 	-4.21301e-05
1.22311 	0.0184113 	-0.000683108 	-4.21038e-05
1.22461 	0.0184322 	-0.000682013 	-4.20775e-05
1.22611 	0.0184531 	-0.000680918 	-4.20512e-05
1.22761 	0.018474 	-0.000679822 	-4.20249e-05
1.22911 	0.0184949 	-0.000678727 	-4.19986e-05
1.23062 	0.0185158 	-0.000677632 	-4.19723e-05
1.23212 	0.0185367 	-0.000676537 	-4.1946e-05
1.23362 	0.0185576 	-0.000675442 	-4.19197e-05
1.23512 	0.0185785 	-0.000674346 	-4.18935e-05
1.23662 	0.0185994 	-0.000673251 	-4.18672e-05
1.23812 	0.0186203 	-0.000672156 	-4.18409e-05
1.23962 	0.0186412 	-0.000671061 	-4.18146e-05
1.24112 	0.0186621 	-0.000669966 	-4.17883e-05
1.24262 	0.018683 	-0.000668871 	-4.1762e-05
1.24412 	0.0187039 	-0.000667775 	-4.17357e-05
1.24562 	0.0187248 	-0.00066668 	-4.17094e-05
1.24712 	0.0187457 	-0.000665585 	-4.16831e-05
1.24862 	0.0187666 	-0.00066449 	-4.16568e-05
1.25013 	0.0187875 	-0.000663395 	-4.16305e-05
1.25163 	0.0188084 	-0.000662917 	-4.15689e-05
1.25313 	0.0188294 	-0.00066256 	-4.15003e-05
1.25463 	0.0188503 	-0.000662203 	-4.14317e-05
1.25613 	0.0188713 	-0.000661846 	-4.13631e-05
1.25763 	0.0188922 	-0.00066149 	-4.12945e-05
1.25913 	0.0189132 	-0.000661133 	-4.1226e-05
1.26063 	0.018934 	-0.000660522 	-4.11645e-05
1.26213 	0.0189542 	-0.000658517 	-4.11426e-05
1.26363 	0.0189743 	-0.000656513 	-4.11206e-05
1.26513 	0.0189945 	-0.000654508 	-4.10986e-05
1.26663 	0.0190147 	-0.000652503 	-4.10767e-05
1.26813 	0.0190349 	-0.000650499 	-4.10547e-05
1.26963 	0.019055 	-0.000648494 	-4.10327e-05
1.27114 	0.019075 	-0.000647232 	-4.09815e-05
1.27264 	0.019095 	-0.000646029 	-4.09279e-05
1.27414 	0.019115 	-0.000644826 	-4.08743e-05
1.27564 	0.019135 	-0.000643623 	-4.08207e-05
1.27714 	0.019155 	-0.000642419 	-4.07672e-05
1.27864 	0.019175 	-0.000641216 	-4.07136e-05
1.28014 	0.019195 	-0.000640013 	-4.066e-05
1.28164 	0.019215 	-0.00063881 	-4.06065e-05
1.28314 	0.019235 	-0.000637607 	-4.05529e-05
1.28464 	0.019255 	-0.000636404 	-4.04993e-05
1.28614 	0.019275 	-0.0006352 	-4.04457e-05
1.28764 	0.019295 	-0.000633997 	-4.03922e-05
1.28914 	0.019315 	-0.000632794 	-4.03386e-05
1.29065 	0.019335 	-0.000631591 	-4.0285e-05
1.29215 	0.019355 	-0.000630388 	-4.02314e-05
1.29365 	0.019375 	-0.000629184 	-4.01779e-05
1.29515 	0.019395 	-0.000627981 	-4.01243e-05
1.29665 	0.019415 	-0.000626778 	-4.00707e-05
1.29815 	0.0194349 	-0.000625575 	-4.00171e-05
1.29965 	0.0194549 	-0.000624372 	-3.99636e-05
1.30115 	0.0194749 	-0.000623168 	-3.991e-05
1.30265 	0.0194949 	-0.000621965 	-3.98564e-05
1.30415 	0.0195149 	-0.000620762 	-3.98029e-05
1.30565 	0.0195349 	-0.000619559 	-3.97493e-05
1.30715 	0.0195549 	-0.000618356 	-3.96957e-05
1.30865 	0.0195749 	-0.000617153 	-3.96421e-05
1.31016 	0.0195949 	-0.000615949 	-3.95886e-05
1.31166 	0.0196149 	-0.000614746 	-3.9535e-05
1.31316 	0.0196349 	-0.000613543 	-3.94814e-05
1.31466 	0.0196549 	-0.00061234 	-3.94278e-05
1.31616 	0.0196749 	-0.000611137 	-3.93743e-05
1.31766 	0.0196949 	-0.000609933 	-3.93207e-05
1.31916 	0.0197149 	-0.00060873 	-3.92671e-05
1.32066 	0.0197349 	-0.000607527 	-3.92136e-05
1.32216 	0.0197547 	-0.000606845 	-3.91597e-05
1.32366 	0.0197745 	-0.000606358 	-3.91058e-05
1.32516 	0.0197943 	-0.000605871 	-3.90519e-05
1.32666 	0.0198142 	-0.000605383 	-3.8998e-05
1.32816 	0.019834 	-0.000604896 	-3.89441e-05
1.32966 	0.0198533 	-0.000602874 	-3.89028e-05
1.33117 	0.0198725 	-0.000600784 	-3.88621e-05
1.33267 	0.0198918 	-0.000598695 	-3.88214e-05
1.33417 	0.0199111 	-0.000596605 	-3.87806e-05
1.33567 	0.0199301 	-0.000594949 	-3.86981e-05
1.33717 	0.0199488 	-0.000593673 	-3.85789e-05
1.33867 	0.0199675 	-0.000592397 	-3.84597e-05
1.34017 	0.0199862 	-0.000591121 	-3.83405e-05
1.34167 	0.0200049 	-0.000589844 	-3.82214e-05
1.34317 	0.0200236 	-0.000588568 	-3.81022e-05
1.34467 	0.0200423 	-0.000587292 	-3.7983e-05
1.34617 	0.0200611 	-0.000586016 	-3.78638e-05
1.34767 	0.0200798 	-0.000584739 	-3.77447e-05
1.34917 	0.0200985 	-0.000583463 	-3.76255e-05
1.35068 	0.0201172 	-0.000582187 	-3.75063e-05
1.35218 	0.0201359 	-0.000580911 	-3.73871e-05
1.35368 	0.0201546 	-0.000579635 	-3.7268e-05
1.35518 	0.0201733 	-0.000578358 	-3.71488e-05
1.35668 	0.020192 	-0.000577082 	-3.70296e-05
1.35818 	0.0202108 	-0.000575806 	-3.69104e-05
1.35968 	0.0202295 	-0.00057453 	-3.67913e-05
1.36118 	0.0202482 	-0.000573253 	-3.66721e-05
1.36268 	0.0202669 	-0.000571977 	-3.65529e-05
1.36418 	0.0202856 	-0.000570701 	-3.64337e-05
1.36568 	0.0203043 	-0.000569425 	-3.63145e-05
1.36718 	0.020323 	-0.000568149 	-3.61954e-05
1.36868 	0.0203418 	-0.000566872 	-3.60762e-05
1.37019 	0.0203605 	-0.000565596 	-3.5957e-05
1.37169 	0.0203792 	-0.00056432 	-3.58378e-05
1.37319 	0.0203979 	-0.000563044 	-3.57187e-05
1.37469 	0.0204166 	-0.000561767 	-3.55995e-05
1.37619 	0.0204353 	-0.000560491 	-3.54803e-05
1.37769 	0.020454 	-0.000559215 	-3.53611e-05
1.37919 	0.0204727 	-0.000557939 	-3.5242e-05
1.38069 	0.0204915 	-0.000556663 	-3.51228e-05
1.38219 	0.0205102 	-0.000555386 	-3.50036e-05
1.38369 	0.0205289 	-0.00055411 	-3.48844e-05
1.38519 	0.0205476 	-0.000552834 	-3.47653e-05
1.38669 	0.0205663 	-0.000551558 	-3.46461e-05
1.38819 	0.020585 	-0.000550281 	-3.45269e-05
1.38969 	0.0206037 	-0.000549005 	-3.44077e-05
1.3912 	0.0206224 	-0.000547729 	-3.42886e-05
1.3927 	0.0206411 	-0.000546535 	-3.41593e-05
1.3942 	0.0206594 	-0.000545988 	-3.39508e-05
1.3957 	0.0206776 	-0.000545442 	-3.37423e-05
1.3972 	0.0206958 	-0.000544349 	-3.35448e-05
1.3987 	0.0207139 	-0.000542213 	-3.33682e-05
1.4002 	0.0207319 	-0.000540076 	-3.31915e-05
1.4017 	0.0207467 	-0.000538796 	-3.29773e-05
1.4032 	0.0207607 	-0.000537747 	-3.27529e-05
1.4047 	0.0207747 	-0.000536699 	-3.25286e-05
1.4062 	0.0207886 	-0.000535651 	-3.23042e-05
1.4077 	0.0208026 	-0.000534602 	-3.20798e-05
1.4092 	0.0208166 	-0.000533554 	-3.18555e-05
1.41071 	0.0208305 	-0.000532505 	-3.16311e-05
1.41221 	0.0208445 	-0.000531457 	-3.14067e-05
1.41371 	0.0208585 	-0.000530409 	-3.11824e-05
1.41521 	0.0208724 	-0.00052936 	-3.0958e-05
1.41671 	0.0208864 	-0.000528312 	-3.07336e-05
1.41821 	0.0209003 	-0.000527263 	-3.05093e-05
1.41971 	0.0209143 	-0.000526215 	-3.02849e-05
1.42121 	0.0209283 	-0.000525167 	-3.00605e-05
1.42271 	0.0209422 	-0.000524118 	-2.98362e-05
1.42421 	0.0209562 	-0.00052307 	-2.96118e-05
1.42571 	0.0209702 	-0.000522021 	-2.93874e-05
1.42721 	0.0209841 	-0.000520973 	-2.91631e-05
1.42871 	0.0209981 	-0.000519925 	-2.89387e-05
1.43022 	0.0210121 	-0.000518876 	-2.87143e-05
1.43172 	0.021026 	-0.000517828 	-2.849e-05
1.43322 	0.02104 	-0.000516779 	-2.82656e-05
1.43472 	0.0210539 	-0.000515731 	-2.80412e-05
1.43622 	0.0210679 	-0.000514683 	-2.78169e-05
1.43772 	0.0210819 	-0.000513634 	-2.75925e-05
1.43922 	0.0210958 	-0.000512586 	-2.73681e-05
1.44072 	0.0211098 	-0.000511538 	-2.71438e-05
1.44222 	0.0211238 	-0.000510489 	-2.69194e-05
1.44372 	0.0211377 	-0.000509441 	-2.6695e-05
1.44522 	0.0211517 	-0.000508392 	-2.64706e-05
1.44672 	0.0211657 	-0.000507344 	-2.62463e-05
1.44822 	0.0211796 	-0.000506296 	-2.60219e-05
1.44972 	0.0211936 	-0.000505247 	-2.57975e-05
1.45123 	0.0212075 	-0.000504199 	-2.55732e-05
1.45273 	0.0212215 	-0.00050315 	-2.53488e-05
1.45423 	0.0212355 	-0.000502102 	-2.51244e-05
1.45573 	0.0212494 	-0.000501054 	-2.49001e-05
1.45723 	0.0212634 	-0.000500005 	-2.46757e-05
1.45873 	0.0212774 	-0.000498957 	-2.44513e-05
1.46023 	0.0212913 	-0.000497908 	-2.4227e-05
1.46173 	0.0213053 	-0.00049686 	-2.40026e-05
1.46323 	0.0213193 	-0.000495812 	-2.37782e-05
1.46473 	0.0213328 	-0.000494923 	-2.35387e-05
1.46623 	0.0213427 	-0.000494129 	-2.32852e-05
1.46773 	0.0213549 	-0.000493332 	-2.29937e-05
1.46923 	0.0213679 	-0.000492677 	-2.26816e-05
1.47074 	0.0213809 	-0.000492022 	-2.23695e-05
1.47224 	0.021394 	-0.000491368 	-2.20575e-05
1.47374 	0.021407 	-0.000490713 	-2.17454e-05
1.47524 	0.02142 	-0.000490058 	-2.14333e-05
1.47674 	0.0214331 	-0.000489404 	-2.11213e-05
1.47824 	0.0214461 	-0.000488749 	-2.08092e-05
1.47974 	0.0214591 	-0.000488094 	-2.04971e-05
1.48124 	0.0214722 	-0.00048744 	-2.01851e-05
1.48274 	0.0214852 	-0.000486785 	-1.9873e-05
1.48424 	0.0214982 	-0.00048613 	-1.95609e-05
1.48574 	0.0215112 	-0.000485476 	-1.92489e-05
1.48724 	0.0215243 	-0.000484821 	-1.89368e-05
1.48874 	0.0215373 	-0.000484167 	-1.86247e-05
1.49025 	0.0215501 	-0.000483498 	-1.83169e-05
1.49175 	0.0215629 	-0.00048283 	-1.80092e-05
1.49325 	0.0215757 	-0.000482161 	-1.77014e-05
1.49475 	0.0215885 	-0.000481493 	-1.73937e-05
1.49625 	0.0216013 	-0.000480824 	-1.7086e-05
1.49775 	0.0216141 	-0.000480156 	-1.67783e-05
1.49925 	0.0216269 	-0.000479487 	-1.64706e-05
1.50075 	0.0216397 	-0.000478818 	-1.61629e-05
1.50225 	0.0216525 	-0.00047815 	-1.58552e-05
1.50375 	0.0216653 	-0.000477481 	-1.55474e-05
1.50525 	0.0216781 	-0.000476813 	-1.52397e-05
1.50675 	0.0216909 	-0.000476144 	-1.4932e-05
1.50825 	0.0217037 	-0.000475476 	-1.46243e-05
1.50975 	0.0217165 	-0.000474807 	-1.43166e-05
1.51126 	0.0217293 	-0.000474139 	-1.40089e-05
1.51276 	0.0217421 	-0.00047347 	-1.37012e-05
1.51426 	0.0217549 	-0.000472801 	-1.33935e-05
1.51576 	0.0217677 	-0.000472133 	-1.30857e-05
1.51726 	0.0217805 	-0.000471464 	-1.2778e-05
1.51876 	0.0217933 	-0.000470796 	-1.24703e-05
1.52026 	0.0218061 	-0.000470127 	-1.21626e-05
1.52176 	0.0218189 	-0.000469459 	-1.18549e-05
1.52326 	0.0218317 	-0.00046879 	-1.15472e-05
1.52476 	0.0218445 	-0.000468122 	-1.12395e-05
1.52626 	0.0218573 	-0.000467453 	-1.09318e-05
1.52776 	0.0218701 	-0.000466784 	-1.0624e-05
1.52926 	0.0218829 	-0.000466116 	-1.03163e-05
1.53077 	0.0218957 	-0.000465447 	-1.00086e-05
1.53227 	0.0219085 	-0.000464779 	-9.7009e-06
1.53377 	0.0219229 	-0.000463245 	-9.3904e-06
1.53527 	0.0219381 	-0.000461989 	-9.05038e-06
1.53677 	0.0219535 	-0.000461172 	-8.68241e-06
1.53827 	0.0219682 	-0.00046028 	-8.303e-06
1.53977 	0.021983 	-0.000459388 	-7.92359e-06
1.54127 	0.0219977 	-0.000458496 	-7.54418e-06
1.54277 	0.0220125 	-0.000457604 	-7.16478e-06
1.54427 	0.0220272 	-0.000456712 	-6.78537e-06
1.54577 	0.022042 	-0.00045582 	-6.40596e-06
1.54727 	0.0220568 	-0.000454928 	-6.02655e-06
1.54877 	0.0220715 	-0.000454036 	-5.64714e-06
1.55028 	0.0220863 	-0.000453144 	-5.26773e-06
1.55178 	0.022101 	-0.000452252 	-4.88833e-06
1.55328 	0.0221158 	-0.00045136 	-4.50892e-06
1.55478 	0.0221305 	-0.000450468 	-4.12951e-06
1.55628 	0.0221453 	-0.000449576 	-3.7501e-06
1.55778 	0.0221601 	-0.000448684 	-3.37069e-06
1.55928 	0.0221748 	-0.000447792 	-2.99128e-06
1.56078 	0.0221896 	-0.0004469 	-2.61188e-06
1.56228 	0.0222043 	-0.000446008 	-2.23247e-06
1.56378 	0.0222191 	-0.000445116 	-1.85306e-06
1.56528 	0.0222339 	-0.000444224 	-1.47365e-06
1.56678 	0.0222486 	-0.000443332 	-1.09424e-06
1.56828 	0.0222634 	-0.00044244 	-7.14834e-07
1.56978 	0.0222781 	-0.000441548 	-3.35425e-07
1.57129 	0.0222929 	-0.000440656 	4.39828e-08
1.57279 	0.0223076 	-0.000439764 	4.23391e-07
1.57429 	0.0223224 	-0.000438872 	8.02799e-07
1.57579 	0.0223372 	-0.00043798 	1.18221e-06
1.57729 	0.0223519 	-0.000437088 	1.56162e-06
1.57879 	0.0223667 	-0.000436196 	1.94102e-06
1.58029 	0.0223814 	-0.000435304 	2.32043e-06
1.58179 	0.0223962 	-0.000434411 	2.69984e-06
1.58329 	0.0224109 	-0.000433519 	3.07925e-06
1.58479 	0.0224257 	-0.000432627 	3.45866e-06
1.58629 	0.0224405 	-0.000431735 	3.83807e-06
1.58779 	0.0224552 	-0.000430843 	4.21747e-06
1.58929 	0.02247 	-0.000429951 	4.59688e-06
1.5908 	0.0224847 	-0.000429059 	4.97629e-06
1.5923 	0.0224995 	-0.000428167 	5.3557e-06
1.5938 	0.0225143 	-0.000427275 	5.73511e-06
1.5953 	0.022529 	-0.000426383 	6.11452e-06
1.5968 	0.0225438 	-0.000425491 	6.49392e-06
1.5983 	0.0225585 	-0.000424599 	6.87333e-06
1.5998 	0.0225724 	-0.000423333 	7.25467e-06
1.6013 	0.0225862 	-0.000422001 	7.63636e-06
1.6028 	0.0226 	-0.000420668 	8.01804e-06
1.6043 	0.0226138 	-0.000419478 	8.42378e-06
1.6058 	0.0226277 	-0.000418361 	8.84211e-06
1.6073 	0.0226416 	-0.000417245 	9.26044e-06
1.6088 	0.0226554 	-0.000416109 	9.67876e-06
1.61031 	0.0226688 	-0.000414887 	1.00971e-05
1.61181 	0.0226822 	-0.000413666 	1.05154e-05
1.61331 	0.0226956 	-0.000412445 	1.09337e-05
1.61481 	0.022709 	-0.000411224 	1.1352e-05
1.61631 	0.0227224 	-0.000410002 	1.17703e-05
1.61781 	0.0227358 	-0.000408781 	1.21887e-05
1.61931 	0.0227492 	-0.00040756 	1.2607e-05
1.62081 	0.0227626 	-0.000406338 	1.30253e-05
1.62231 	0.022776 	-0.000405117 	1.34436e-05
1.62381 	0.0227894 	-0.000403896 	1.38619e-05
1.62531 	0.0228028 	-0.000402675 	1.42802e-05
1.62681 	0.0228162 	-0.000401453 	1.46986e-05
1.62831 	0.0228296 	-0.000400232 	1.51169e-05
1.62981 	0.022843 	-0.000399011 	1.55352e-05
1.63132 	0.0228564 	-0.00039779 	1.59535e-05
1.63282 	0.0228698 	-0.000396568 	1.63718e-05
1.63432 	0.0228832 	-0.000395347 	1.67901e-05
1.63582 	0.0228966 	-0.000394126 	1.72085e-05
1.63732 	0.02291 	-0.000392904 	1.76268e-05
1.63882 	0.0229234 	-0.000391683 	1.80451e-05
1.64032 	0.0229368 	-0.000390462 	1.84634e-05
1.64182 	0.0229502 	-0.000389241 	1.88817e-05
1.64332 	0.0229636 	-0.000388019 	1.93e-05
1.64482 	0.022977 	-0.000386798 	1.97184e-05
1.64632 	0.0229904 	-0.000385577 	2.01367e-05
1.64782 	0.0230038 	-0.000384356 	2.0555e-05
1.64932 	0.0230172 	-0.000383134 	2.09733e-05
1.65083 	0.0230306 	-0.000381913 	2.13916e-05
1.65233 	0.023044 	-0.000380692 	2.18099e-05
1.65383 	0.0230574 	-0.00037947 	2.22282e-05
1.65533 	0.0230708 	-0.000378249 	2.26466e-05
1.65683 	0.0230842 	-0.000377028 	2.30649e-05
1.65833 	0.0230976 	-0.000375807 	2.34832e-05
1.65983 	0.023111 	-0.000374585 	2.39015e-05
1.66133 	0.0231244 	-0.000373364 	2.43198e-05
1.66283 	0.0231378 	-0.000372143 	2.47381e-05
1.66433 	0.0231511 	-0.000370917 	2.51595e-05
1.66583 	0.0231638 	-0.000369661 	2.56025e-05
1.66733 	0.0231766 	-0.000368405 	2.60454e-05
1.66883 	0.0231894 	-0.000367149 	2.64883e-05
1.67034 	0.0232022 	-0.000365893 	2.69312e-05
1.67184 	0.023215 	-0.000364645 	2.73755e-05
1.67334 	0.0232277 	-0.000363586 	2.78491e-05
1.67484 	0.0232405 	-0.000362527 	2.83228e-05
1.67634 	0.0232533 	-0.000361468 	2.87965e-05
1.67784 	0.0232661 	-0.000360409 	2.92702e-05
1.67934 	0.0232789 	-0.00035935 	2.97438e-05
1.68084 	0.0232914 	-0.00035826 	3.01898e-05
1.68234 	0.0233036 	-0.000357142 	3.06123e-05
1.68384 	0.0233158 	-0.000356024 	3.10349e-05
1.68534 	0.023328 	-0.000354906 	3.14575e-05
1.68684 	0.0233402 	-0.000353789 	3.188e-05
1.68834 	0.0233524 	-0.000352671 	3.23026e-05
1.68984 	0.0233646 	-0.000351553 	3.27251e-05
1.69135 	0.0233768 	-0.000350436 	3.31477e-05
1.69285 	0.023389 	-0.000349318 	3.35703e-05
1.69435 	0.0234012 	-0.0003482 	3.39928e-05
1.69585 	0.0234134 	-0.000347082 	3.44154e-05
1.69735 	0.0234256 	-0.000345965 	3.4838e-05
1.69885 	0.0234378 	-0.000344847 	3.52605e-05
1.70035 	0.02345 	-0.000343729 	3.56831e-05
1.70185 	0.0234623 	-0.000342612 	3.61057e-05
1.70335 	0.0234745 	-0.000341494 	3.65282e-05
1.70485 	0.0234867 	-0.000340376 	3.69508e-05
1.70635 	0.0234989 	-0.000339258 	3.73734e-05
1.70785 	0.0235111 	-0.000338141 	3.77959e-05
1.70935 	0.0235233 	-0.000337023 	3.82185e-05
1.71086 	0.0235355 	-0.000335905 	3.86411e-05
1.71236 	0.0235477 	-0.000334788 	3.90636e-05
1.71386 	0.0235599 	-0.00033367 	3.94862e-05
1.71536 	0.0235721 	-0.000332552 	3.99088e-05
1.71686 	0.0235843 	-0.000331434 	4.03313e-05
1.71836 	0.0235965 	-0.000330317 	4.07539e-05
1.71986 	0.0236087 	-0.000329199 	4.11765e-05
1.72136 	0.0236209 	-0.000328081 	4.1599e-05
1.72286 	0.0236331 	-0.000326964 	4.20216e-05
1.72436 	0.0236453 	-0.000325846 	4.24441e-05
1.72586 	0.0236575 	-0.000324728 	4.28667e-05
1.72736 	0.0236697 	-0.00032361 	4.32893e-05
1.72886 	0.0236819 	-0.000322493 	4.37118e-05
1.73037 	0.0236929 	-0.000321436 	4.40974e-05
1.73187 	0.0237034 	-0.000320397 	4.44715e-05
1.73337 	0.023714 	-0.000319359 	4.48456e-05
1.73487 	0.0237246 	-0.00031832 	4.52197e-05
1.73637 	0.0237351 	-0.000317282 	4.55938e-05
1.73787 	0.0237457 	-0.000316244 	4.59679e-05
1.73937 	0.0237562 	-0.000315205 	4.6342e-05
1.74087 	0.0237682 	-0.000314196 	4.67879e-05
1.74237 	0.0237805 	-0.000313192 	4.72467e-05
1.74387 	0.0237927 	-0.000312188 	4.77056e-05
1.74537 	0.023805 	-0.000311184 	4.81645e-05
1.74687 	0.0238172 	-0.000310181 	4.86234e-05
1.74837 	0.0238295 	-0.000309177 	4.90822e-05
1.74987 	0.0238417 	-0.000308173 	4.95411e-05
1.75138 	0.0238529 	-0.000307222 	4.9956e-05
1.75288 	0.0238622 	-0.000306351 	5.03033e-05
1.75438 	0.0238715 	-0.000305481 	5.06506e-05
1.75588 	0.0238809 	-0.00030461 	5.09979e-05
1.75738 	0.0238902 	-0.000303739 	5.13452e-05
1.75888 	0.0238996 	-0.000302869 	5.16925e-05
1.76038 	0.0239089 	-0.000301998 	5.20398e-05
1.76188 	0.0239183 	-0.000301128 	5.23871e-05
1.76338 	0.0239276 	-0.000300257 	5.27344e-05
1.76488 	0.0239369 	-0.000299387 	5.30817e-05
1.76638 	0.0239463 	-0.000298516 	5.34289e-05
1.76788 	0.0239556 	-0.000297646 	5.37762e-05
1.76938 	0.023965 	-0.000296775 	5.41235e-05
1.77089 	0.0239743 	-0.000295905 	5.44708e-05
1.77239 	0.0239837 	-0.000295034 	5.48181e-05
1.77389 	0.023993 	-0.000294164 	5.51654e-05
1.77539 	0.0240023 	-0.000293293 	5.55127e-05
1.77689 	0.0240117 	-0.000292423 	5.586e-05
1.77839 	0.024021 	-0.000291552 	5.62073e-05
1.77989 	0.0240304 	-0.000290682 	5.65546e-05
1.78139 	0.0240397 	-0.000289811 	5.69019e-05
1.78289 	0.0240491 	-0.000288941 	5.72491e-05
1.78439 	0.0240584 	-0.00028807 	5.75964e-05
1.78589 	0.0240677 	-0.0002872 	5.79437e-05
1.78739 	0.0240771 	-0.000286329 	5.8291e-05
1.78889 	0.0240864 	-0.000285459 	5.86383e-05
1.7904 	0.0240958 	-0.000284588 	5.89856e-05
1.7919 	0.0241051 	-0.000283718 	5.93329e-05
1.7934 	0.0241145 	-0.000282847 	5.96802e-05
1.7949 	0.0241211 	-0.000282146 	5.99368e-05
1.7964 	0.0241274 	-0.000281464 	6.01834e-05
1.7979 	0.0241337 	-0.000280782 	6.043e-05
1.7994 	0.02414 	-0.0002801 	6.06766e-05
1.8009 	0.0241463 	-0.000279418 	6.09232e-05
1.8024 	0.0241526 	-0.000278736 	6.11698e-05
1.8039 	0.0241589 	-0.000278053 	6.14164e-05
1.8054 	0.0241652 	-0.000277371 	6.1663e-05
1.8069 	0.0241719 	-0.000276691 	6.19283e-05
1.8084 	0.02418 	-0.000276016 	6.22576e-05
1.8099 	0.0241881 	-0.000275341 	6.25869e-05
1.81141 	0.0241963 	-0.000274666 	6.29162e-05
1.81291 	0.0242044 	-0.000273991 	6.32455e-05
1.81441 	0.0242125 	-0.000273316 	6.35748e-05
1.81591 	0.0242206 	-0.000272641 	6.39041e-05
1.81741 	0.0242287 	-0.000271966 	6.42334e-05
1.81891 	0.0242369 	-0.000271291 	6.45627e-05
1.82041 	0.024245 	-0.000270616 	6.4892e-05
1.82191 	0.0242533 	-0.000269825 	6.52746e-05
1.82341 	0.0242617 	-0.000269025 	6.56613e-05
1.82491 	0.02427 	-0.000268225 	6.60481e-05
1.82641 	0.0242784 	-0.000267426 	6.64348e-05
1.82791 	0.0242867 	-0.000266626 	6.68216e-05
1.82941 	0.0242951 	-0.000265826 	6.72083e-05
1.83092 	0.0243034 	-0.000265026 	6.75951e-05
1.83242 	0.0243118 	-0.000264227 	6.79818e-05
1.83392 	0.0243201 	-0.000263427 	6.83686e-05
1.83542 	0.0243285 	-0.000262627 	6.87553e-05
1.83692 	0.0243369 	-0.000261827 	6.9142e-05
1.83842 	0.0243452 	-0.000261027 	6.95288e-05
1.83992 	0.0243536 	-0.000260228 	6.99155e-05
1.84142 	0.0243619 	-0.000259428 	7.03023e-05
1.84292 	0.0243703 	-0.000258628 	7.0689e-05
1.84442 	0.0243786 	-0.000257828 	7.10758e-05
1.84592 	0.024387 	-0.000257029 	7.14625e-05
1.84742 	0.0243953 	-0.000256229 	7.18493e-05
1.84892 	0.0244037 	-0.000255429 	7.2236e-05
1.85043 	0.024412 	-0.000254629 	7.26227e-05
1.85193 	0.0244204 	-0.00025383 	7.30095e-05
1.85343 	0.0244287 	-0.00025303 	7.33962e-05
1.85493 	0.0244371 	-0.00025223 	7.3783e-05
1.85643 	0.0244454 	-0.00025143 	7.41697e-05
1.85793 	0.0244546 	-0.000250537 	7.46257e-05
1.85943 	0.0244643 	-0.000249595 	7.51171e-05
1.86093 	0.0244739 	-0.000248653 	7.56086e-05
1.86243 	0.0244835 	-0.000247711 	7.61e-05
1.86393 	0.0244931 	-0.000246769 	7.65914e-05
1.86543 	0.0245028 	-0.000245828 	7.70829e-05
1.86693 	0.0245124 	-0.000244886 	7.75743e-05
1.86843 	0.024522 	-0.000243944 	7.80658e-05
1.86993 	0.0245317 	-0.000243002 	7.85572e-05
1.87144 	0.0245413 	-0.00024206 	7.90486e-05
1.87294 	0.024551 	-0.000241151 	7.9539e-05
1.87444 	0.0245608 	-0.000240308 	8.00271e-05
1.87594 	0.0245707 	-0.000239465 	8.05153e-05
1.87744 	0.0245805 	-0.000238621 	8.10035e-05
1.87894 	0.0245904 	-0.000237778 	8.14916e-05
1.88044 	0.0246002 	-0.000236935 	8.19798e-05
1.88194 	0.0246101 	-0.000236091 	8.2468e-05
1.88344 	0.0246199 	-0.000235248 	8.29561e-05
1.88494 	0.0246298 	-0.000234405 	8.34443e-05
1.88644 	0.0246397 	-0.000233562 	8.39325e-05
1.88794 	0.0246495 	-0.000232718 	8.44206e-05
1.88944 	0.0246593 	-0.000231856 	8.49092e-05
1.89095 	0.0246688 	-0.000230952 	8.53986e-05
1.89245 	0.0246784 	-0.000230048 	8.5888e-05
1.89395 	0.024688 	-0.000229145 	8.63773e-05
1.89545 	0.0246975 	-0.000228241 	8.68667e-05
1.89695 	0.0247071 	-0.000227337 	8.73561e-05
1.89845 	0.0247167 	-0.000226434 	8.78455e-05
1.89995 	0.0247263 	-0.00022553 	8.83349e-05
1.90145 	0.0247358 	-0.000224626 	8.88242e-05
1.90295 	0.0247454 	-0.000223723 	8.93136e-05
1.90445 	0.024755 	-0.000222819 	8.9803e-05
1.90595 	0.0247646 	-0.000221915 	9.02924e-05
1.90745 	0.0247741 	-0.000221012 	9.07818e-05
1.90895 	0.0247837 	-0.000220108 	9.12711e-05
1.91046 	0.0247933 	-0.000219205 	9.17605e-05
1.91196 	0.0248028 	-0.000218301 	9.22499e-05
1.91346 	0.0248124 	-0.000217397 	9.27393e-05
1.91496 	0.024822 	-0.000216494 	9.32287e-05
1.91646 	0.0248316 	-0.00021559 	9.3718e-05
1.91796 	0.0248411 	-0.000214686 	9.42074e-05
1.91946 	0.0248506 	-0.000213786 	9.46984e-05
1.92096 	0.0248599 	-0.000212902 	9.51972e-05
1.92246 	0.0248692 	-0.000212018 	9.5696e-05
1.92396 	0.0248785 	-0.000211134 	9.61949e-05
1.92546 	0.0248877 	-0.000210251 	9.66937e-05
1.92696 	0.024897 	-0.000209367 	9.71926e-05
1.92846 	0.0249063 	-0.000208483 	9.76914e-05
1.92996 	0.0249156 	-0.000207599 	9.81902e-05
1.93147 	0.0249249 	-0.000206715 	9.86891e-05
1.93297 	0.0249341 	-0.000205831 	9.91879e-05
1.93447 	0.0249434 	-0.000204947 	9.96868e-05
1.93597 	0.0249527 	-0.000204064 	0.000100186
1.93747 	0.024962 	-0.000203201 	0.000100683
1.93897 	0.0249714 	-0.000202387 	0.000101176
1.94047 	0.0249807 	-0.000201572 	0.000101669
1.94197 	0.0249901 	-0.000200757 	0.000102162
1.94347 	0.0249995 	-0.000199943 	0.000102655
1.94497 	0.0250088 	-0.000199128 	0.000103148
1.94647 	0.0250182 	-0.000198314 	0.000103641
1.94797 	0.0250276 	-0.000197499 	0.000104134
1.94947 	0.025037 	-0.000196685 	0.000104627
1.95098 	0.0250463 	-0.00019587 	0.00010512
1.95248 	0.0250557 	-0.000195055 	0.000105614
1.95398 	0.0250651 	-0.000194241 	0.000106107
1.95548 	0.0250744 	-0.000193426 	0.0001066
1.95698 	0.0250834 	-0.000192609 	0.000107052
1.95848 	0.0250922 	-0.000191791 	0.000107488
1.95998 	0.025101 	-0.000190972 	0.000107924
1.96148 	0.0251098 	-0.000190154 	0.00010836
1.96298 	0.0251186 	-0.000189336 	0.000108796
1.96448 	0.0251274 	-0.000188518 	0.000109233
1.96598 	0.0251362 	-0.000187699 	0.000109669
1.96748 	0.025145 	-0.000186881 	0.000110105
1.96898 	0.0251538 	-0.000186063 	0.000110541
1.97049 	0.0251626 	-0.000185244 	0.000110977
1.97199 	0.0251714 	-0.000184426 	0.000111414
1.97349 	0.0251802 	-0.000183608 	0.00011185
1.97499 	0.025189 	-0.00018279 	0.000112286
1.97649 	0.0251978 	-0.000181971 	0.000112722
1.97799 	0.0252066 	-0.000181153 	0.000113158
1.97949 	0.0252153 	-0.000180335 	0.000113595
1.98099 	0.0252238 	-0.000179558 	0.000114004
1.98249 	0.0252321 	-0.000178819 	0.000114391
1.98399 	0.0252403 	-0.000178079 	0.000114777
1.98549 	0.0252486 	-0.000177339 	0.000115163
1.98699 	0.0252568 	-0.0001766 	0.00011555
1.98849 	0.025265 	-0.00017586 	0.000115936
1.98999 	0.0252733 	-0.000175121 	0.000116322
1.9915 	0.0252815 	-0.000174381 	0.000116709
1.993 	0.0252898 	-0.000173641 	0.000117095
1.9945 	0.025298 	-0.000172902 	0.000117481
1.996 	0.0253062 	-0.000172162 	0.000117867
1.9975 	0.0253145 	-0.000171423 	0.000118254
1.999 	0.0253227 	-0.000170683 	0.00011864
2.0005 	0.025331 	-0.000169952 	0.000119031
2.002 	0.0253393 	-0.000169244 	0.000119432
2.0035 	0.0253476 	-0.000168536 	0.000119833
2.005 	0.0253559 	-0.000167828 	0.000120234
2.0065 	0.0253643 	-0.00016712 	0.000120636
2.008 	0.0253726 	-0.000166412 	0.000121037
2.0095 	0.0253809 	-0.000165704 	0.000121438
2.01101 	0.0253892 	-0.000164996 	0.00012184
2.01251 	0.0253976 	-0.000164289 	0.000122241
2.01401 	0.0254059 	-0.000163581 	0.000122642
2.01551 	0.0254142 	-0.000162873 	0.000123043
2.01701 	0.0254225 	-0.000162165 	0.000123445
2.01851 	0.0254308 	-0.000161457 	0.000123846
2.02001 	0.0254392 	-0.000160749 	0.000124247
2.02151 	0.0254473 	-0.000160038 	0.000124639
2.02301 	0.0254551 	-0.000159319 	0.000125009
2.02451 	0.0254629 	-0.0001586 	0.000125378
2.02601 	0.0254707 	-0.000157882 	0.000125748
2.02751 	0.0254785 	-0.000157163 	0.000126117
2.02901 	0.0254863 	-0.000156444 	0.000126487
2.03052 	0.0254941 	-0.000155726 	0.000126856
2.03202 	0.0255019 	-0.000155007 	0.000127226
2.03352 	0.0255096 	-0.000154289 	0.000127596
2.03502 	0.0255174 	-0.00015357 	0.000127965
2.03652 	0.0255252 	-0.000152851 	0.000128335
2.03802 	0.025533 	-0.000152133 	0.000128704
2.03952 	0.0255408 	-0.000151414 	0.000129074
2.04102 	0.0255476 	-0.000150799 	0.000129393
2.04252 	0.0255542 	-0.000150203 	0.000129702
2.04402 	0.0255608 	-0.000149606 	0.000130012
2.04552 	0.0255674 	-0.00014901 	0.000130322
2.04702 	0.025574 	-0.000148414 	0.000130631
2.04852 	0.0255806 	-0.000147817 	0.000130941
2.05003 	0.0255872 	-0.000147221 	0.000131251
2.05153 	0.0255937 	-0.000146625 	0.00013156
2.05303 	0.0256003 	-0.000146028 	0.00013187
2.05453 	0.0256069 	-0.000145432 	0.00013218
2.05603 	0.0256135 	-0.000144835 	0.000132489
2.05753 	0.0256201 	-0.000144239 	0.000132799
2.05903 	0.0256267 	-0.000143643 	0.000133109
2.06053 	0.0256333 	-0.000143046 	0.000133419
2.06203 	0.0256403 	-0.000142433 	0.000133751
2.06353 	0.0256479 	-0.00014179 	0.000134123
2.06503 	0.0256556 	-0.000141146 	0.000134494
2.06653 	0.0256633 	-0.000140503 	0.000134866
2.06803 	0.0256709 	-0.00013986 	0.000135238
2.06953 	0.0256786 	-0.000139217 	0.00013561
2.07104 	0.0256862 	-0.000138573 	0.000135981
2.07254 	0.0256939 	-0.00013793 	0.000136353
2.07404 	0.0257015 	-0.000137287 	0.000136725
2.07554 	0.0257092 	-0.000136643 	0.000137097
2.07704 	0.0257168 	-0.000136 	0.000137469
2.07854 	0.0257245 	-0.000135357 	0.00013784
2.08004 	0.0257321 	-0.000134714 	0.000138212
2.08154 	0.0257398 	-0.00013407 	0.000138584
2.08304 	0.0257474 	-0.000133427 	0.000138956
2.08454 	0.0257548 	-0.000132796 	0.000139309
2.08604 	0.0257608 	-0.000132229 	0.00013956
2.08754 	0.0257668 	-0.000131663 	0.000139811
2.08904 	0.0257728 	-0.000131096 	0.000140062
2.09055 	0.0257788 	-0.00013053 	0.000140313
2.09205 	0.0257847 	-0.000129963 	0.000140564
2.09355 	0.0257907 	-0.000129397 	0.000140815
2.09505 	0.0257967 	-0.000128831 	0.000141066
2.09655 	0.0258027 	-0.000128264 	0.000141316
2.09805 	0.0258082 	-0.000127734 	0.000141539
2.09955 	0.0258124 	-0.000127335 	0.000141661
2.10105 	0.0258166 	-0.000126935 	0.000141782
2.10255 	0.0258208 	-0.000126535 	0.000141904
2.10405 	0.0258249 	-0.000126136 	0.000142026
2.10555 	0.0258291 	-0.000125736 	0.000142148
2.10705 	0.0258333 	-0.000125336 	0.00014227
2.10855 	0.0258374 	-0.000124937 	0.000142392
2.11006 	0.0258416 	-0.000124537 	0.000142513
2.11156 	0.0258458 	-0.000124137 	0.000142635
2.11306 	0.02585 	-0.000123738 	0.000142757
2.11456 	0.0258541 	-0.000123338 	0.000142879
2.11606 	0.0258583 	-0.000122938 	0.000143001
2.11756 	0.0258625 	-0.000122539 	0.000143123
2.11906 	0.0258667 	-0.000122139 	0.000143244
2.12056 	0.0258708 	-0.000121739 	0.000143366
2.12206 	0.0258757 	-0.000121291 	0.00014353
2.12356 	0.0258809 	-0.000120819 	0.000143715
2.12506 	0.0258861 	-0.000120346 	0.0001439
2.12656 	0.0258913 	-0.000119873 	0.000144084
2.12806 	0.0258966 	-0.000119401 	0.000144269
2.12956 	0.0259018 	-0.000118928 	0.000144454
2.13107 	0.025907 	-0.000118455 	0.000144639
2.13257 	0.0259122 	-0.000117982 	0.000144824
2.13407 	0.0259174 	-0.00011751 	0.000145009
2.13557 	0.0259226 	-0.000117037 	0.000145194
2.13707 	0.0259279 	-0.000116564 	0.000145379
2.13857 	0.0259331 	-0.000116092 	0.000145564
2.14007 	0.0259383 	-0.000115619 	0.000145749
2.14157 	0.0259435 	-0.000115146 	0.000145934
2.14307 	0.0259487 	-0.000114674 	0.000146119
2.14457 	0.025954 	-0.000114201 	0.000146304
2.14607 	0.0259592 	-0.000113707 	0.000146471
2.14757 	0.0259646 	-0.000113183 	0.000146612
2.14907 	0.02597 	-0.000112659 	0.000146754
2.15058 	0.0259754 	-0.000112135 	0.000146896
2.15208 	0.0259808 	-0.000111611 	0.000147037
2.15358 	0.0259862 	-0.000111087 	0.000147179
2.15508 	0.0259922 	-0.000110553 	0.000147302
2.15658 	0.0259985 	-0.000110016 	0.000147418
2.15808 	0.0260048 	-0.000109478 	0.000147534
2.15958 	0.0260111 	-0.000108941 	0.00014765
2.16108 	0.0260173 	-0.000108403 	0.000147766
2.16258 	0.0260236 	-0.000107866 	0.000147883
2.16408 	0.0260299 	-0.000107328 	0.000147999
2.16558 	0.0260362 	-0.000106791 	0.000148115
2.16708 	0.0260425 	-0.000106253 	0.000148231
2.16858 	0.0260487 	-0.000105716 	0.000148347
2.17009 	0.026055 	-0.000105178 	0.000148463
2.17159 	0.0260613 	-0.000104641 	0.00014858
2.17309 	0.0260676 	-0.000104103 	0.000148696
2.17459 	0.0260739 	-0.000103566 	0.000148812
2.17609 	0.0260801 	-0.000103028 	0.000148928
2.17759 	0.0260864 	-0.000102491 	0.000149044
2.17909 	0.0260927 	-0.00010194 	0.000149164
2.18059 	0.026099 	-0.000101349 	0.000149293
2.18209 	0.0261053 	-0.000100758 	0.000149423
2.18359 	0.0261116 	-0.000100167 	0.000149552
2.18509 	0.0261179 	-9.95755e-05 	0.000149681
2.18659 	0.0261241 	-9.89844e-05 	0.000149811
2.18809 	0.0261304 	-9.83934e-05 	0.00014994
2.18959 	0.0261367 	-9.78023e-05 	0.00015007
2.1911 	0.026143 	-9.72113e-05 	0.000150199
2.1926 	0.0261493 	-9.66203e-05 	0.000150328
2.1941 	0.0261556 	-9.60292e-05 	0.000150458
2.1956 	0.0261619 	-9.54382e-05 	0.000150587
2.1971 	0.0261682 	-9.48471e-05 	0.000150717
2.1986 	0.0261745 	-9.42561e-05 	0.000150846
2.2001 	0.0261808 	-9.36651e-05 	0.000150976
2.2016 	0.026187 	-9.3074e-05 	0.000151105
2.2031 	0.0261933 	-9.2483e-05 	0.000151234
2.2046 	0.0261996 	-9.18928e-05 	0.000151352
2.2061 	0.0262055 	-9.13075e-05 	0.000151406
2.2076 	0.0262114 	-9.07223e-05 	0.000151459
2.2091 	0.0262172 	-9.01844e-05 	0.000151466
2.21061 	0.0262229 	-8.97085e-05 	0.00015141
2.21211 	0.0262285 	-8.92327e-05 	0.000151355
2.21361 	0.0262341 	-8.87568e-05 	0.0001513
2.21511 	0.0262397 	-8.82809e-05 	0.000151244
2.21661 	0.0262453 	-8.7805e-05 	0.000151189
2.21811 	0.026251 	-8.73292e-05 	0.000151133
2.21961 	0.0262566 	-8.68533e-05 	0.000151078
2.22111 	0.0262622 	-8.63774e-05 	0.000151023
2.22261 	0.0262678 	-8.59016e-05 	0.000150967
2.22411 	0.0262735 	-8.54257e-05 	0.000150912
2.22561 	0.0262791 	-8.49498e-05 	0.000150856
2.22711 	0.0262847 	-8.4474e-05 	0.000150801
2.22861 	0.0262903 	-8.39981e-05 	0.000150746
2.23012 	0.0262959 	-8.35222e-05 	0.00015069
2.23162 	0.0263016 	-8.30464e-05 	0.000150635
2.23312 	0.0263072 	-8.25705e-05 	0.000150579
2.23462 	0.0263128 	-8.20795e-05 	0.000150523
2.23612 	0.0263183 	-8.15352e-05 	0.000150463
2.23762 	0.0263238 	-8.0991e-05 	0.000150402
2.23912 	0.0263293 	-8.04468e-05 	0.000150342
2.24062 	0.0263348 	-7.99026e-05 	0.000150281
2.24212 	0.0263403 	-7.93583e-05 	0.000150221
2.24362 	0.0263458 	-7.88141e-05 	0.000150161
2.24512 	0.0263514 	-7.82699e-05 	0.0001501
2.24662 	0.0263569 	-7.77256e-05 	0.00015004
2.24812 	0.0263624 	-7.71814e-05 	0.000149979
2.24962 	0.0263679 	-7.66372e-05 	0.000149919
2.25113 	0.0263734 	-7.6093e-05 	0.000149859
2.25263 	0.0263789 	-7.55487e-05 	0.000149798
2.25413 	0.0263844 	-7.50045e-05 	0.000149738
2.25563 	0.0263899 	-7.44603e-05 	0.000149677
2.25713 	0.0263954 	-7.3916e-05 	0.000149617
2.25863 	0.0264009 	-7.33718e-05 	0.000149557
2.26013 	0.0264064 	-7.28276e-05 	0.000149496
2.26163 	0.0264115 	-7.23316e-05 	0.000149437
2.26313 	0.026416 	-7.19087e-05 	0.000149379
2.26463 	0.0264205 	-7.14859e-05 	0.000149321
2.26613 	0.0264251 	-7.10631e-05 	0.000149263
2.26763 	0.0264296 	-7.06403e-05 	0.000149204
2.26913 	0.0264341 	-7.02175e-05 	0.000149146
2.27064 	0.0264386 	-6.97947e-05 	0.000149088
2.27214 	0.0264431 	-6.93718e-05 	0.00014903
2.27364 	0.0264476 	-6.8949e-05 	0.000148972
2.27514 	0.0264521 	-6.85262e-05 	0.000148913
2.27664 	0.0264566 	-6.81034e-05 	0.000148855
2.27814 	0.0264611 	-6.76806e-05 	0.000148797
2.27964 	0.0264656 	-6.72577e-05 	0.000148739
2.28114 	0.0264701 	-6.68349e-05 	0.000148681
2.28264 	0.0264746 	-6.64121e-05 	0.000148622
2.28414 	0.0264791 	-6.59893e-05 	0.000148564
2.28564 	0.0264836 	-6.55665e-05 	0.000148506
2.28714 	0.0264881 	-6.51437e-05 	0.000148448
2.28864 	0.0264931 	-6.46391e-05 	0.000148377
2.29015 	0.0264985 	-6.40842e-05 	0.000148298
2.29165 	0.0265038 	-6.35292e-05 	0.000148219
2.29315 	0.0265091 	-6.29743e-05 	0.000148141
2.29465 	0.0265144 	-6.24193e-05 	0.000148062
2.29615 	0.0265197 	-6.18644e-05 	0.000147983
2.29765 	0.026525 	-6.13094e-05 	0.000147905
2.29915 	0.0265303 	-6.07545e-05 	0.000147826
2.30065 	0.0265356 	-6.01995e-05 	0.000147747
2.30215 	0.0265409 	-5.96446e-05 	0.000147669
2.30365 	0.0265463 	-5.90896e-05 	0.00014759
2.30515 	0.0265516 	-5.85347e-05 	0.000147511
2.30665 	0.0265569 	-5.79797e-05 	0.000147433
2.30815 	0.0265622 	-5.74248e-05 	0.000147354
2.30965 	0.0265675 	-5.68698e-05 	0.000147275
2.31116 	0.0265728 	-5.63149e-05 	0.000147197
2.31266 	0.0265771 	-5.61017e-05 	0.000147126
2.31416 	0.0265809 	-5.60512e-05 	0.00014706
2.31566 	0.0265842 	-5.60338e-05 	0.000146996
2.31716 	0.0265867 	-5.60762e-05 	0.000146937
2.31866 	0.0265891 	-5.61187e-05 	0.000146877
2.32016 	0.0265915 	-5.61611e-05 	0.000146818
2.32166 	0.0265939 	-5.62036e-05 	0.000146759
2.32316 	0.0265963 	-5.6246e-05 	0.000146699
2.32466 	0.0265987 	-5.62884e-05 	0.00014664
2.32616 	0.0266011 	-5.63309e-05 	0.000146581
2.32766 	0.0266036 	-5.63733e-05 	0.000146521
2.32916 	0.026606 	-5.64158e-05 	0.000146462
2.33067 	0.0266084 	-5.64582e-05 	0.000146402
2.33217 	0.0266108 	-5.65007e-05 	0.000146343
2.33367 	0.0266132 	-5.65431e-05 	0.000146284
2.33517 	0.0266156 	-5.65855e-05 	0.000146224
2.33667 	0.0266181 	-5.6628e-05 	0.000146165
2.33817 	0.0266205 	-5.66704e-05 	0.000146106
2.33967 	0.0266232 	-5.63576e-05 	0.000146042
2.34117 	0.0266263 	-5.56711e-05 	0.000145974
2.34267 	0.0266294 	-5.49845e-05 	0.000145905
2.34417 	0.0266325 	-5.4298e-05 	0.000145837
2.34567 	0.0266356 	-5.36114e-05 	0.000145769
2.34717 	0.0266387 	-5.29248e-05 	0.000145701
2.34867 	0.0266418 	-5.22383e-05 	0.000145633
2.35018 	0.0266449 	-5.15517e-05 	0.000145565
2.35168 	0.026648 	-5.08652e-05 	0.000145496
2.35318 	0.0266511 	-5.01786e-05 	0.000145428
2.35468 	0.0266542 	-4.9492e-05 	0.00014536
2.35618 	0.0266573 	-4.88055e-05 	0.000145292
2.35768 	0.0266604 	-4.81189e-05 	0.000145224
2.35918 	0.0266635 	-4.74324e-05 	0.000145155
2.36068 	0.0266667 	-4.69308e-05 	0.000145067
2.36218 	0.0266705 	-4.68634e-05 	0.000144933
2.36368 	0.0266742 	-4.67961e-05 	0.000144798
2.36518 	0.026678 	-4.67287e-05 	0.000144664
2.36668 	0.0266817 	-4.66613e-05 	0.00014453
2.36818 	0.0266856 	-4.68188e-05 	0.00014434
2.36968 	0.0266894 	-4.69996e-05 	0.000144144
2.37119 	0.0266932 	-4.71804e-05 	0.000143948
2.37269 	0.0266971 	-4.73611e-05 	0.000143753
2.37419 	0.0267009 	-4.75419e-05 	0.000143557
2.37569 	0.0267047 	-4.77227e-05 	0.000143362
2.37719 	0.0267086 	-4.79034e-05 	0.000143166
2.37869 	0.0267124 	-4.80842e-05 	0.00014297
2.38019 	0.0267162 	-4.8265e-05 	0.000142775
2.38169 	0.0267201 	-4.84457e-05 	0.000142579
2.38319 	0.0267239 	-4.86265e-05 	0.000142384
2.38469 	0.0267277 	-4.88073e-05 	0.000142188
2.38619 	0.0267316 	-4.8988e-05 	0.000141992
2.38769 	0.0267354 	-4.91688e-05 	0.000141797
2.38919 	0.0267389 	-4.8254e-05 	0.000141607
2.3907 	0.0267423 	-4.71563e-05 	0.000141418
2.3922 	0.0267457 	-4.60586e-05 	0.000141229
2.3937 	0.0267492 	-4.49609e-05 	0.00014104
2.3952 	0.0267526 	-4.38631e-05 	0.000140851
2.3967 	0.026756 	-4.27654e-05 	0.000140662
2.3982 	0.0267594 	-4.16677e-05 	0.000140473
2.3997 	0.0267628 	-4.05699e-05 	0.000140284
2.4012 	0.0267663 	-3.94722e-05 	0.000140094
2.4027 	0.0267697 	-3.83745e-05 	0.000139905
2.4042 	0.0267731 	-3.72768e-05 	0.000139716
2.4057 	0.0267765 	-3.6179e-05 	0.000139527
2.4072 	0.0267799 	-3.5287e-05 	0.000139339
2.4087 	0.026783 	-3.48963e-05 	0.000139151
2.41021 	0.0267862 	-3.45056e-05 	0.000138963
2.41171 	0.0267893 	-3.41148e-05 	0.000138775
2.41321 	0.0267924 	-3.37241e-05 	0.000138587
2.41471 	0.0267956 	-3.33334e-05 	0.000138398
2.41621 	0.0267987 	-3.30135e-05 	0.000138212
2.41771 	0.0268015 	-3.32163e-05 	0.000138034
2.41921 	0.0268044 	-3.34192e-05 	0.000137857
2.42071 	0.0268072 	-3.3622e-05 	0.00013768
2.42221 	0.0268101 	-3.38249e-05 	0.000137503
2.42371 	0.0268129 	-3.40277e-05 	0.000137325
2.42521 	0.0268157 	-3.42306e-05 	0.000137148
2.42671 	0.0268186 	-3.44335e-05 	0.000136971
2.42821 	0.0268214 	-3.46363e-05 	0.000136794
2.42971 	0.0268243 	-3.48392e-05 	0.000136616
2.43122 	0.0268271 	-3.5042e-05 	0.000136439
2.43272 	0.0268299 	-3.52449e-05 	0.000136262
2.43422 	0.0268328 	-3.54478e-05 	0.000136084
2.43572 	0.0268353 	-3.47073e-05 	0.000135906
2.43722 	0.0268376 	-3.36408e-05 	0.000135727
2.43872 	0.02684 	-3.25743e-05 	0.000135549
2.44022 	0.0268424 	-3.15078e-05 	0.00013537
2.44172 	0.0268447 	-3.04413e-05 	0.000135191
2.44322 	0.0268471 	-2.93748e-05 	0.000135012
2.44472 	0.0268494 	-2.83083e-05 	0.000134834
2.44622 	0.0268518 	-2.72418e-05 	0.000134655
2.44772 	0.0268542 	-2.61753e-05 	0.000134476
2.44922 	0.0268565 	-2.51088e-05 	0.000134298
2.45073 	0.0268589 	-2.40423e-05 	0.000134119
2.45223 	0.0268609 	-2.34883e-05 	0.000133971
2.45373 	0.0268627 	-2.31881e-05 	0.000133838
2.45523 	0.0268645 	-2.28879e-05 	0.000133705
2.45673 	0.0268662 	-2.25877e-05 	0.000133572
2.45823 	0.026868 	-2.22875e-05 	0.00013344
2.45973 	0.0268698 	-2.19873e-05 	0.000133307
2.46123 	0.0268716 	-2.16871e-05 	0.000133174
2.46273 	0.0268734 	-2.13869e-05 	0.000133041
2.46423 	0.0268747 	-2.17356e-05 	0.00013296
2.46573 	0.026876 	-2.20859e-05 	0.000132879
2.46723 	0.0268772 	-2.24361e-05 	0.000132797
2.46873 	0.0268785 	-2.27864e-05 	0.000132716
2.47024 	0.0268798 	-2.31367e-05 	0.000132635
2.47174 	0.0268811 	-2.34869e-05 	0.000132554
2.47324 	0.0268824 	-2.38372e-05 	0.000132473
2.47474 	0.0268837 	-2.41875e-05 	0.000132391
2.47624 	0.0268849 	-2.45378e-05 	0.00013231
2.47774 	0.0268862 	-2.4888e-05 	0.000132229
2.47924 	0.0268874 	-2.50522e-05 	0.000132146
2.48074 	0.0268881 	-2.416e-05 	0.000132057
2.48224 	0.0268888 	-2.32679e-05 	0.000131968
2.48374 	0.0268894 	-2.23757e-05 	0.000131878
2.48524 	0.0268901 	-2.14836e-05 	0.000131789
2.48674 	0.0268908 	-2.05914e-05 	0.000131699
2.48824 	0.0268915 	-1.96993e-05 	0.00013161
2.48974 	0.0268921 	-1.88072e-05 	0.000131521
2.49125 	0.0268928 	-1.7915e-05 	0.000131431
2.49275 	0.0268935 	-1.70229e-05 	0.000131342
2.49425 	0.0268942 	-1.63873e-05 	0.000131249
2.49575 	0.0268949 	-1.6082e-05 	0.000131151
2.49725 	0.0268956 	-1.57767e-05 	0.000131053
2.49875 	0.0268963 	-1.54714e-05 	0.000130955
2.50025 	0.026897 	-1.51662e-05 	0.000130858
2.50175 	0.0268977 	-1.48609e-05 	0.00013076
2.50325 	0.0268984 	-1.45556e-05 	0.000130662
2.50475 	0.0268991 	-1.42503e-05 	0.000130564
2.50625 	0.0268998 	-1.3945e-05 	0.000130467
2.50775 	0.0269005 	-1.39e-05 	0.000130365
2.50925 	0.0269013 	-1.40853e-05 	0.000130259
2.51076 	0.026902 	-1.42705e-05 	0.000130154
2.51226 	0.0269028 	-1.44557e-05 	0.000130049
2.51376 	0.0269035 	-1.46409e-05 	0.000129944
2.51526 	0.0269043 	-1.48261e-05 	0.000129838
2.51676 	0.0269051 	-1.50113e-05 	0.000129733
2.51826 	0.0269058 	-1.51965e-05 	0.000129628
2.51976 	0.0269066 	-1.53818e-05 	0.000129522
2.52126 	0.0269073 	-1.54813e-05 	0.000129416
2.52276 	0.0269074 	-1.44343e-05 	0.0001293
2.52426 	0.0269075 	-1.33872e-05 	0.000129184
2.52576 	0.0269075 	-1.23402e-05 	0.000129068
2.52726 	0.0269076 	-1.12932e-05 	0.000128952
2.52876 	0.0269077 	-1.02461e-05 	0.000128835
2.53027 	0.0269078 	-9.19906e-06 	0.000128719
2.53177 	0.0269079 	-8.15202e-06 	0.000128603
2.53327 	0.0269079 	-7.10497e-06 	0.000128487
2.53477 	0.0269077 	-6.44821e-06 	0.000128369
2.53627 	0.0269071 	-6.06004e-06 	0.000128251
2.53777 	0.0269066 	-5.67187e-06 	0.000128133
2.53927 	0.0269061 	-5.2837e-06 	0.000128015
2.54077 	0.0269056 	-4.89553e-06 	0.000127897
2.54227 	0.026905 	-4.50736e-06 	0.000127779
2.54377 	0.0269045 	-4.11919e-06 	0.000127661
2.54527 	0.026904 	-3.73102e-06 	0.000127543
2.54677 	0.0269034 	-3.34285e-06 	0.000127425
2.54827 	0.0269029 	-2.95468e-06 	0.000127307
2.54977 	0.026902 	-2.9568e-06 	0.000127186
2.55128 	0.0269009 	-3.12891e-06 	0.000127064
2.55278 	0.0268999 	-3.30101e-06 	0.000126941
2.55428 	0.0268988 	-3.47312e-06 	0.000126819
2.55578 	0.0268977 	-3.64522e-06 	0.000126696
2.55728 	0.0268966 	-3.81733e-06 	0.000126574
2.55878 	0.0268956 	-3.98943e-06 	0.000126451
2.56028 	0.0268945 	-4.16154e-06 	0.000126329
2.56178 	0.026893 	-3.74148e-06 	0.000126201
2.56328 	0.0268911 	-2.69268e-06 	0.000126069
2.56478 	0.0268892 	-1.64388e-06 	0.000125936
2.56628 	0.0268873 	-5.95086e-07 	0.000125804
2.56778 	0.0268854 	4.53711e-07 	0.000125671
2.56928 	0.0268835 	1.50251e-06 	0.000125538
2.57079 	0.0268816 	2.55131e-06 	0.000125406
2.57229 	0.0268797 	3.5105e-06 	0.000125273
2.57379 	0.026878 	3.82321e-06 	0.000125142
2.57529 	0.0268763 	4.13592e-06 	0.000125012
2.57679 	0.0268746 	4.44863e-06 	0.000124881
2.57829 	0.0268729 	4.76134e-06 	0.00012475
2.57979 	0.0268712 	5.07406e-06 	0.00012462
2.58129 	0.0268695 	5.38677e-06 	0.000124489
2.58279 	0.0268678 	5.69948e-06 	0.000124358
2.58429 	0.0268661 	6.01219e-06 	0.000124227
2.58579 	0.0268644 	6.3249e-06 	0.000124097
2.58729 	0.0268627 	6.63761e-06 	0.000123966
2.58879 	0.026861 	6.67377e-06 	0.000123821
2.5903 	0.0268591 	6.3886e-06 	0.00012366
2.5918 	0.0268573 	6.10344e-06 	0.000123499
2.5933 	0.0268555 	5.81827e-06 	0.000123338
2.5948 	0.0268536 	5.53311e-06 	0.000123177
2.5963 	0.0268518 	5.24795e-06 	0.000123015
2.5978 	0.0268499 	4.96278e-06 	0.000122854
2.5993 	0.0268481 	5.0859e-06 	0.000122714
2.6008 	0.0268462 	5.90276e-06 	0.00012261
2.6023 	0.0268443 	6.71961e-06 	0.000122506
2.6038 	0.0268425 	7.53646e-06 	0.000122402
2.6053 	0.0268406 	8.35331e-06 	0.000122298
2.6068 	0.0268387 	9.17017e-06 	0.000122194
2.6083 	0.0268368 	9.98432e-06 	0.000122089
2.6098 	0.0268329 	1.03174e-05 	0.000121807
2.61131 	0.0268291 	1.06506e-05 	0.000121524
2.61281 	0.0268252 	1.09837e-05 	0.000121242
2.61431 	0.0268214 	1.13168e-05 	0.00012096
2.61581 	0.0268175 	1.16499e-05 	0.000120677
2.61731 	0.0268137 	1.19831e-05 	0.000120395
2.61881 	0.0268098 	1.23162e-05 	0.000120113
2.62031 	0.026806 	1.26493e-05 	0.00011983
2.62181 	0.0268021 	1.29824e-05 	0.000119548
2.62331 	0.0267983 	1.33155e-05 	0.000119265
2.62481 	0.0267944 	1.36487e-05 	0.000118983
2.62631 	0.0267891 	1.36637e-05 	0.000118573
2.62781 	0.0267834 	1.3593e-05 	0.000118129
2.62931 	0.0267777 	1.35222e-05 	0.000117685
2.63082 	0.026772 	1.34515e-05 	0.00011724
2.63232 	0.0267663 	1.33808e-05 	0.000116796
2.63382 	0.0267606 	1.331e-05 	0.000116352
2.63532 	0.0267548 	1.39896e-05 	0.000115936
2.63682 	0.0267489 	1.50023e-05 	0.000115532
2.63832 	0.026743 	1.6015e-05 	0.000115128
2.63982 	0.0267371 	1.70277e-05 	0.000114725
2.64132 	0.0267312 	1.80404e-05 	0.000114321
2.64282 	0.0267249 	1.89299e-05 	0.000113893
2.64432 	0.0267174 	1.93763e-05 	0.000113379
2.64582 	0.0267098 	1.98227e-05 	0.000112864
2.64732 	0.0267023 	2.02691e-05 	0.000112349
2.64882 	0.0266947 	2.07155e-05 	0.000111834
2.65033 	0.0266872 	2.11619e-05 	0.000111319
2.65183 	0.0266796 	2.16083e-05 	0.000110804
2.65333 	0.0266721 	2.20547e-05 	0.00011029
2.65483 	0.0266646 	2.25011e-05 	0.000109775
2.65633 	0.026657 	2.29475e-05 	0.00010926
2.65783 	0.0266495 	2.33939e-05 	0.000108745
2.65933 	0.0266419 	2.38402e-05 	0.00010823
2.66083 	0.0266338 	2.3961e-05 	0.000107673
2.66233 	0.0266252 	2.38852e-05 	0.00010709
2.66383 	0.0266167 	2.38094e-05 	0.000106508
2.66533 	0.0266081 	2.37336e-05 	0.000105925
2.66683 	0.0265996 	2.36578e-05 	0.000105342
2.66833 	0.0265903 	2.40619e-05 	0.000104735
2.66983 	0.02658 	2.51523e-05 	0.000104093
2.67134 	0.0265697 	2.62427e-05 	0.000103451
2.67284 	0.0265594 	2.73331e-05 	0.000102809
2.67434 	0.0265491 	2.84236e-05 	0.000102166
2.67584 	0.0265403 	2.89898e-05 	0.000101643
2.67734 	0.0265322 	2.93575e-05 	0.000101164
2.67884 	0.026524 	2.97252e-05 	0.000100686
2.68034 	0.0265159 	3.00929e-05 	0.000100207
2.68184 	0.0265077 	3.04606e-05 	9.9729e-05
2.68334 	0.0264995 	3.08283e-05 	9.92506e-05
2.68484 	0.0264914 	3.1196e-05 	9.87721e-05
2.68634 	0.0264832 	3.15637e-05 	9.82937e-05
2.68784 	0.0264751 	3.19314e-05 	9.78152e-05
2.68934 	0.0264669 	3.22991e-05 	9.73367e-05
2.69085 	0.0264588 	3.26668e-05 	9.68583e-05
2.69235 	0.0264506 	3.30344e-05 	9.63798e-05
2.69385 	0.0264444 	3.2824e-05 	9.60364e-05
2.69535 	0.0264384 	3.2561e-05 	9.57052e-05
2.69685 	0.0264323 	3.22981e-05 	9.5374e-05
2.69835 	0.0264263 	3.20351e-05 	9.50429e-05
2.69985 	0.0264196 	3.23117e-05 	9.47014e-05
2.70135 	0.0264122 	3.31668e-05 	9.43488e-05
2.70285 	0.0264047 	3.40219e-05 	9.39962e-05
2.70435 	0.0263973 	3.4877e-05 	9.36437e-05
2.70585 	0.0263881 	3.53797e-05 	9.32283e-05
2.70735 	0.0263769 	3.55185e-05 	9.2748e-05
2.70885 	0.0263658 	3.56572e-05 	9.22678e-05
2.71036 	0.0263547 	3.57959e-05 	9.17875e-05
2.71186 	0.0263436 	3.59346e-05 	9.13072e-05
2.71336 	0.0263325 	3.60734e-05 	9.08269e-05
2.71486 	0.0263213 	3.62121e-05 	9.03467e-05
2.71636 	0.0263102 	3.63508e-05 	8.98664e-05
2.71786 	0.0262991 	3.64895e-05 	8.93861e-05
2.71936 	0.026288 	3.66283e-05 	8.89058e-05
2.72086 	0.0262768 	3.6767e-05 	8.84256e-05
2.72236 	0.0262657 	3.69057e-05 	8.79453e-05
2.72386 	0.0262524 	3.66642e-05 	8.73824e-05
2.72536 	0.0262378 	3.61787e-05 	8.67665e-05
2.72686 	0.0262232 	3.56932e-05 	8.61505e-05
2.72836 	0.0262086 	3.52077e-05 	8.55346e-05
2.72986 	0.0261936 	3.47282e-05 	8.48976e-05
2.73137 	0.0261786 	3.42496e-05 	8.42572e-05
2.73287 	0.0261635 	3.37711e-05 	8.36167e-05
2.73437 	0.0261481 	3.36427e-05 	8.30089e-05
2.73587 	0.0261321 	3.38993e-05 	8.24369e-05
2.73737 	0.0261161 	3.41559e-05 	8.18649e-05
2.73887 	0.0261001 	3.44125e-05 	8.12929e-05
2.74037 	0.0260841 	3.46691e-05 	8.07209e-05
2.74187 	0.0260681 	3.49257e-05 	8.01489e-05
2.74337 	0.0260521 	3.51823e-05 	7.95769e-05
2.74487 	0.0260361 	3.54389e-05 	7.90049e-05
2.74637 	0.0260201 	3.56955e-05 	7.84329e-05
2.74787 	0.0260041 	3.59521e-05 	7.78609e-05
2.74937 	0.0259881 	3.62087e-05 	7.72889e-05
2.75088 	0.0259721 	3.64653e-05 	7.67169e-05
2.75238 	0.0259542 	3.72601e-05 	7.61472e-05
2.75388 	0.0259352 	3.8358e-05 	7.55789e-05
2.75538 	0.0259163 	3.94558e-05 	7.50105e-05
2.75688 	0.025895 	4.0123e-05 	7.43409e-05
2.75838 	0.0258711 	4.03274e-05 	7.35625e-05
2.75988 	0.0258473 	4.05318e-05 	7.27841e-05
2.76138 	0.0258273 	4.09094e-05 	7.21493e-05
2.76288 	0.0258096 	4.13868e-05 	7.15971e-05
2.76438 	0.0257919 	4.18641e-05 	7.1045e-05
2.76588 	0.0257741 	4.23415e-05 	7.04928e-05
2.76738 	0.0257564 	4.28189e-05 	6.99406e-05
2.76888 	0.0257387 	4.32962e-05 	6.93885e-05
2.77039 	0.0257209 	4.37736e-05 	6.88363e-05
2.77189 	0.0257032 	4.42509e-05 	6.82842e-05
2.77339 	0.0256855 	4.47283e-05 	6.7732e-05
2.77489 	0.0256677 	4.52057e-05 	6.71798e-05
2.77639 	0.02565 	4.5683e-05 	6.66277e-05
2.77789 	0.0256323 	4.61604e-05 	6.60755e-05
2.77939 	0.0256202 	4.69502e-05 	6.57472e-05
2.78089 	0.0256085 	4.77579e-05 	6.54318e-05
2.78239 	0.0255955 	4.82885e-05 	6.50628e-05
2.78389 	0.0255795 	4.81846e-05 	6.45713e-05
2.78539 	0.0255636 	4.80807e-05 	6.40799e-05
2.78689 	0.0255395 	4.8558e-05 	6.34614e-05
2.78839 	0.0255146 	4.90861e-05 	6.28318e-05
2.78989 	0.0254897 	4.96142e-05 	6.22021e-05
2.7914 	0.0254648 	5.01423e-05 	6.15725e-05
2.7929 	0.02544 	5.06704e-05 	6.09429e-05
2.7944 	0.0254151 	5.11985e-05 	6.03133e-05
2.7959 	0.0253902 	5.17266e-05 	5.96837e-05
2.7974 	0.0253654 	5.22547e-05 	5.90541e-05
2.7989 	0.0253405 	5.27828e-05 	5.84245e-05
2.8004 	0.0253156 	5.33109e-05 	5.77949e-05
2.8019 	0.0252907 	5.38391e-05 	5.71653e-05
2.8034 	0.0252629 	5.46602e-05 	5.65092e-05
2.8049 	0.0252316 	5.58216e-05 	5.58224e-05
2.8064 	0.0252001 	5.6719e-05 	5.5127e-05
2.8079 	0.0251681 	5.68917e-05 	5.4408e-05
2.8094 	0.0251379 	5.71464e-05 	5.3752e-05
2.81091 	0.0251119 	5.76088e-05 	5.32559e-05
2.81241 	0.025086 	5.80712e-05 	5.27598e-05
2.81391 	0.02506 	5.85336e-05 	5.22637e-05
2.81541 	0.0250341 	5.8996e-05 	5.17676e-05
2.81691 	0.0250081 	5.94584e-05 	5.12715e-05
2.81841 	0.0249822 	5.99208e-05 	5.07754e-05
2.81991 	0.0249563 	6.03832e-05 	5.02792e-05
2.82141 	0.0249303 	6.08456e-05 	4.97831e-05
2.82291 	0.0249044 	6.1308e-05 	4.9287e-05
2.82441 	0.0248784 	6.17704e-05 	4.87909e-05
2.82591 	0.0248532 	6.22783e-05 	4.83215e-05
2.82741 	0.0248332 	6.30989e-05 	4.80354e-05
2.82891 	0.0248133 	6.36085e-05 	4.77457e-05
2.83042 	0.0247937 	6.34402e-05 	4.7448e-05
2.83192 	0.0247658 	6.36517e-05 	4.71038e-05
2.83342 	0.024734 	6.40455e-05 	4.67372e-05
2.83492 	0.0247021 	6.44394e-05 	4.63706e-05
2.83642 	0.0246702 	6.48333e-05 	4.6004e-05
2.83792 	0.0246383 	6.52272e-05 	4.56375e-05
2.83942 	0.0246064 	6.56211e-05 	4.52709e-05
2.84092 	0.0245745 	6.60149e-05 	4.49043e-05
2.84242 	0.0245427 	6.64088e-05 	4.45377e-05
2.84392 	0.0245108 	6.68027e-05 	4.41712e-05
2.84542 	0.0244789 	6.71966e-05 	4.38046e-05
2.84692 	0.024447 	6.75905e-05 	4.3438e-05
2.84842 	0.0244045 	6.85344e-05 	4.30029e-05
2.84992 	0.0243598 	6.9189e-05 	4.25454e-05
2.85143 	0.0243146 	6.92792e-05 	4.20765e-05
2.85293 	0.0242783 	6.96162e-05 	4.17808e-05
2.85443 	0.0242419 	6.99532e-05 	4.14852e-05
2.85593 	0.0242056 	7.02902e-05 	4.11896e-05
2.85743 	0.0241692 	7.06271e-05 	4.0894e-05
2.85893 	0.0241329 	7.09641e-05 	4.05984e-05
2.86043 	0.0240965 	7.13011e-05 	4.03028e-05
2.86193 	0.0240602 	7.16381e-05 	4.00071e-05
2.86343 	0.0240238 	7.19751e-05 	3.97115e-05
2.86493 	0.0239874 	7.2312e-05 	3.94159e-05
2.86643 	0.0239511 	7.2649e-05 	3.91203e-05
2.86793 	0.0239205 	7.32054e-05 	3.89236e-05
2.86943 	0.0238928 	7.34834e-05 	3.87602e-05
2.87094 	0.0238593 	7.33941e-05 	3.86095e-05
2.87244 	0.0238152 	7.35855e-05 	3.85359e-05
2.87394 	0.0237711 	7.37769e-05 	3.84622e-05
2.87544 	0.0237269 	7.39683e-05 	3.83885e-05
2.87694 	0.0236828 	7.41596e-05 	3.83149e-05
2.87844 	0.0236386 	7.4351e-05 	3.82412e-05
2.87994 	0.0235945 	7.45424e-05 	3.81675e-05
2.88144 	0.0235504 	7.47338e-05 	3.80939e-05
2.88294 	0.0235062 	7.49252e-05 	3.80202e-05
2.88444 	0.0234621 	7.51166e-05 	3.79466e-05
2.88594 	0.0234119 	7.5496e-05 	3.79121e-05
2.88744 	0.0233497 	7.58511e-05 	3.79281e-05
2.88894 	0.0232925 	7.58213e-05 	3.79656e-05
2.89045 	0.023242 	7.5911e-05 	3.80452e-05
2.89195 	0.0231916 	7.60008e-05 	3.81249e-05
2.89345 	0.0231412 	7.60906e-05 	3.82045e-05
2.89495 	0.0230907 	7.61803e-05 	3.82842e-05
2.89645 	0.0230403 	7.62701e-05 	3.83638e-05
2.89795 	0.0229899 	7.63599e-05 	3.84434e-05
2.89945 	0.0229394 	7.64497e-05 	3.85231e-05
2.90095 	0.022889 	7.65394e-05 	3.86027e-05
2.90245 	0.0228385 	7.66292e-05 	3.86824e-05
2.90395 	0.0228007 	7.68771e-05 	3.88557e-05
2.90545 	0.0227584 	7.66723e-05 	3.9043e-05
2.90695 	0.0227144 	7.66173e-05 	3.92521e-05
2.90845 	0.0226704 	7.65624e-05 	3.94612e-05
2.90995 	0.0226265 	7.65074e-05 	3.96703e-05
2.91146 	0.0225825 	7.64524e-05 	3.98793e-05
2.91296 	0.0225385 	7.63975e-05 	4.00884e-05
2.91446 	0.0224945 	7.63425e-05 	4.02975e-05
2.91596 	0.0224506 	7.62876e-05 	4.05066e-05
2.91746 	0.0224066 	7.62326e-05 	4.07157e-05
2.91896 	0.0223571 	7.63455e-05 	4.09896e-05
2.92046 	0.0223084 	7.60779e-05 	4.13004e-05
2.92196 	0.0222352 	7.58113e-05 	4.18048e-05
2.92346 	0.0221619 	7.55447e-05 	4.23091e-05
2.92496 	0.0220887 	7.52781e-05 	4.28135e-05
2.92646 	0.0220155 	7.50115e-05 	4.33178e-05
2.92796 	0.0219422 	7.47449e-05 	4.38222e-05
2.92946 	0.021869 	7.44783e-05 	4.43266e-05
2.93097 	0.0217957 	7.42117e-05 	4.48309e-05
2.93247 	0.0217225 	7.39451e-05 	4.53353e-05
2.93397 	0.0216242 	7.36704e-05 	4.60503e-05
2.93547 	0.021536 	7.31905e-05 	4.66985e-05
2.93697 	0.0214493 	7.27531e-05 	4.73316e-05
2.93847 	0.0213625 	7.23158e-05 	4.79647e-05
2.93997 	0.0212758 	7.18784e-05 	4.85978e-05
2.94147 	0.0211891 	7.1441e-05 	4.9231e-05
2.94297 	0.0211024 	7.10037e-05 	4.98641e-05
2.94447 	0.0210156 	7.05663e-05 	5.04972e-05
2.94597 	0.0209289 	7.01289e-05 	5.11304e-05
2.94747 	0.0208521 	6.97289e-05 	5.16514e-05
2.94897 	0.0207359 	6.89721e-05 	5.22807e-05
2.95048 	0.0206197 	6.82154e-05 	5.29099e-05
2.95198 	0.0205035 	6.74587e-05 	5.35392e-05
2.95348 	0.0203873 	6.6702e-05 	5.41685e-05
2.95498 	0.0202711 	6.59452e-05 	5.47978e-05
2.95648 	0.0201549 	6.51885e-05 	5.54271e-05
2.95798 	0.0200387 	6.44318e-05 	5.60564e-05
2.95948 	0.0199011 	6.35861e-05 	5.67369e-05
2.96098 	0.0197528 	6.25608e-05 	5.72783e-05
2.96248 	0.0196081 	6.15728e-05 	5.77961e-05
2.96398 	0.0194635 	6.05848e-05 	5.83138e-05
2.96548 	0.0193188 	5.95968e-05 	5.88315e-05
2.96698 	0.0191741 	5.86088e-05 	5.93493e-05
2.96848 	0.0190294 	5.76208e-05 	5.9867e-05
2.96998 	0.0188848 	5.66328e-05 	6.03848e-05
2.97149 	0.0187488 	5.57244e-05 	6.06662e-05
2.97299 	0.018607 	5.47653e-05 	6.08055e-05
2.97449 	0.0184651 	5.38063e-05 	6.09447e-05
2.97599 	0.0183232 	5.28472e-05 	6.10839e-05
2.97749 	0.0181814 	5.18881e-05 	6.12232e-05
2.97899 	0.0180395 	5.0929e-05 	6.13624e-05
2.98049 	0.0178976 	4.997e-05 	6.15016e-05
2.98199 	0.0177365 	4.89369e-05 	6.1483e-05
2.98349 	0.017552 	4.77881e-05 	6.12971e-05
2.98499 	0.0173675 	4.66392e-05 	6.11112e-05
2.98649 	0.017183 	4.54903e-05 	6.09252e-05
2.98799 	0.0169985 	4.43415e-05 	6.07393e-05
2.98949 	0.016814 	4.31926e-05 	6.05534e-05
2.991 	0.016629 	4.20515e-05 	6.03622e-05
2.9925 	0.0139683 	3.52904e-05 	5.07189e-05
2.994 	0.0111796 	2.8243e-05 	4.05935e-05
2.9955 	0.00839088 	2.11956e-05 	3.04682e-05
2.997 	0.00560214 	1.41482e-05 	2.03428e-05
2.9985 	0.00281341 	7.10076e-06 	1.02175e-05
3 	0 	0 	0
