0 	0 	0 	0
0.00150075 	-1.12473e-05 	1.33356e-06 	-3.15645e-06
0.0030015 	-2.24946e-05 	2.66712e-06 	-6.31289e-06
0.00450225 	3.04853e-06 	5.82162e-06 	-9.58382e-06
0.006003 	4.33647e-05 	9.60101e-06 	-1.28515e-05
0.00750375 	0.000126084 	1.4884e-05 	-1.59755e-05
0.0090045 	0.000208748 	2.01664e-05 	-1.91002e-05
0.0105053 	0.000273355 	2.52599e-05 	-2.24361e-05
0.012006 	0.000337962 	3.03535e-05 	-2.5772e-05
0.0135068 	0.000416916 	3.69767e-05 	-2.89298e-05
0.0150075 	0.000501478 	4.41975e-05 	-3.20181e-05
0.0165083 	0.000602138 	5.22143e-05 	-3.48551e-05
0.018009 	0.000707557 	6.04664e-05 	-3.76179e-05
0.0195098 	0.000802696 	6.89316e-05 	-4.05434e-05
0.0210105 	0.000887831 	7.76042e-05 	-4.36272e-05
0.0225113 	0.000974334 	8.64132e-05 	-4.66736e-05
0.024012 	0.00107261 	9.63968e-05 	-4.93992e-05
0.0255128 	0.00117088 	0.00010638 	-5.21247e-05
0.0270135 	0.00128145 	0.000116038 	-5.44738e-05
0.0285143 	0.00139415 	0.000125639 	-5.67579e-05
0.030015 	0.00149675 	0.00013622 	-5.92761e-05
0.0315158 	0.00158815 	0.000147891 	-6.20544e-05
0.0330165 	0.00167954 	0.000159561 	-6.48328e-05
0.0345173 	0.00177579 	0.000170758 	-6.69238e-05
0.036018 	0.00187227 	0.000181933 	-6.89828e-05
0.0375188 	0.00197095 	0.000192302 	-7.07785e-05
0.0390195 	0.00207369 	0.000201183 	-7.20883e-05
0.0405203 	0.00217643 	0.000210065 	-7.3398e-05
0.042021 	0.00226145 	0.000222519 	-7.52925e-05
0.0435218 	0.00234367 	0.000235538 	-7.72794e-05
0.0450225 	0.00242646 	0.000248083 	-7.90537e-05
0.0465233 	0.00251111 	0.000259092 	-8.01402e-05
0.048024 	0.00259576 	0.000270101 	-8.12266e-05
0.0495248 	0.00268107 	0.000280296 	-8.21204e-05
0.0510255 	0.00276869 	0.00028766 	-8.23448e-05
0.0525263 	0.0028563 	0.000295025 	-8.25693e-05
0.054027 	0.00293215 	0.000306207 	-8.32884e-05
0.0555278 	0.00300119 	0.000319594 	-8.42932e-05
0.0570285 	0.00307024 	0.000332981 	-8.52981e-05
0.0585293 	0.00313383 	0.000342385 	-8.55335e-05
0.06003 	0.00319685 	0.000351376 	-8.56894e-05
0.0615308 	0.00325988 	0.000360368 	-8.58452e-05
0.0630315 	0.00332371 	0.00036747 	-8.56476e-05
0.0645323 	0.00338865 	0.000371971 	-8.49633e-05
0.066033 	0.00345359 	0.000376472 	-8.4279e-05
0.0675338 	0.00351807 	0.000388346 	-8.40304e-05
0.0690345 	0.00358239 	0.000402808 	-8.39346e-05
0.0705353 	0.00364671 	0.00041727 	-8.38389e-05
0.072036 	0.00369984 	0.000425908 	-8.32975e-05
0.0735368 	0.00375207 	0.000434074 	-8.272e-05
0.0750375 	0.00380431 	0.00044224 	-8.21425e-05
0.0765383 	0.00385654 	0.000450405 	-8.15649e-05
0.078039 	0.00390356 	0.000453012 	-8.05166e-05
0.0795398 	0.00394996 	0.000454949 	-7.94117e-05
0.0810405 	0.00399822 	0.000458653 	-7.83299e-05
0.0825413 	0.00405823 	0.000473584 	-7.73954e-05
0.084042 	0.00411825 	0.000488514 	-7.64608e-05
0.0855428 	0.00417441 	0.000501566 	-7.55437e-05
0.0870435 	0.00421902 	0.000508972 	-7.46787e-05
0.0885443 	0.00426362 	0.000516378 	-7.38137e-05
0.090045 	0.00430822 	0.000523785 	-7.29487e-05
0.0915458 	0.00435282 	0.000531191 	-7.20837e-05
0.0930465 	0.00438743 	0.000533687 	-7.12454e-05
0.0945473 	0.00441496 	0.00053271 	-7.04258e-05
0.096048 	0.0044425 	0.000531732 	-6.96063e-05
0.0975488 	0.00446391 	0.00053829 	-6.91004e-05
0.0990495 	0.00448351 	0.000547067 	-6.8687e-05
0.10055 	0.00450312 	0.000555844 	-6.82735e-05
0.102051 	0.0045379 	0.000562832 	-6.7372e-05
0.103552 	0.00457565 	0.000569469 	-6.6375e-05
0.105053 	0.0046134 	0.000576106 	-6.53779e-05
0.106553 	0.00465115 	0.000582744 	-6.43809e-05
0.108054 	0.0046889 	0.000589381 	-6.33839e-05
0.109555 	0.00473362 	0.0005947 	-6.21447e-05
0.111056 	0.00478709 	0.000598366 	-6.06017e-05
0.112556 	0.00484055 	0.000602031 	-5.90588e-05
0.114057 	0.00487773 	0.000609553 	-5.79759e-05
0.115558 	0.00490401 	0.000619657 	-5.72011e-05
0.117059 	0.00493029 	0.00062976 	-5.64263e-05
0.118559 	0.00496322 	0.000637663 	-5.5559e-05
0.12006 	0.00499989 	0.000644326 	-5.46397e-05
0.121561 	0.00503657 	0.000650989 	-5.37203e-05
0.123062 	0.00507325 	0.000657652 	-5.2801e-05
0.124562 	0.00510992 	0.000664315 	-5.18817e-05
0.126063 	0.0051466 	0.000670979 	-5.09624e-05
0.127564 	0.00518668 	0.000675968 	-4.99901e-05
0.129065 	0.00523172 	0.000678526 	-4.8941e-05
0.130565 	0.00527676 	0.000681085 	-4.78919e-05
0.132066 	0.00530933 	0.000687615 	-4.71624e-05
0.133567 	0.00533223 	0.000697232 	-4.66813e-05
0.135068 	0.00535512 	0.000706848 	-4.62002e-05
0.136568 	0.00538106 	0.000713753 	-4.56897e-05
0.138069 	0.0054089 	0.000718956 	-4.51609e-05
0.13957 	0.00543675 	0.000724158 	-4.46321e-05
0.141071 	0.00546459 	0.000729361 	-4.41033e-05
0.142571 	0.00549243 	0.000734563 	-4.35745e-05
0.144072 	0.00552028 	0.000739766 	-4.30457e-05
0.145573 	0.00554812 	0.000744969 	-4.25168e-05
0.147074 	0.00557769 	0.000748205 	-4.1951e-05
0.148574 	0.00560967 	0.00074869 	-4.13334e-05
0.150075 	0.00564164 	0.000749175 	-4.07158e-05
0.151576 	0.00567013 	0.000755569 	-4.02872e-05
0.153077 	0.00569637 	0.00076574 	-3.99795e-05
0.154577 	0.00572262 	0.00077591 	-3.96717e-05
0.156078 	0.00574737 	0.000782084 	-3.93274e-05
0.157579 	0.00577151 	0.000786646 	-3.89685e-05
0.15908 	0.00579566 	0.000791208 	-3.86095e-05
0.16058 	0.0058198 	0.000795771 	-3.82505e-05
0.162081 	0.00584395 	0.000800333 	-3.78916e-05
0.163582 	0.0058681 	0.000804895 	-3.75326e-05
0.165083 	0.00589224 	0.000809457 	-3.71736e-05
0.166583 	0.00591639 	0.000814019 	-3.68147e-05
0.168084 	0.00593946 	0.000816211 	-3.64078e-05
0.169585 	0.00596099 	0.000814948 	-3.59313e-05
0.171086 	0.00598251 	0.000813685 	-3.54547e-05
0.172586 	0.00600921 	0.000820461 	-3.50876e-05
0.174087 	0.0060383 	0.000830926 	-3.47706e-05
0.175588 	0.00606738 	0.000841391 	-3.44537e-05
0.177089 	0.00609235 	0.000846582 	-3.41074e-05
0.178589 	0.00611681 	0.000851107 	-3.37575e-05
0.18009 	0.00614127 	0.000855632 	-3.34076e-05
0.181591 	0.00616572 	0.000860157 	-3.30577e-05
0.183092 	0.00619018 	0.000864682 	-3.27078e-05
0.184592 	0.00621463 	0.000869207 	-3.23579e-05
0.186093 	0.00623909 	0.000873732 	-3.20079e-05
0.187594 	0.00626355 	0.000878257 	-3.1658e-05
0.189095 	0.006288 	0.000882782 	-3.13081e-05
0.190595 	0.00631072 	0.000885355 	-3.09368e-05
0.192096 	0.00632961 	0.000883636 	-3.05185e-05
0.193597 	0.0063485 	0.000881916 	-3.01002e-05
0.195098 	0.00637312 	0.000888513 	-2.98169e-05
0.196598 	0.00639983 	0.00089814 	-2.95829e-05
0.198099 	0.00642587 	0.000907197 	-2.93436e-05
0.1996 	0.00644548 	0.000910701 	-2.90531e-05
0.201101 	0.00646508 	0.000914204 	-2.87626e-05
0.202601 	0.00648469 	0.000917708 	-2.84721e-05
0.204102 	0.00650429 	0.000921211 	-2.81816e-05
0.205603 	0.0065239 	0.000924715 	-2.78911e-05
0.207104 	0.0065435 	0.000928218 	-2.76006e-05
0.208604 	0.0065631 	0.000931722 	-2.73101e-05
0.210105 	0.00658271 	0.000935225 	-2.70196e-05
0.211606 	0.00660231 	0.000938729 	-2.67291e-05
0.213107 	0.00662192 	0.000942232 	-2.64387e-05
0.214607 	0.00664101 	0.000945318 	-2.61461e-05
0.216108 	0.00665291 	0.000942541 	-2.58243e-05
0.217609 	0.00666481 	0.000939765 	-2.55026e-05
0.21911 	0.00667599 	0.000943559 	-2.53875e-05
0.22061 	0.00668685 	0.000950222 	-2.53627e-05
0.222111 	0.00669985 	0.000955883 	-2.52601e-05
0.223612 	0.00671829 	0.000958982 	-2.49588e-05
0.225113 	0.00673674 	0.00096208 	-2.46574e-05
0.226613 	0.00675518 	0.000965179 	-2.43561e-05
0.228114 	0.00677363 	0.000968277 	-2.40547e-05
0.229615 	0.00679208 	0.000971376 	-2.37534e-05
0.231116 	0.00681052 	0.000974474 	-2.3452e-05
0.232616 	0.00682897 	0.000977573 	-2.31507e-05
0.234117 	0.00684741 	0.000980672 	-2.28493e-05
0.235618 	0.00686586 	0.00098377 	-2.2548e-05
0.237119 	0.0068843 	0.000986869 	-2.22466e-05
0.238619 	0.00690275 	0.000989967 	-2.19453e-05
0.24012 	0.00692119 	0.000993066 	-2.16439e-05
0.241621 	0.00694352 	0.000993917 	-2.12062e-05
0.243122 	0.00696843 	0.000993272 	-2.06778e-05
0.244622 	0.00698824 	0.000996596 	-2.03425e-05
0.246123 	0.00700331 	0.00100361 	-2.0187e-05
0.247624 	0.00702019 	0.00100901 	-1.9969e-05
0.249125 	0.0070397 	0.00101205 	-1.966e-05
0.250625 	0.00705921 	0.00101508 	-1.93509e-05
0.252126 	0.00707873 	0.00101812 	-1.90418e-05
0.253627 	0.00709824 	0.00102115 	-1.87327e-05
0.255128 	0.00711775 	0.00102419 	-1.84237e-05
0.256628 	0.00713726 	0.00102722 	-1.81146e-05
0.258129 	0.00715678 	0.00103026 	-1.78055e-05
0.25963 	0.00717629 	0.0010333 	-1.74965e-05
0.261131 	0.0071958 	0.00103633 	-1.71874e-05
0.262631 	0.00721532 	0.00103937 	-1.68783e-05
0.264132 	0.00723483 	0.0010424 	-1.65692e-05
0.265633 	0.00725434 	0.00104544 	-1.62602e-05
0.267134 	0.00727386 	0.00104847 	-1.59511e-05
0.268634 	0.00729337 	0.00105151 	-1.5642e-05
0.270135 	0.00731585 	0.00105109 	-1.51966e-05
0.271636 	0.00733769 	0.00105113 	-1.4774e-05
0.273137 	0.00735243 	0.00105773 	-1.4638e-05
0.274637 	0.00736789 	0.00106251 	-1.44399e-05
0.276138 	0.00738432 	0.00106487 	-1.41586e-05
0.277639 	0.00740076 	0.00106722 	-1.38773e-05
0.27914 	0.00741719 	0.00106958 	-1.3596e-05
0.28064 	0.00743362 	0.00107193 	-1.33146e-05
0.282141 	0.00745006 	0.00107428 	-1.30333e-05
0.283642 	0.00746649 	0.00107664 	-1.2752e-05
0.285143 	0.00748292 	0.00107899 	-1.24707e-05
0.286643 	0.00749935 	0.00108135 	-1.21894e-05
0.288144 	0.00751579 	0.0010837 	-1.19081e-05
0.289645 	0.00753222 	0.00108605 	-1.16268e-05
0.291146 	0.00754865 	0.00108841 	-1.13454e-05
0.292646 	0.00756509 	0.00109076 	-1.10641e-05
0.294147 	0.00758152 	0.00109311 	-1.07828e-05
0.295648 	0.00759795 	0.00109547 	-1.05015e-05
0.297149 	0.00761439 	0.00109782 	-1.02202e-05
0.298649 	0.00763082 	0.00110018 	-9.93887e-06
0.30015 	0.00764951 	0.00109956 	-9.47471e-06
0.301651 	0.0076677 	0.00110203 	-9.08192e-06
0.303152 	0.00768435 	0.00110705 	-8.77039e-06
0.304652 	0.00770033 	0.00110899 	-8.34728e-06
0.306153 	0.00771632 	0.00111093 	-7.92417e-06
0.307654 	0.0077323 	0.00111287 	-7.50107e-06
0.309155 	0.00774829 	0.0011148 	-7.07796e-06
0.310655 	0.00776427 	0.00111674 	-6.65485e-06
0.312156 	0.00778026 	0.00111868 	-6.23174e-06
0.313657 	0.00779625 	0.00112061 	-5.80863e-06
0.315158 	0.00781223 	0.00112255 	-5.38552e-06
0.316658 	0.00782822 	0.00112449 	-4.96242e-06
0.318159 	0.0078442 	0.00112643 	-4.53931e-06
0.31966 	0.00786019 	0.00112836 	-4.1162e-06
0.321161 	0.00787617 	0.0011303 	-3.69309e-06
0.322661 	0.00789216 	0.00113224 	-3.26998e-06
0.324162 	0.00790815 	0.00113417 	-2.84688e-06
0.325663 	0.00792413 	0.00113611 	-2.42377e-06
0.327164 	0.00794012 	0.00113805 	-2.00066e-06
0.328664 	0.0079561 	0.00113999 	-1.57755e-06
0.330165 	0.00797209 	0.00114192 	-1.15444e-06
0.331666 	0.00798788 	0.00114302 	-6.96879e-07
0.333167 	0.00800612 	0.00114559 	-9.33207e-08
0.334667 	0.00802372 	0.00114738 	4.78064e-07
0.336168 	0.00804127 	0.0011491 	1.04889e-06
0.337669 	0.00805883 	0.00115082 	1.61972e-06
0.33917 	0.00807638 	0.00115253 	2.19054e-06
0.34067 	0.00809394 	0.00115425 	2.76137e-06
0.342171 	0.00811149 	0.00115597 	3.33219e-06
0.343672 	0.00812904 	0.00115769 	3.90302e-06
0.345173 	0.0081466 	0.00115941 	4.47384e-06
0.346673 	0.00816415 	0.00116113 	5.04467e-06
0.348174 	0.00818171 	0.00116285 	5.61549e-06
0.349675 	0.00819926 	0.00116457 	6.18632e-06
0.351176 	0.00821681 	0.00116628 	6.75714e-06
0.352676 	0.00823437 	0.001168 	7.32797e-06
0.354177 	0.00825192 	0.00116972 	7.89879e-06
0.355678 	0.00826948 	0.00117144 	8.46962e-06
0.357179 	0.00828703 	0.00117316 	9.04045e-06
0.358679 	0.00830458 	0.00117488 	9.61127e-06
0.36018 	0.00832213 	0.0011766 	1.01814e-05
0.361681 	0.00833967 	0.00117833 	1.07499e-05
0.363182 	0.0083572 	0.00118006 	1.13185e-05
0.364682 	0.00837473 	0.0011818 	1.1887e-05
0.366183 	0.00839217 	0.00118343 	1.245e-05
0.367684 	0.00840944 	0.00118476 	1.28651e-05
0.369185 	0.00842672 	0.0011861 	1.32802e-05
0.370685 	0.00844399 	0.00118743 	1.36952e-05
0.372186 	0.00846126 	0.00118877 	1.41103e-05
0.373687 	0.00847853 	0.0011901 	1.45254e-05
0.375188 	0.0084958 	0.00119144 	1.49405e-05
0.376688 	0.00851307 	0.00119277 	1.53556e-05
0.378189 	0.00853035 	0.00119411 	1.57706e-05
0.37969 	0.00854762 	0.00119544 	1.61857e-05
0.381191 	0.00856489 	0.00119678 	1.66008e-05
0.382691 	0.00858216 	0.00119811 	1.70159e-05
0.384192 	0.00859943 	0.00119945 	1.74309e-05
0.385693 	0.00861671 	0.00120078 	1.7846e-05
0.387194 	0.00863398 	0.00120212 	1.82611e-05
0.388694 	0.00865125 	0.00120345 	1.86762e-05
0.390195 	0.00866852 	0.00120479 	1.90913e-05
0.391696 	0.00868579 	0.00120612 	1.95063e-05
0.393197 	0.00870307 	0.00120746 	1.99214e-05
0.394697 	0.00872034 	0.0012088 	2.03365e-05
0.396198 	0.00873761 	0.00121013 	2.07516e-05
0.397699 	0.00875488 	0.00121147 	2.11667e-05
0.3992 	0.00877215 	0.0012128 	2.15817e-05
0.4007 	0.00879097 	0.00121686 	2.17501e-05
0.402201 	0.00880757 	0.00121726 	2.21377e-05
0.403702 	0.00882263 	0.00121642 	2.25225e-05
0.405203 	0.00883804 	0.00121741 	2.26959e-05
0.406703 	0.00885345 	0.00121841 	2.28692e-05
0.408204 	0.00886886 	0.0012194 	2.30426e-05
0.409705 	0.00888427 	0.0012204 	2.3216e-05
0.411206 	0.00889968 	0.00122139 	2.33893e-05
0.412706 	0.0089151 	0.00122238 	2.35627e-05
0.414207 	0.00893051 	0.00122338 	2.3736e-05
0.415708 	0.00894592 	0.00122437 	2.39094e-05
0.417209 	0.00896133 	0.00122537 	2.40828e-05
0.418709 	0.00897674 	0.00122636 	2.42561e-05
0.42021 	0.00899215 	0.00122736 	2.44295e-05
0.421711 	0.00900756 	0.00122835 	2.46028e-05
0.423212 	0.00902297 	0.00122934 	2.47762e-05
0.424712 	0.00903838 	0.00123034 	2.49496e-05
0.426213 	0.00905379 	0.00123133 	2.51229e-05
0.427714 	0.0090692 	0.00123233 	2.52963e-05
0.429215 	0.00908461 	0.00123332 	2.54696e-05
0.430715 	0.00910002 	0.00123431 	2.5643e-05
0.432216 	0.00911543 	0.00123531 	2.58164e-05
0.433717 	0.00913084 	0.0012363 	2.59897e-05
0.435218 	0.00914625 	0.0012373 	2.61631e-05
0.436718 	0.009163 	0.00124037 	2.61972e-05
0.438219 	0.00918122 	0.00124573 	2.60777e-05
0.43972 	0.00919863 	0.00124687 	2.62006e-05
0.441221 	0.00921526 	0.00124403 	2.65519e-05
0.442721 	0.00923161 	0.00124215 	2.68478e-05
0.444222 	0.00924719 	0.00124294 	2.69909e-05
0.445723 	0.00926277 	0.00124374 	2.7134e-05
0.447224 	0.00927835 	0.00124453 	2.72771e-05
0.448724 	0.00929393 	0.00124532 	2.74202e-05
0.450225 	0.00930951 	0.00124612 	2.75633e-05
0.451726 	0.00932509 	0.00124691 	2.77065e-05
0.453227 	0.00934067 	0.0012477 	2.78496e-05
0.454727 	0.00935625 	0.00124849 	2.79927e-05
0.456228 	0.00937183 	0.00124929 	2.81358e-05
0.457729 	0.00938741 	0.00125008 	2.82789e-05
0.45923 	0.00940299 	0.00125087 	2.8422e-05
0.46073 	0.00941857 	0.00125167 	2.85651e-05
0.462231 	0.00943415 	0.00125246 	2.87082e-05
0.463732 	0.00944973 	0.00125325 	2.88513e-05
0.465233 	0.00946531 	0.00125405 	2.89944e-05
0.466733 	0.00948089 	0.00125484 	2.91375e-05
0.468234 	0.00949647 	0.00125563 	2.92807e-05
0.469735 	0.00951205 	0.00125642 	2.94238e-05
0.471236 	0.00952763 	0.00125722 	2.95669e-05
0.472736 	0.00954321 	0.00125801 	2.971e-05
0.474237 	0.00955883 	0.001259 	2.98484e-05
0.475738 	0.00957523 	0.00126391 	2.98941e-05
0.477239 	0.00959163 	0.00126881 	2.99398e-05
0.478739 	0.00960802 	0.00127372 	2.99854e-05
0.48024 	0.00962635 	0.00127142 	3.02815e-05
0.481741 	0.00964481 	0.00126858 	3.05963e-05
0.483242 	0.00966328 	0.00126574 	3.09111e-05
0.484742 	0.00968137 	0.0012641 	3.11971e-05
0.486243 	0.00969874 	0.00126474 	3.14283e-05
0.487744 	0.00971611 	0.00126537 	3.16595e-05
0.489245 	0.00973348 	0.00126601 	3.18908e-05
0.490745 	0.00975085 	0.00126665 	3.2122e-05
0.492246 	0.00976822 	0.00126728 	3.23533e-05
0.493747 	0.00978559 	0.00126792 	3.25845e-05
0.495248 	0.00980296 	0.00126855 	3.28157e-05
0.496748 	0.00982033 	0.00126919 	3.3047e-05
0.498249 	0.0098377 	0.00126982 	3.32782e-05
0.49975 	0.00985506 	0.00127046 	3.35094e-05
0.501251 	0.00987243 	0.00127109 	3.37407e-05
0.502751 	0.0098898 	0.00127173 	3.39719e-05
0.504252 	0.00990717 	0.00127236 	3.42032e-05
0.505753 	0.00992454 	0.001273 	3.44344e-05
0.507254 	0.00994191 	0.00127363 	3.46656e-05
0.508754 	0.00995928 	0.00127427 	3.48969e-05
0.510255 	0.00997665 	0.0012749 	3.51281e-05
0.511756 	0.00999402 	0.00127554 	3.53593e-05
0.513257 	0.0100114 	0.00127617 	3.55906e-05
0.514757 	0.0100284 	0.00127798 	3.5813e-05
0.516258 	0.0100447 	0.00128249 	3.60151e-05
0.517759 	0.0100609 	0.00128699 	3.62172e-05
0.51926 	0.0100771 	0.0012915 	3.64194e-05
0.52076 	0.0100934 	0.00129601 	3.66215e-05
0.522261 	0.0101114 	0.00129417 	3.6971e-05
0.523762 	0.0101298 	0.00129123 	3.73464e-05
0.525263 	0.0101481 	0.00128828 	3.77219e-05
0.526763 	0.0101665 	0.00128533 	3.80973e-05
0.528264 	0.0101848 	0.00128239 	3.84728e-05
0.529765 	0.0102024 	0.00128183 	3.87869e-05
0.531266 	0.0102197 	0.00128222 	3.90768e-05
0.532766 	0.010237 	0.00128261 	3.93667e-05
0.534267 	0.0102543 	0.001283 	3.96566e-05
0.535768 	0.0102716 	0.00128338 	3.99465e-05
0.537269 	0.0102889 	0.00128377 	4.02364e-05
0.538769 	0.0103062 	0.00128416 	4.05263e-05
0.54027 	0.0103235 	0.00128455 	4.08162e-05
0.541771 	0.0103408 	0.00128494 	4.11061e-05
0.543272 	0.010358 	0.00128533 	4.1396e-05
0.544772 	0.0103753 	0.00128572 	4.16859e-05
0.546273 	0.0103926 	0.00128611 	4.19758e-05
0.547774 	0.0104099 	0.00128649 	4.22656e-05
0.549275 	0.0104272 	0.00128688 	4.25555e-05
0.550775 	0.0104445 	0.00128727 	4.28454e-05
0.552276 	0.0104618 	0.00128766 	4.31353e-05
0.553777 	0.0104791 	0.00128805 	4.34252e-05
0.555278 	0.0104964 	0.00128844 	4.37151e-05
0.556778 	0.0105134 	0.00128971 	4.39918e-05
0.558279 	0.0105296 	0.00129385 	4.42254e-05
0.55978 	0.0105458 	0.00129799 	4.4459e-05
0.561281 	0.010562 	0.00130213 	4.46926e-05
0.562781 	0.0105782 	0.00130627 	4.49262e-05
0.564282 	0.0105944 	0.00131041 	4.51599e-05
0.565783 	0.0106111 	0.0013127 	4.54327e-05
0.567284 	0.0106294 	0.00130962 	4.5819e-05
0.568784 	0.0106478 	0.00130654 	4.62053e-05
0.570285 	0.0106661 	0.00130345 	4.65916e-05
0.571786 	0.0106844 	0.00130037 	4.69779e-05
0.573287 	0.0107027 	0.00129729 	4.73641e-05
0.574787 	0.0107211 	0.00129421 	4.77504e-05
0.576288 	0.0107384 	0.00129228 	4.80672e-05
0.577789 	0.0107539 	0.00129252 	4.82531e-05
0.57929 	0.0107694 	0.00129276 	4.84389e-05
0.58079 	0.0107849 	0.001293 	4.86248e-05
0.582291 	0.0108004 	0.00129324 	4.88107e-05
0.583792 	0.0108159 	0.00129348 	4.89966e-05
0.585293 	0.0108315 	0.00129372 	4.91824e-05
0.586793 	0.010847 	0.00129396 	4.93683e-05
0.588294 	0.0108625 	0.0012942 	4.95542e-05
0.589795 	0.010878 	0.00129444 	4.974e-05
0.591296 	0.0108935 	0.00129468 	4.99259e-05
0.592796 	0.010909 	0.00129492 	5.01118e-05
0.594297 	0.0109245 	0.00129516 	5.02977e-05
0.595798 	0.01094 	0.0012954 	5.04835e-05
0.597299 	0.0109555 	0.00129564 	5.06694e-05
0.598799 	0.010971 	0.00129588 	5.08553e-05
0.6003 	0.0109866 	0.00129612 	5.10411e-05
0.601801 	0.0109995 	0.00129953 	5.11003e-05
0.603302 	0.011012 	0.00130351 	5.11367e-05
0.604802 	0.0110245 	0.00130748 	5.11732e-05
0.606303 	0.011037 	0.00131146 	5.12097e-05
0.607804 	0.0110495 	0.00131543 	5.12462e-05
0.609305 	0.011062 	0.0013194 	5.12826e-05
0.610805 	0.0110744 	0.00132338 	5.13191e-05
0.612306 	0.0110863 	0.00132638 	5.13642e-05
0.613807 	0.0110939 	0.00132354 	5.14609e-05
0.615308 	0.0111016 	0.00132071 	5.15576e-05
0.616808 	0.0111093 	0.00131787 	5.16544e-05
0.618309 	0.011117 	0.00131504 	5.17511e-05
0.61981 	0.0111247 	0.0013122 	5.18478e-05
0.621311 	0.0111324 	0.00130937 	5.19445e-05
0.622811 	0.01114 	0.00130653 	5.20412e-05
0.624312 	0.0111477 	0.00130369 	5.2138e-05
0.625813 	0.011157 	0.0013015 	5.22227e-05
0.627314 	0.0111722 	0.00130163 	5.22642e-05
0.628814 	0.0111873 	0.00130176 	5.23057e-05
0.630315 	0.0112025 	0.0013019 	5.23472e-05
0.631816 	0.0112176 	0.00130203 	5.23887e-05
0.633317 	0.0112328 	0.00130216 	5.24302e-05
0.634817 	0.0112479 	0.00130229 	5.24717e-05
0.636318 	0.0112631 	0.00130242 	5.25132e-05
0.637819 	0.0112782 	0.00130255 	5.25547e-05
0.63932 	0.0112934 	0.00130268 	5.25962e-05
0.64082 	0.0113085 	0.00130281 	5.26377e-05
0.642321 	0.0113237 	0.00130294 	5.26792e-05
0.643822 	0.0113388 	0.00130307 	5.27207e-05
0.645323 	0.011354 	0.00130321 	5.27622e-05
0.646823 	0.0113704 	0.00130384 	5.28068e-05
0.648324 	0.0113937 	0.00130728 	5.28687e-05
0.649825 	0.011417 	0.00131071 	5.29306e-05
0.651326 	0.0114403 	0.00131415 	5.29925e-05
0.652826 	0.0114636 	0.00131759 	5.30544e-05
0.654327 	0.0114869 	0.00132103 	5.31163e-05
0.655828 	0.0115102 	0.00132446 	5.31782e-05
0.657329 	0.0115336 	0.0013279 	5.32401e-05
0.658829 	0.0115569 	0.00133134 	5.33019e-05
0.66033 	0.0115802 	0.00133478 	5.33638e-05
0.661831 	0.0115974 	0.00133499 	5.34002e-05
0.663332 	0.0116089 	0.00133215 	5.34124e-05
0.664832 	0.0116203 	0.00132931 	5.34245e-05
0.666333 	0.0116317 	0.00132646 	5.34367e-05
0.667834 	0.0116432 	0.00132362 	5.34489e-05
0.669335 	0.0116546 	0.00132078 	5.3461e-05
0.670835 	0.0116661 	0.00131793 	5.34732e-05
0.672336 	0.0116775 	0.00131509 	5.34853e-05
0.673837 	0.0116889 	0.00131225 	5.34975e-05
0.675338 	0.0117004 	0.0013094 	5.35097e-05
0.676838 	0.0117118 	0.00130656 	5.35218e-05
0.678339 	0.011725 	0.00130462 	5.35238e-05
0.67984 	0.011742 	0.00130458 	5.35041e-05
0.681341 	0.011759 	0.00130454 	5.34843e-05
0.682841 	0.0117759 	0.00130451 	5.34646e-05
0.684342 	0.0117929 	0.00130447 	5.34449e-05
0.685843 	0.0118098 	0.00130443 	5.34252e-05
0.687344 	0.0118268 	0.0013044 	5.34055e-05
0.688844 	0.0118437 	0.00130436 	5.33857e-05
0.690345 	0.0118607 	0.00130433 	5.3366e-05
0.691846 	0.0118777 	0.00130429 	5.33463e-05
0.693347 	0.0118946 	0.00130425 	5.33266e-05
0.694847 	0.0119126 	0.00130474 	5.33116e-05
0.696348 	0.0119356 	0.00130782 	5.33201e-05
0.697849 	0.0119586 	0.0013109 	5.33285e-05
0.69935 	0.0119816 	0.00131399 	5.33369e-05
0.70085 	0.0120046 	0.00131707 	5.33454e-05
0.702351 	0.0120276 	0.00132015 	5.33538e-05
0.703852 	0.0120506 	0.00132323 	5.33623e-05
0.705353 	0.0120736 	0.00132631 	5.33707e-05
0.706853 	0.0120966 	0.0013294 	5.33792e-05
0.708354 	0.0121196 	0.00133248 	5.33876e-05
0.709855 	0.0121426 	0.00133556 	5.3396e-05
0.711356 	0.0121656 	0.00133864 	5.34045e-05
0.712856 	0.0121842 	0.00133948 	5.33654e-05
0.714357 	0.0121958 	0.00133667 	5.32494e-05
0.715858 	0.0122073 	0.00133387 	5.31334e-05
0.717359 	0.0122189 	0.00133106 	5.30174e-05
0.718859 	0.0122304 	0.00132825 	5.29014e-05
0.72036 	0.012242 	0.00132545 	5.27853e-05
0.721861 	0.0122536 	0.00132264 	5.26693e-05
0.723362 	0.0122651 	0.00131984 	5.25533e-05
0.724862 	0.0122767 	0.00131703 	5.24373e-05
0.726363 	0.0122883 	0.00131422 	5.23212e-05
0.727864 	0.0122998 	0.00131142 	5.22052e-05
0.729365 	0.0123114 	0.00130861 	5.20892e-05
0.730865 	0.012323 	0.00130581 	5.19732e-05
0.732366 	0.0123345 	0.001303 	5.18572e-05
0.733867 	0.0123496 	0.00130197 	5.17994e-05
0.735368 	0.0123665 	0.00130181 	5.17706e-05
0.736868 	0.0123833 	0.00130166 	5.17418e-05
0.738369 	0.0124002 	0.00130151 	5.17131e-05
0.73987 	0.012417 	0.00130135 	5.16843e-05
0.741371 	0.0124339 	0.0013012 	5.16555e-05
0.742871 	0.0124507 	0.00130105 	5.16267e-05
0.744372 	0.0124676 	0.00130089 	5.15979e-05
0.745873 	0.0124897 	0.00130347 	5.1731e-05
0.747374 	0.0125123 	0.00130626 	5.18771e-05
0.748874 	0.0125349 	0.00130906 	5.20232e-05
0.750375 	0.0125575 	0.00131185 	5.21693e-05
0.751876 	0.01258 	0.00131465 	5.23154e-05
0.753377 	0.0126026 	0.00131744 	5.24615e-05
0.754877 	0.0126252 	0.00132024 	5.26076e-05
0.756378 	0.0126478 	0.00132303 	5.27537e-05
0.757879 	0.0126704 	0.00132582 	5.28998e-05
0.75938 	0.012693 	0.00132862 	5.30458e-05
0.76088 	0.0127156 	0.00133141 	5.31919e-05
0.762381 	0.0127381 	0.00133421 	5.3338e-05
0.763882 	0.0127607 	0.001337 	5.34841e-05
0.765383 	0.0127833 	0.0013398 	5.36302e-05
0.766883 	0.0127973 	0.00133827 	5.35799e-05
0.768384 	0.0128088 	0.00133551 	5.34735e-05
0.769885 	0.0128203 	0.00133276 	5.33672e-05
0.771386 	0.0128318 	0.00133 	5.32609e-05
0.772886 	0.0128433 	0.00132724 	5.31545e-05
0.774387 	0.0128548 	0.00132448 	5.30482e-05
0.775888 	0.0128663 	0.00132173 	5.29418e-05
0.777389 	0.0128778 	0.00131897 	5.28355e-05
0.778889 	0.0128893 	0.00131621 	5.27291e-05
0.78039 	0.0129008 	0.00131346 	5.26228e-05
0.781891 	0.0129123 	0.0013107 	5.25165e-05
0.783392 	0.0129238 	0.00130794 	5.24101e-05
0.784892 	0.0129353 	0.00130518 	5.23038e-05
0.786393 	0.0129468 	0.00130243 	5.21974e-05
0.787894 	0.0129583 	0.00129967 	5.20911e-05
0.789395 	0.0129698 	0.00129691 	5.19848e-05
0.790895 	0.0129829 	0.00129489 	5.18922e-05
0.792396 	0.013 	0.00129471 	5.18338e-05
0.793897 	0.013017 	0.00129452 	5.17754e-05
0.795398 	0.0130341 	0.00129433 	5.17169e-05
0.796898 	0.0130539 	0.00129546 	5.17113e-05
0.798399 	0.0130769 	0.00129811 	5.17665e-05
0.7999 	0.0130999 	0.00130075 	5.18218e-05
0.801401 	0.0131229 	0.0013034 	5.18771e-05
0.802901 	0.0131458 	0.00130605 	5.19323e-05
0.804402 	0.0131688 	0.0013087 	5.19876e-05
0.805903 	0.0131918 	0.00131135 	5.20428e-05
0.807404 	0.0132148 	0.001314 	5.20981e-05
0.808904 	0.0132378 	0.00131665 	5.21534e-05
0.810405 	0.0132608 	0.0013193 	5.22086e-05
0.811906 	0.0132838 	0.00132194 	5.22639e-05
0.813407 	0.0133068 	0.00132459 	5.23191e-05
0.814907 	0.0133298 	0.00132724 	5.23744e-05
0.816408 	0.0133528 	0.00132989 	5.24296e-05
0.817909 	0.0133758 	0.00133254 	5.24849e-05
0.81941 	0.0133987 	0.00133519 	5.25402e-05
0.82091 	0.0134217 	0.00133784 	5.25954e-05
0.822411 	0.0134365 	0.00133658 	5.2491e-05
0.823912 	0.0134486 	0.00133399 	5.23321e-05
0.825413 	0.0134606 	0.0013314 	5.21732e-05
0.826913 	0.0134726 	0.00132882 	5.20143e-05
0.828414 	0.0134846 	0.00132623 	5.18555e-05
0.829915 	0.0134967 	0.00132364 	5.16966e-05
0.831416 	0.0135087 	0.00132106 	5.15377e-05
0.832916 	0.0135207 	0.00131847 	5.13788e-05
0.834417 	0.0135327 	0.00131588 	5.122e-05
0.835918 	0.0135448 	0.00131329 	5.10611e-05
0.837419 	0.0135568 	0.00131071 	5.09022e-05
0.838919 	0.0135688 	0.00130812 	5.07433e-05
0.84042 	0.0135808 	0.00130553 	5.05844e-05
0.841921 	0.0135928 	0.00130295 	5.04256e-05
0.843422 	0.0136049 	0.00130036 	5.02667e-05
0.844922 	0.0136169 	0.00129777 	5.01078e-05
0.846423 	0.0136289 	0.00129518 	4.99489e-05
0.847924 	0.0136409 	0.0012926 	4.97901e-05
0.849425 	0.013653 	0.00129001 	4.96312e-05
0.850925 	0.0136694 	0.00129 	4.94273e-05
0.852426 	0.0136887 	0.00129152 	4.92025e-05
0.853927 	0.0137081 	0.00129303 	4.89778e-05
0.855428 	0.0137274 	0.00129455 	4.8753e-05
0.856928 	0.0137467 	0.00129607 	4.85282e-05
0.858429 	0.0137661 	0.00129758 	4.83034e-05
0.85993 	0.0137854 	0.0012991 	4.80786e-05
0.861431 	0.0138048 	0.00130062 	4.78538e-05
0.862931 	0.0138241 	0.00130214 	4.7629e-05
0.864432 	0.0138434 	0.00130365 	4.74042e-05
0.865933 	0.0138628 	0.00130517 	4.71794e-05
0.867434 	0.0138821 	0.00130669 	4.69546e-05
0.868934 	0.0139015 	0.00130821 	4.67298e-05
0.870435 	0.0139208 	0.00130972 	4.65051e-05
0.871936 	0.0139402 	0.00131124 	4.62803e-05
0.873437 	0.0139595 	0.00131276 	4.60555e-05
0.874937 	0.0139788 	0.00131427 	4.58307e-05
0.876438 	0.0139982 	0.00131579 	4.56059e-05
0.877939 	0.0140175 	0.00131731 	4.53811e-05
0.87944 	0.0140359 	0.0013178 	4.51226e-05
0.88094 	0.0140524 	0.00131631 	4.4799e-05
0.882441 	0.0140688 	0.00131482 	4.44755e-05
0.883942 	0.0140853 	0.00131333 	4.41519e-05
0.885443 	0.0141018 	0.00131184 	4.38283e-05
0.886943 	0.0141183 	0.00131035 	4.35048e-05
0.888444 	0.0141347 	0.00130887 	4.31812e-05
0.889945 	0.0141512 	0.00130738 	4.28576e-05
0.891446 	0.0141677 	0.00130589 	4.2534e-05
0.892946 	0.0141842 	0.0013044 	4.22105e-05
0.894447 	0.0142006 	0.00130291 	4.18869e-05
0.895948 	0.0142171 	0.00130142 	4.15633e-05
0.897449 	0.0142336 	0.00129993 	4.12398e-05
0.898949 	0.0142501 	0.00129844 	4.09162e-05
0.90045 	0.0142666 	0.00129695 	4.05926e-05
0.901951 	0.014283 	0.00129546 	4.02691e-05
0.903452 	0.0142995 	0.00129397 	3.99455e-05
0.904952 	0.014316 	0.00129263 	3.96336e-05
0.906453 	0.0143328 	0.00129272 	3.94411e-05
0.907954 	0.0143495 	0.00129281 	3.92487e-05
0.909455 	0.0143663 	0.00129289 	3.90563e-05
0.910955 	0.0143831 	0.00129298 	3.88638e-05
0.912456 	0.0143998 	0.00129307 	3.86714e-05
0.913957 	0.0144161 	0.00129337 	3.8601e-05
0.915458 	0.0144319 	0.00129384 	3.86316e-05
0.916958 	0.0144477 	0.00129431 	3.86622e-05
0.918459 	0.0144634 	0.00129478 	3.86928e-05
0.91996 	0.0144792 	0.00129525 	3.87234e-05
0.921461 	0.014495 	0.00129571 	3.87539e-05
0.922961 	0.0145108 	0.00129618 	3.87845e-05
0.924462 	0.0145266 	0.00129665 	3.88151e-05
0.925963 	0.0145424 	0.00129712 	3.88457e-05
0.927464 	0.0145581 	0.00129759 	3.88763e-05
0.928964 	0.0145739 	0.00129806 	3.89069e-05
0.930465 	0.0145897 	0.00129853 	3.89374e-05
0.931966 	0.0146055 	0.001299 	3.8968e-05
0.933467 	0.0146213 	0.00129946 	3.89986e-05
0.934967 	0.0146371 	0.00129993 	3.90292e-05
0.936468 	0.0146529 	0.0013004 	3.90598e-05
0.937969 	0.0146686 	0.00130087 	3.90903e-05
0.93947 	0.0146877 	0.00130074 	3.90869e-05
0.94097 	0.0147085 	0.00130028 	3.90641e-05
0.942471 	0.0147294 	0.00129982 	3.90414e-05
0.943972 	0.0147503 	0.00129935 	3.90186e-05
0.945473 	0.0147711 	0.00129889 	3.89958e-05
0.946973 	0.014792 	0.00129842 	3.8973e-05
0.948474 	0.0148128 	0.00129796 	3.89502e-05
0.949975 	0.0148337 	0.00129749 	3.89274e-05
0.951476 	0.0148546 	0.00129703 	3.89046e-05
0.952976 	0.0148754 	0.00129656 	3.88818e-05
0.954477 	0.0148963 	0.0012961 	3.8859e-05
0.955978 	0.0149172 	0.00129563 	3.88363e-05
0.957479 	0.014938 	0.00129517 	3.88135e-05
0.958979 	0.0149589 	0.0012947 	3.87907e-05
0.96048 	0.0149798 	0.00129424 	3.87679e-05
0.961981 	0.0149998 	0.00129391 	3.8735e-05
0.963482 	0.0150179 	0.00129388 	3.86788e-05
0.964982 	0.015036 	0.00129385 	3.86226e-05
0.966483 	0.0150541 	0.00129382 	3.85665e-05
0.967984 	0.0150722 	0.00129379 	3.85103e-05
0.969485 	0.0150903 	0.00129377 	3.84541e-05
0.970985 	0.0151084 	0.00129374 	3.83979e-05
0.972486 	0.0151264 	0.00129371 	3.83417e-05
0.973987 	0.0151445 	0.00129368 	3.82855e-05
0.975488 	0.0151626 	0.00129365 	3.82293e-05
0.976988 	0.0151807 	0.00129362 	3.81732e-05
0.978489 	0.0151981 	0.00129375 	3.81413e-05
0.97999 	0.015214 	0.00129418 	3.81557e-05
0.981491 	0.0152299 	0.00129461 	3.817e-05
0.982991 	0.0152458 	0.00129503 	3.81844e-05
0.984492 	0.0152617 	0.00129546 	3.81988e-05
0.985993 	0.0152776 	0.00129588 	3.82131e-05
0.987494 	0.0152936 	0.00129631 	3.82275e-05
0.988994 	0.0153095 	0.00129674 	3.82419e-05
0.990495 	0.0153254 	0.00129716 	3.82562e-05
0.991996 	0.0153413 	0.00129759 	3.82706e-05
0.993497 	0.0153572 	0.00129802 	3.8285e-05
0.994997 	0.0153731 	0.00129844 	3.82993e-05
0.996498 	0.015389 	0.00129887 	3.83137e-05
0.997999 	0.015405 	0.00129929 	3.83281e-05
0.9995 	0.0154209 	0.00129972 	3.83424e-05
1.001 	0.0154404 	0.00129946 	3.83667e-05
1.0025 	0.0154615 	0.00129894 	3.83948e-05
1.004 	0.0154825 	0.00129841 	3.84229e-05
1.0055 	0.0155035 	0.00129789 	3.8451e-05
1.007 	0.0155245 	0.00129737 	3.84791e-05
1.0085 	0.0155455 	0.00129684 	3.85072e-05
1.01001 	0.0155665 	0.00129632 	3.85353e-05
1.01151 	0.0155875 	0.00129579 	3.85634e-05
1.01301 	0.0156085 	0.00129527 	3.85915e-05
1.01451 	0.0156295 	0.00129474 	3.86196e-05
1.01601 	0.0156505 	0.00129422 	3.86477e-05
1.01751 	0.0156715 	0.00129369 	3.86758e-05
1.01901 	0.0156925 	0.00129317 	3.87039e-05
1.02051 	0.0157119 	0.0012929 	3.86705e-05
1.02201 	0.0157299 	0.00129283 	3.85872e-05
1.02351 	0.015748 	0.00129276 	3.8504e-05
1.02501 	0.015766 	0.00129268 	3.84208e-05
1.02651 	0.015784 	0.00129261 	3.83376e-05
1.02801 	0.015802 	0.00129254 	3.82544e-05
1.02951 	0.0158201 	0.00129247 	3.81712e-05
1.03102 	0.0158381 	0.0012924 	3.80879e-05
1.03252 	0.0158561 	0.00129233 	3.80047e-05
1.03402 	0.0158741 	0.00129226 	3.79215e-05
1.03552 	0.0158922 	0.00129219 	3.78383e-05
1.03702 	0.0159102 	0.00129212 	3.77551e-05
1.03852 	0.0159282 	0.00129205 	3.76718e-05
1.04002 	0.0159463 	0.00129198 	3.75886e-05
1.04152 	0.0159643 	0.00129191 	3.75054e-05
1.04302 	0.0159823 	0.00129184 	3.74222e-05
1.04452 	0.0160003 	0.00129177 	3.7339e-05
1.04602 	0.0160167 	0.00129209 	3.7151e-05
1.04752 	0.0160325 	0.00129255 	3.69245e-05
1.04902 	0.0160482 	0.00129301 	3.6698e-05
1.05053 	0.016064 	0.00129348 	3.64715e-05
1.05203 	0.0160797 	0.00129394 	3.6245e-05
1.05353 	0.0160955 	0.00129441 	3.60185e-05
1.05503 	0.0161112 	0.00129487 	3.5792e-05
1.05653 	0.016127 	0.00129534 	3.55655e-05
1.05803 	0.0161428 	0.0012958 	3.5339e-05
1.05953 	0.0161585 	0.00129626 	3.51125e-05
1.06103 	0.0161743 	0.00129673 	3.4886e-05
1.06253 	0.01619 	0.00129719 	3.46595e-05
1.06403 	0.0162093 	0.00129701 	3.43955e-05
1.06553 	0.0162302 	0.00129653 	3.41148e-05
1.06703 	0.016251 	0.00129605 	3.3834e-05
1.06853 	0.0162719 	0.00129557 	3.35533e-05
1.07004 	0.0162928 	0.00129509 	3.32725e-05
1.07154 	0.0163136 	0.00129462 	3.29918e-05
1.07304 	0.0163345 	0.00129414 	3.2711e-05
1.07454 	0.0163554 	0.00129366 	3.24303e-05
1.07604 	0.0163762 	0.00129318 	3.21495e-05
1.07754 	0.0163971 	0.0012927 	3.18688e-05
1.07904 	0.016418 	0.00129222 	3.1588e-05
1.08054 	0.0164361 	0.00129214 	3.13361e-05
1.08204 	0.016454 	0.00129208 	3.10865e-05
1.08354 	0.016472 	0.00129203 	3.08369e-05
1.08504 	0.0164899 	0.00129197 	3.05873e-05
1.08654 	0.0165078 	0.00129191 	3.03378e-05
1.08804 	0.0165257 	0.00129186 	3.00882e-05
1.08954 	0.0165437 	0.0012918 	2.98386e-05
1.09105 	0.0165616 	0.00129175 	2.9589e-05
1.09255 	0.0165795 	0.00129169 	2.93394e-05
1.09405 	0.0165975 	0.00129164 	2.90898e-05
1.09555 	0.0166154 	0.00129158 	2.88402e-05
1.09705 	0.0166333 	0.00129152 	2.85906e-05
1.09855 	0.0166512 	0.00129147 	2.8341e-05
1.10005 	0.0166692 	0.00129141 	2.80915e-05
1.10155 	0.0166871 	0.00129136 	2.78419e-05
1.10305 	0.016705 	0.0012913 	2.75923e-05
1.10455 	0.016723 	0.00129124 	2.73427e-05
1.10605 	0.0167409 	0.00129119 	2.70931e-05
1.10755 	0.0167588 	0.00129113 	2.68435e-05
1.10905 	0.0167767 	0.00129108 	2.65939e-05
1.11056 	0.0167947 	0.00129102 	2.63443e-05
1.11206 	0.0168126 	0.00129096 	2.60947e-05
1.11356 	0.0168305 	0.00129091 	2.58452e-05
1.11506 	0.0168466 	0.00129131 	2.55101e-05
1.11656 	0.0168623 	0.00129179 	2.51589e-05
1.11806 	0.016878 	0.00129227 	2.48077e-05
1.11956 	0.0168937 	0.00129276 	2.44564e-05
1.12106 	0.0169094 	0.00129324 	2.41052e-05
1.12256 	0.0169251 	0.00129372 	2.37539e-05
1.12406 	0.0169408 	0.00129421 	2.34027e-05
1.12556 	0.0169565 	0.00129469 	2.30514e-05
1.12706 	0.0169722 	0.00129517 	2.27002e-05
1.12856 	0.0169913 	0.00129509 	2.22204e-05
1.13007 	0.0170122 	0.00129474 	2.1676e-05
1.13157 	0.0170331 	0.00129438 	2.11317e-05
1.13307 	0.017054 	0.00129402 	2.05873e-05
1.13457 	0.0170749 	0.00129366 	2.00429e-05
1.13607 	0.0170957 	0.0012933 	1.94986e-05
1.13757 	0.0171166 	0.00129295 	1.89542e-05
1.13907 	0.0171375 	0.00129259 	1.84099e-05
1.14057 	0.0171569 	0.00129241 	1.79154e-05
1.14207 	0.0171749 	0.00129239 	1.74671e-05
1.14357 	0.0171928 	0.00129237 	1.70189e-05
1.14507 	0.0172108 	0.00129235 	1.65707e-05
1.14657 	0.0172288 	0.00129234 	1.61225e-05
1.14807 	0.0172468 	0.00129232 	1.56743e-05
1.14957 	0.0172648 	0.0012923 	1.52261e-05
1.15108 	0.0172828 	0.00129228 	1.47778e-05
1.15258 	0.0173008 	0.00129226 	1.43296e-05
1.15408 	0.0173188 	0.00129225 	1.38814e-05
1.15558 	0.0173367 	0.00129223 	1.34332e-05
1.15708 	0.0173547 	0.00129221 	1.2985e-05
1.15858 	0.0173727 	0.00129219 	1.25368e-05
1.16008 	0.0173907 	0.00129217 	1.20885e-05
1.16158 	0.0174087 	0.00129216 	1.16403e-05
1.16308 	0.0174267 	0.00129214 	1.11921e-05
1.16458 	0.0174447 	0.00129212 	1.07439e-05
1.16608 	0.0174627 	0.0012921 	1.02957e-05
1.16758 	0.0174806 	0.00129208 	9.84747e-06
1.16908 	0.0174986 	0.00129207 	9.39925e-06
1.17059 	0.0175166 	0.00129205 	8.95103e-06
1.17209 	0.0175346 	0.00129203 	8.50282e-06
1.17359 	0.0175526 	0.00129201 	8.0546e-06
1.17509 	0.0175706 	0.001292 	7.60638e-06
1.17659 	0.0175886 	0.00129198 	7.15817e-06
1.17809 	0.0176066 	0.00129196 	6.70995e-06
1.17959 	0.0176245 	0.00129194 	6.26174e-06
1.18109 	0.0176425 	0.00129192 	5.81352e-06
1.18259 	0.0176605 	0.00129191 	5.3653e-06
1.18409 	0.0176785 	0.00129189 	4.91709e-06
1.18559 	0.0176947 	0.00129227 	4.52571e-06
1.18709 	0.0177104 	0.00129274 	4.14618e-06
1.18859 	0.0177262 	0.00129321 	3.76665e-06
1.1901 	0.0177419 	0.00129368 	3.38713e-06
1.1916 	0.0177577 	0.00129415 	3.0076e-06
1.1931 	0.0177735 	0.00129462 	2.62807e-06
1.1946 	0.0177932 	0.00129455 	2.09189e-06
1.1961 	0.0178142 	0.00129432 	1.5098e-06
1.1976 	0.0178351 	0.00129409 	9.27715e-07
1.1991 	0.0178561 	0.00129386 	3.45627e-07
1.2006 	0.017877 	0.00129363 	-2.36462e-07
1.2021 	0.0178967 	0.00129351 	-7.60863e-07
1.2036 	0.0179146 	0.00129354 	-1.20915e-06
1.2051 	0.0179325 	0.00129358 	-1.65743e-06
1.2066 	0.0179505 	0.00129361 	-2.10571e-06
1.2081 	0.0179684 	0.00129365 	-2.554e-06
1.2096 	0.0179863 	0.00129368 	-3.00228e-06
1.21111 	0.0180043 	0.00129372 	-3.45056e-06
1.21261 	0.0180222 	0.00129375 	-3.89885e-06
1.21411 	0.0180401 	0.00129378 	-4.34713e-06
1.21561 	0.0180581 	0.00129382 	-4.79542e-06
1.21711 	0.018076 	0.00129385 	-5.2437e-06
1.21861 	0.0180939 	0.00129389 	-5.69198e-06
1.22011 	0.0181119 	0.00129392 	-6.14027e-06
1.22161 	0.0181298 	0.00129396 	-6.58855e-06
1.22311 	0.0181477 	0.00129399 	-7.03683e-06
1.22461 	0.0181657 	0.00129402 	-7.48512e-06
1.22611 	0.0181836 	0.00129406 	-7.9334e-06
1.22761 	0.0182015 	0.00129409 	-8.38169e-06
1.22911 	0.0182195 	0.00129413 	-8.82997e-06
1.23062 	0.0182374 	0.00129416 	-9.27825e-06
1.23212 	0.0182553 	0.0012942 	-9.72654e-06
1.23362 	0.0182733 	0.00129423 	-1.01748e-05
1.23512 	0.0182912 	0.00129427 	-1.06231e-05
1.23662 	0.0183091 	0.0012943 	-1.10714e-05
1.23812 	0.0183271 	0.00129433 	-1.15197e-05
1.23962 	0.018345 	0.00129437 	-1.1968e-05
1.24112 	0.0183629 	0.0012944 	-1.24162e-05
1.24262 	0.0183809 	0.00129444 	-1.28645e-05
1.24412 	0.0183988 	0.00129447 	-1.33128e-05
1.24562 	0.0184167 	0.00129451 	-1.37611e-05
1.24712 	0.0184347 	0.00129454 	-1.42094e-05
1.24862 	0.0184526 	0.00129458 	-1.46577e-05
1.25013 	0.0184705 	0.00129461 	-1.51059e-05
1.25163 	0.0184885 	0.00129464 	-1.55542e-05
1.25313 	0.0185064 	0.00129468 	-1.60025e-05
1.25463 	0.0185243 	0.00129471 	-1.64508e-05
1.25613 	0.0185423 	0.00129475 	-1.68991e-05
1.25763 	0.0185581 	0.00129516 	-1.72132e-05
1.25913 	0.0185737 	0.00129564 	-1.75068e-05
1.26063 	0.01859 	0.00129602 	-1.78178e-05
1.26213 	0.0186104 	0.00129595 	-1.82243e-05
1.26363 	0.0186309 	0.00129587 	-1.86309e-05
1.26513 	0.0186491 	0.00129591 	-1.89624e-05
1.26663 	0.0186667 	0.00129597 	-1.92721e-05
1.26813 	0.0186844 	0.00129604 	-1.95817e-05
1.26963 	0.018702 	0.00129611 	-1.98913e-05
1.27114 	0.0187196 	0.00129618 	-2.02009e-05
1.27264 	0.0187372 	0.00129625 	-2.05105e-05
1.27414 	0.0187548 	0.00129631 	-2.08201e-05
1.27564 	0.0187724 	0.00129638 	-2.11297e-05
1.27714 	0.0187901 	0.00129645 	-2.14394e-05
1.27864 	0.0188077 	0.00129652 	-2.1749e-05
1.28014 	0.0188253 	0.00129659 	-2.20586e-05
1.28164 	0.0188429 	0.00129665 	-2.23682e-05
1.28314 	0.0188605 	0.00129672 	-2.26778e-05
1.28464 	0.0188781 	0.00129679 	-2.29874e-05
1.28614 	0.0188957 	0.00129686 	-2.3297e-05
1.28764 	0.0189134 	0.00129692 	-2.36066e-05
1.28914 	0.018931 	0.00129699 	-2.39163e-05
1.29065 	0.0189486 	0.00129706 	-2.42259e-05
1.29215 	0.0189662 	0.00129713 	-2.45355e-05
1.29365 	0.0189838 	0.0012972 	-2.48451e-05
1.29515 	0.0190014 	0.00129726 	-2.51547e-05
1.29665 	0.0190191 	0.00129733 	-2.54643e-05
1.29815 	0.0190367 	0.0012974 	-2.57739e-05
1.29965 	0.0190543 	0.00129747 	-2.60836e-05
1.30115 	0.0190719 	0.00129754 	-2.63932e-05
1.30265 	0.0190895 	0.0012976 	-2.67028e-05
1.30415 	0.0191071 	0.00129767 	-2.70124e-05
1.30565 	0.0191247 	0.00129774 	-2.7322e-05
1.30715 	0.0191424 	0.00129781 	-2.76316e-05
1.30865 	0.01916 	0.00129787 	-2.79412e-05
1.31016 	0.0191776 	0.00129794 	-2.82508e-05
1.31166 	0.0191952 	0.00129801 	-2.85605e-05
1.31316 	0.0192128 	0.00129808 	-2.88716e-05
1.31466 	0.0192305 	0.00129814 	-2.91908e-05
1.31616 	0.0192481 	0.00129821 	-2.951e-05
1.31766 	0.0192657 	0.00129828 	-2.98292e-05
1.31916 	0.0192834 	0.00129834 	-3.01484e-05
1.32066 	0.019301 	0.00129841 	-3.04676e-05
1.32216 	0.0193186 	0.00129848 	-3.07868e-05
1.32366 	0.0193363 	0.00129854 	-3.1106e-05
1.32516 	0.0193539 	0.00129861 	-3.14252e-05
1.32666 	0.0193716 	0.00129868 	-3.17444e-05
1.32816 	0.0193914 	0.0012986 	-3.2046e-05
1.32966 	0.0194064 	0.00129857 	-3.22368e-05
1.33117 	0.0194226 	0.00129865 	-3.24686e-05
1.33267 	0.0194388 	0.00129873 	-3.27004e-05
1.33417 	0.019455 	0.00129882 	-3.29322e-05
1.33567 	0.0194712 	0.0012989 	-3.3164e-05
1.33717 	0.0194874 	0.00129898 	-3.33958e-05
1.33867 	0.0195035 	0.00129906 	-3.36277e-05
1.34017 	0.0195197 	0.00129914 	-3.38595e-05
1.34167 	0.0195359 	0.00129923 	-3.40913e-05
1.34317 	0.0195521 	0.00129931 	-3.43231e-05
1.34467 	0.0195683 	0.00129939 	-3.45549e-05
1.34617 	0.0195845 	0.00129947 	-3.47867e-05
1.34767 	0.0196007 	0.00129955 	-3.50185e-05
1.34917 	0.0196169 	0.00129964 	-3.52504e-05
1.35068 	0.0196331 	0.00129972 	-3.54822e-05
1.35218 	0.0196492 	0.0012998 	-3.5714e-05
1.35368 	0.0196654 	0.00129988 	-3.59458e-05
1.35518 	0.0196816 	0.00129996 	-3.61776e-05
1.35668 	0.0196978 	0.00130005 	-3.64094e-05
1.35818 	0.019714 	0.00130013 	-3.66412e-05
1.35968 	0.0197302 	0.00130021 	-3.68731e-05
1.36118 	0.0197464 	0.00130029 	-3.71049e-05
1.36268 	0.0197626 	0.00130037 	-3.73367e-05
1.36418 	0.0197788 	0.00130046 	-3.75685e-05
1.36568 	0.0197949 	0.00130054 	-3.78003e-05
1.36718 	0.0198111 	0.00130062 	-3.80321e-05
1.36868 	0.0198273 	0.0013007 	-3.82639e-05
1.37019 	0.0198435 	0.00130078 	-3.84958e-05
1.37169 	0.0198597 	0.00130087 	-3.87276e-05
1.37319 	0.0198759 	0.00130095 	-3.89594e-05
1.37469 	0.0198921 	0.00130103 	-3.91912e-05
1.37619 	0.0199083 	0.00130111 	-3.9423e-05
1.37769 	0.0199245 	0.00130119 	-3.96548e-05
1.37919 	0.0199406 	0.00130128 	-3.98866e-05
1.38069 	0.0199568 	0.00130136 	-4.01185e-05
1.38219 	0.019973 	0.00130144 	-4.03503e-05
1.38369 	0.0199892 	0.00130152 	-4.05821e-05
1.38519 	0.0200054 	0.0013016 	-4.08139e-05
1.38669 	0.0200216 	0.00130169 	-4.10457e-05
1.38819 	0.0200378 	0.00130177 	-4.12775e-05
1.38969 	0.020054 	0.00130185 	-4.15093e-05
1.3912 	0.0200706 	0.00130174 	-4.17607e-05
1.3927 	0.0200892 	0.00130076 	-4.20992e-05
1.3942 	0.0201078 	0.00129979 	-4.24377e-05
1.3957 	0.0201264 	0.00129881 	-4.27762e-05
1.3972 	0.0201442 	0.00129839 	-4.30845e-05
1.3987 	0.0201605 	0.00129905 	-4.3335e-05
1.4002 	0.0201767 	0.00129971 	-4.35855e-05
1.4017 	0.0201929 	0.00130036 	-4.3836e-05
1.4032 	0.0202092 	0.00130102 	-4.40866e-05
1.4047 	0.0202251 	0.00130115 	-4.42483e-05
1.4062 	0.020241 	0.00130119 	-4.43955e-05
1.4077 	0.0202569 	0.00130124 	-4.45427e-05
1.4092 	0.0202728 	0.00130128 	-4.46898e-05
1.41071 	0.0202887 	0.00130133 	-4.4837e-05
1.41221 	0.0203045 	0.00130137 	-4.49842e-05
1.41371 	0.0203204 	0.00130142 	-4.51314e-05
1.41521 	0.0203363 	0.00130146 	-4.52786e-05
1.41671 	0.0203522 	0.00130151 	-4.54257e-05
1.41821 	0.0203681 	0.00130155 	-4.55729e-05
1.41971 	0.020384 	0.00130159 	-4.57201e-05
1.42121 	0.0203999 	0.00130164 	-4.58673e-05
1.42271 	0.0204157 	0.00130168 	-4.60145e-05
1.42421 	0.0204316 	0.00130173 	-4.61616e-05
1.42571 	0.0204475 	0.00130177 	-4.63088e-05
1.42721 	0.0204634 	0.00130182 	-4.6456e-05
1.42871 	0.0204793 	0.00130186 	-4.66032e-05
1.43022 	0.0204952 	0.0013019 	-4.67504e-05
1.43172 	0.0205111 	0.00130195 	-4.68975e-05
1.43322 	0.0205269 	0.00130199 	-4.70447e-05
1.43472 	0.0205428 	0.00130204 	-4.71919e-05
1.43622 	0.0205587 	0.00130208 	-4.73391e-05
1.43772 	0.0205746 	0.00130213 	-4.74863e-05
1.43922 	0.0205905 	0.00130217 	-4.76334e-05
1.44072 	0.0206064 	0.00130222 	-4.77806e-05
1.44222 	0.0206222 	0.00130226 	-4.79278e-05
1.44372 	0.0206381 	0.0013023 	-4.8075e-05
1.44522 	0.020654 	0.00130235 	-4.82222e-05
1.44672 	0.0206699 	0.00130239 	-4.83693e-05
1.44822 	0.0206858 	0.00130244 	-4.85165e-05
1.44972 	0.0207017 	0.00130248 	-4.86637e-05
1.45123 	0.0207176 	0.00130253 	-4.88109e-05
1.45273 	0.0207334 	0.00130257 	-4.89581e-05
1.45423 	0.0207493 	0.00130262 	-4.91053e-05
1.45573 	0.0207653 	0.00130173 	-4.92256e-05
1.45723 	0.0207813 	0.00129997 	-4.93211e-05
1.45873 	0.0207973 	0.00129821 	-4.94166e-05
1.46023 	0.0208133 	0.00129646 	-4.95121e-05
1.46173 	0.0208293 	0.0012947 	-4.96076e-05
1.46323 	0.0208454 	0.00129294 	-4.97031e-05
1.46473 	0.0208614 	0.00129119 	-4.97986e-05
1.46623 	0.0208782 	0.00129084 	-4.9892e-05
1.46773 	0.0208958 	0.00129204 	-4.9983e-05
1.46923 	0.0209134 	0.00129323 	-5.00741e-05
1.47074 	0.020931 	0.00129443 	-5.01652e-05
1.47224 	0.0209486 	0.00129563 	-5.02563e-05
1.47374 	0.0209662 	0.00129683 	-5.03474e-05
1.47524 	0.0209839 	0.00129802 	-5.04385e-05
1.47674 	0.0210015 	0.00129922 	-5.05295e-05
1.47824 	0.0210188 	0.00130007 	-5.05781e-05
1.47974 	0.0210352 	0.00129998 	-5.05136e-05
1.48124 	0.0210517 	0.0012999 	-5.04491e-05
1.48274 	0.0210681 	0.00129982 	-5.03846e-05
1.48424 	0.0210846 	0.00129973 	-5.03201e-05
1.48574 	0.0211011 	0.00129965 	-5.02556e-05
1.48724 	0.0211175 	0.00129956 	-5.01911e-05
1.48874 	0.021134 	0.00129948 	-5.01266e-05
1.49025 	0.0211504 	0.0012994 	-5.00621e-05
1.49175 	0.0211669 	0.00129931 	-4.99976e-05
1.49325 	0.0211834 	0.00129923 	-4.99331e-05
1.49475 	0.0211998 	0.00129914 	-4.98686e-05
1.49625 	0.0212163 	0.00129906 	-4.98041e-05
1.49775 	0.0212327 	0.00129898 	-4.97396e-05
1.49925 	0.0212492 	0.00129889 	-4.96751e-05
1.50075 	0.0212657 	0.00129881 	-4.96106e-05
1.50225 	0.0212821 	0.00129872 	-4.95461e-05
1.50375 	0.0212986 	0.00129864 	-4.94816e-05
1.50525 	0.021315 	0.00129856 	-4.94171e-05
1.50675 	0.0213315 	0.00129847 	-4.93526e-05
1.50825 	0.021348 	0.00129839 	-4.92881e-05
1.50975 	0.0213644 	0.0012983 	-4.92236e-05
1.51126 	0.0213809 	0.00129822 	-4.91591e-05
1.51276 	0.0213974 	0.00129814 	-4.90946e-05
1.51426 	0.0214138 	0.00129805 	-4.90302e-05
1.51576 	0.0214303 	0.00129797 	-4.89657e-05
1.51726 	0.0214467 	0.00129788 	-4.89012e-05
1.51876 	0.0214632 	0.0012978 	-4.88367e-05
1.52026 	0.0214785 	0.00129639 	-4.86419e-05
1.52176 	0.0214936 	0.00129463 	-4.84116e-05
1.52326 	0.0215086 	0.00129286 	-4.81812e-05
1.52476 	0.0215237 	0.00129109 	-4.79509e-05
1.52626 	0.0215387 	0.00128933 	-4.77206e-05
1.52776 	0.0215538 	0.00128756 	-4.74902e-05
1.52926 	0.0215688 	0.00128579 	-4.72599e-05
1.53077 	0.0215839 	0.00128402 	-4.70295e-05
1.53227 	0.0215989 	0.00128226 	-4.67992e-05
1.53377 	0.021614 	0.00128049 	-4.65689e-05
1.53527 	0.02163 	0.00128014 	-4.63496e-05
1.53677 	0.0216469 	0.00128107 	-4.61405e-05
1.53827 	0.0216637 	0.001282 	-4.59314e-05
1.53977 	0.0216806 	0.00128293 	-4.57223e-05
1.54127 	0.0216975 	0.00128386 	-4.55131e-05
1.54277 	0.0217144 	0.00128479 	-4.5304e-05
1.54427 	0.0217312 	0.00128572 	-4.50949e-05
1.54577 	0.0217481 	0.00128665 	-4.48858e-05
1.54727 	0.021765 	0.00128758 	-4.46767e-05
1.54877 	0.0217819 	0.00128851 	-4.44675e-05
1.55028 	0.0217987 	0.00128944 	-4.42584e-05
1.55178 	0.0218156 	0.00129037 	-4.40493e-05
1.55328 	0.0218314 	0.00129026 	-4.37489e-05
1.55478 	0.0218467 	0.00128949 	-4.33909e-05
1.55628 	0.0218619 	0.00128872 	-4.30328e-05
1.55778 	0.0218771 	0.00128796 	-4.26748e-05
1.55928 	0.0218923 	0.00128719 	-4.23168e-05
1.56078 	0.0219075 	0.00128642 	-4.19587e-05
1.56228 	0.0219227 	0.00128565 	-4.16007e-05
1.56378 	0.0219379 	0.00128488 	-4.12426e-05
1.56528 	0.0219531 	0.00128412 	-4.08846e-05
1.56678 	0.0219683 	0.00128335 	-4.05266e-05
1.56828 	0.0219835 	0.00128258 	-4.01685e-05
1.56978 	0.0219987 	0.00128181 	-3.98105e-05
1.57129 	0.0220139 	0.00128105 	-3.94524e-05
1.57279 	0.0220291 	0.00128028 	-3.90944e-05
1.57429 	0.0220443 	0.00127951 	-3.87364e-05
1.57579 	0.0220595 	0.00127874 	-3.83783e-05
1.57729 	0.0220747 	0.00127797 	-3.80203e-05
1.57879 	0.0220899 	0.00127721 	-3.76622e-05
1.58029 	0.0221051 	0.00127644 	-3.73042e-05
1.58179 	0.0221203 	0.00127567 	-3.69461e-05
1.58329 	0.0221353 	0.00127468 	-3.65685e-05
1.58479 	0.0221485 	0.0012718 	-3.60277e-05
1.58629 	0.0221616 	0.00126892 	-3.54868e-05
1.58779 	0.0221748 	0.00126604 	-3.49459e-05
1.58929 	0.0221879 	0.00126316 	-3.4405e-05
1.5908 	0.0222011 	0.00126028 	-3.38642e-05
1.5923 	0.0222143 	0.00125741 	-3.33233e-05
1.5938 	0.0222274 	0.00125453 	-3.27824e-05
1.5953 	0.0222406 	0.00125165 	-3.22415e-05
1.5968 	0.0222538 	0.00124877 	-3.17006e-05
1.5983 	0.0222669 	0.00124589 	-3.11598e-05
1.5998 	0.0222801 	0.00124301 	-3.06189e-05
1.6013 	0.0222932 	0.00124013 	-3.0078e-05
1.6028 	0.0223064 	0.00123726 	-2.95371e-05
1.6043 	0.0223197 	0.00123442 	-2.89939e-05
1.6058 	0.022333 	0.0012316 	-2.84493e-05
1.6073 	0.0223463 	0.00122878 	-2.79048e-05
1.6088 	0.0223597 	0.00122596 	-2.73603e-05
1.61031 	0.022373 	0.00122314 	-2.68158e-05
1.61181 	0.0223864 	0.00122032 	-2.62712e-05
1.61331 	0.0223997 	0.0012175 	-2.57267e-05
1.61481 	0.022413 	0.00121468 	-2.51822e-05
1.61631 	0.0224264 	0.00121186 	-2.46377e-05
1.61781 	0.0224397 	0.00120903 	-2.40932e-05
1.61931 	0.022453 	0.00120621 	-2.35486e-05
1.62081 	0.0224664 	0.00120339 	-2.30041e-05
1.62231 	0.0224797 	0.00120057 	-2.24596e-05
1.62381 	0.022493 	0.00119775 	-2.19151e-05
1.62531 	0.0225064 	0.00119493 	-2.13705e-05
1.62681 	0.0225198 	0.0011923 	-2.08298e-05
1.62831 	0.0225339 	0.00119119 	-2.03211e-05
1.62981 	0.0225479 	0.00119008 	-1.98125e-05
1.63132 	0.022562 	0.00118898 	-1.93038e-05
1.63282 	0.0225761 	0.00118787 	-1.87952e-05
1.63432 	0.0225902 	0.00118676 	-1.82865e-05
1.63582 	0.0226043 	0.00118566 	-1.77779e-05
1.63732 	0.0226183 	0.00118455 	-1.72692e-05
1.63882 	0.0226324 	0.00118344 	-1.67605e-05
1.64032 	0.0226465 	0.00118234 	-1.62519e-05
1.64182 	0.0226606 	0.00118123 	-1.57432e-05
1.64332 	0.0226746 	0.00118013 	-1.52346e-05
1.64482 	0.0226887 	0.00117902 	-1.47259e-05
1.64632 	0.0227028 	0.00117791 	-1.42173e-05
1.64782 	0.0227173 	0.00117793 	-1.37303e-05
1.64932 	0.0227321 	0.00117867 	-1.32574e-05
1.65083 	0.0227468 	0.00117941 	-1.27845e-05
1.65233 	0.0227616 	0.00118015 	-1.23116e-05
1.65383 	0.0227764 	0.00118089 	-1.18388e-05
1.65533 	0.0227911 	0.00118163 	-1.13659e-05
1.65683 	0.0228059 	0.00118237 	-1.0893e-05
1.65833 	0.0228207 	0.00118311 	-1.04201e-05
1.65983 	0.0228354 	0.00118386 	-9.94717e-06
1.66133 	0.0228502 	0.0011846 	-9.47427e-06
1.66283 	0.022865 	0.00118534 	-9.00137e-06
1.66433 	0.0228797 	0.00118608 	-8.52848e-06
1.66583 	0.0228945 	0.00118682 	-8.05558e-06
1.66733 	0.0229093 	0.00118756 	-7.58268e-06
1.66883 	0.022924 	0.0011883 	-7.10979e-06
1.67034 	0.0229388 	0.00118904 	-6.63689e-06
1.67184 	0.0229535 	0.00118968 	-6.16345e-06
1.67334 	0.0229668 	0.001188 	-5.67769e-06
1.67484 	0.0229801 	0.00118631 	-5.19192e-06
1.67634 	0.0229934 	0.00118463 	-4.70616e-06
1.67784 	0.0230067 	0.00118294 	-4.2204e-06
1.67934 	0.0230201 	0.00118126 	-3.73464e-06
1.68084 	0.0230334 	0.00117957 	-3.24887e-06
1.68234 	0.0230467 	0.00117789 	-2.76311e-06
1.68384 	0.02306 	0.0011762 	-2.27735e-06
1.68534 	0.0230733 	0.00117452 	-1.79159e-06
1.68684 	0.0230866 	0.00117283 	-1.30582e-06
1.68834 	0.0230999 	0.00117115 	-8.20061e-07
1.68984 	0.0231132 	0.00116946 	-3.34298e-07
1.69135 	0.0231265 	0.00116778 	1.51464e-07
1.69285 	0.0231398 	0.00116609 	6.37226e-07
1.69435 	0.0231532 	0.00116441 	1.12299e-06
1.69585 	0.0231665 	0.00116273 	1.60875e-06
1.69735 	0.0231798 	0.00116104 	2.09451e-06
1.69885 	0.0231931 	0.00115936 	2.58028e-06
1.70035 	0.0232064 	0.00115767 	3.06604e-06
1.70185 	0.0232198 	0.00115707 	3.52443e-06
1.70335 	0.0232332 	0.0011565 	3.98215e-06
1.70485 	0.0232467 	0.00115593 	4.43988e-06
1.70635 	0.0232601 	0.00115536 	4.8976e-06
1.70785 	0.0232735 	0.00115479 	5.35532e-06
1.70935 	0.0232869 	0.00115422 	5.81305e-06
1.71086 	0.0232999 	0.00115417 	6.24509e-06
1.71236 	0.0233124 	0.00115488 	6.64013e-06
1.71386 	0.0233248 	0.00115559 	7.03518e-06
1.71536 	0.0233372 	0.00115629 	7.43022e-06
1.71686 	0.0233497 	0.001157 	7.82527e-06
1.71836 	0.0233621 	0.00115771 	8.22031e-06
1.71986 	0.0233745 	0.00115841 	8.61536e-06
1.72136 	0.023387 	0.00115912 	9.0104e-06
1.72286 	0.0233994 	0.00115983 	9.40545e-06
1.72436 	0.0234118 	0.00116054 	9.80049e-06
1.72586 	0.0234243 	0.00116124 	1.01955e-05
1.72736 	0.0234367 	0.00116195 	1.05906e-05
1.72886 	0.0234491 	0.00116266 	1.09856e-05
1.73037 	0.0234616 	0.00116336 	1.13807e-05
1.73187 	0.023474 	0.00116407 	1.17757e-05
1.73337 	0.0234864 	0.00116478 	1.21708e-05
1.73487 	0.0234989 	0.00116549 	1.25658e-05
1.73637 	0.0235113 	0.00116619 	1.29609e-05
1.73787 	0.0235237 	0.0011669 	1.33559e-05
1.73937 	0.0235362 	0.00116761 	1.37509e-05
1.74087 	0.023549 	0.00116617 	1.42072e-05
1.74237 	0.0235619 	0.00116435 	1.46746e-05
1.74387 	0.0235748 	0.00116253 	1.5142e-05
1.74537 	0.0235877 	0.0011607 	1.56095e-05
1.74687 	0.0236006 	0.00115888 	1.60769e-05
1.74837 	0.0236135 	0.00115705 	1.65443e-05
1.74987 	0.0236264 	0.00115523 	1.70117e-05
1.75138 	0.0236393 	0.00115341 	1.74791e-05
1.75288 	0.0236522 	0.00115158 	1.79465e-05
1.75438 	0.0236651 	0.00114976 	1.8414e-05
1.75588 	0.023678 	0.00114794 	1.88814e-05
1.75738 	0.0236909 	0.00114611 	1.93488e-05
1.75888 	0.0237038 	0.00114429 	1.98162e-05
1.76038 	0.0237167 	0.00114247 	2.02836e-05
1.76188 	0.0237296 	0.00114064 	2.0751e-05
1.76338 	0.0237425 	0.00113882 	2.12184e-05
1.76488 	0.0237554 	0.00113699 	2.16859e-05
1.76638 	0.0237683 	0.00113517 	2.21533e-05
1.76788 	0.0237812 	0.00113335 	2.26207e-05
1.76938 	0.0237941 	0.00113152 	2.30881e-05
1.77089 	0.023807 	0.0011297 	2.35555e-05
1.77239 	0.0238199 	0.00112788 	2.40229e-05
1.77389 	0.0238312 	0.0011272 	2.44828e-05
1.77539 	0.0238414 	0.00112742 	2.4943e-05
1.77689 	0.0238516 	0.00112763 	2.54032e-05
1.77839 	0.0238617 	0.00112784 	2.58633e-05
1.77989 	0.0238719 	0.00112806 	2.63235e-05
1.78139 	0.0238821 	0.00112827 	2.67837e-05
1.78289 	0.0238922 	0.00112848 	2.72439e-05
1.78439 	0.0239024 	0.0011287 	2.77041e-05
1.78589 	0.0239126 	0.00112891 	2.81642e-05
1.78739 	0.0239228 	0.00112912 	2.86244e-05
1.78889 	0.0239329 	0.00112934 	2.90846e-05
1.7904 	0.0239431 	0.00112955 	2.95448e-05
1.7919 	0.0239533 	0.00112976 	3.0005e-05
1.7934 	0.0239634 	0.00112997 	3.04651e-05
1.7949 	0.0239736 	0.00113019 	3.09253e-05
1.7964 	0.0239838 	0.0011304 	3.13855e-05
1.7979 	0.0239939 	0.00113061 	3.18457e-05
1.7994 	0.0240041 	0.00113083 	3.23059e-05
1.8009 	0.0240143 	0.00113104 	3.2766e-05
1.8024 	0.0240245 	0.00113125 	3.32262e-05
1.8039 	0.0240346 	0.00113147 	3.36864e-05
1.8054 	0.0240448 	0.00113168 	3.41466e-05
1.8069 	0.0240556 	0.00113153 	3.46426e-05
1.8084 	0.0240686 	0.00113013 	3.52612e-05
1.8099 	0.0240816 	0.00112872 	3.58797e-05
1.81141 	0.0240946 	0.00112732 	3.64982e-05
1.81291 	0.0241076 	0.00112592 	3.71168e-05
1.81441 	0.0241206 	0.00112452 	3.77353e-05
1.81591 	0.0241336 	0.00112312 	3.83538e-05
1.81741 	0.0241466 	0.00112171 	3.89724e-05
1.81891 	0.0241597 	0.00112031 	3.95909e-05
1.82041 	0.0241727 	0.00111891 	4.02094e-05
1.82191 	0.0241857 	0.00111751 	4.0828e-05
1.82341 	0.0241987 	0.00111611 	4.14465e-05
1.82491 	0.0242117 	0.0011147 	4.2065e-05
1.82641 	0.0242247 	0.0011133 	4.26836e-05
1.82791 	0.0242377 	0.0011119 	4.33021e-05
1.82941 	0.0242507 	0.0011105 	4.39206e-05
1.83092 	0.0242637 	0.0011091 	4.45392e-05
1.83242 	0.0242767 	0.0011077 	4.51577e-05
1.83392 	0.0242897 	0.00110629 	4.57762e-05
1.83542 	0.0243017 	0.00110521 	4.63408e-05
1.83692 	0.024312 	0.00110464 	4.68169e-05
1.83842 	0.0243223 	0.00110407 	4.7293e-05
1.83992 	0.0243326 	0.0011035 	4.7769e-05
1.84142 	0.0243429 	0.00110294 	4.82451e-05
1.84292 	0.0243532 	0.00110237 	4.87212e-05
1.84442 	0.0243635 	0.0011018 	4.91973e-05
1.84592 	0.024372 	0.00110149 	4.95961e-05
1.84742 	0.0243796 	0.00110129 	4.99619e-05
1.84892 	0.0243872 	0.00110108 	5.03276e-05
1.85043 	0.0243948 	0.00110088 	5.06934e-05
1.85193 	0.0244024 	0.00110068 	5.10591e-05
1.85343 	0.02441 	0.00110048 	5.14249e-05
1.85493 	0.0244176 	0.00110028 	5.17906e-05
1.85643 	0.0244252 	0.00110008 	5.21564e-05
1.85793 	0.0244329 	0.00109987 	5.25222e-05
1.85943 	0.0244405 	0.00109967 	5.28879e-05
1.86093 	0.0244481 	0.00109947 	5.32537e-05
1.86243 	0.0244557 	0.00109927 	5.36194e-05
1.86393 	0.0244633 	0.00109907 	5.39852e-05
1.86543 	0.0244709 	0.00109887 	5.43509e-05
1.86693 	0.0244785 	0.00109866 	5.47167e-05
1.86843 	0.0244861 	0.00109846 	5.50824e-05
1.86993 	0.0244938 	0.00109826 	5.54482e-05
1.87144 	0.0245014 	0.00109806 	5.58139e-05
1.87294 	0.024509 	0.00109778 	5.61794e-05
1.87444 	0.0245166 	0.00109733 	5.65441e-05
1.87594 	0.0245242 	0.00109688 	5.69088e-05
1.87744 	0.0245319 	0.00109643 	5.72735e-05
1.87894 	0.0245395 	0.00109599 	5.76382e-05
1.88044 	0.0245471 	0.00109554 	5.8003e-05
1.88194 	0.0245548 	0.00109509 	5.83677e-05
1.88344 	0.0245624 	0.00109465 	5.87324e-05
1.88494 	0.02457 	0.0010942 	5.90971e-05
1.88644 	0.0245776 	0.00109375 	5.94618e-05
1.88794 	0.0245853 	0.0010933 	5.98266e-05
1.88944 	0.0245929 	0.00109286 	6.01913e-05
1.89095 	0.0246005 	0.00109241 	6.0556e-05
1.89245 	0.0246082 	0.00109196 	6.09207e-05
1.89395 	0.0246158 	0.00109151 	6.12855e-05
1.89545 	0.0246234 	0.00109107 	6.16502e-05
1.89695 	0.0246329 	0.00109045 	6.21615e-05
1.89845 	0.0246429 	0.00108979 	6.27167e-05
1.89995 	0.0246529 	0.00108913 	6.32718e-05
1.90145 	0.0246629 	0.00108846 	6.3827e-05
1.90295 	0.0246729 	0.0010878 	6.43821e-05
1.90445 	0.024683 	0.00108714 	6.49372e-05
1.90595 	0.024693 	0.00108648 	6.54924e-05
1.90745 	0.024703 	0.00108581 	6.60475e-05
1.90895 	0.024713 	0.00108515 	6.66027e-05
1.91046 	0.024723 	0.00108449 	6.71578e-05
1.91196 	0.024733 	0.00108382 	6.77129e-05
1.91346 	0.024743 	0.00108316 	6.82681e-05
1.91496 	0.024753 	0.0010825 	6.88232e-05
1.91646 	0.024765 	0.00108179 	6.95408e-05
1.91796 	0.024777 	0.00108108 	7.02664e-05
1.91946 	0.024789 	0.00108037 	7.0992e-05
1.92096 	0.024801 	0.00107966 	7.17176e-05
1.92246 	0.024813 	0.00107895 	7.24431e-05
1.92396 	0.0248251 	0.00107824 	7.31687e-05
1.92546 	0.0248371 	0.00107753 	7.38943e-05
1.92696 	0.0248491 	0.00107682 	7.46199e-05
1.92846 	0.0248611 	0.00107611 	7.53455e-05
1.92996 	0.0248731 	0.0010754 	7.60711e-05
1.93147 	0.0248852 	0.00107469 	7.67967e-05
1.93297 	0.0248972 	0.00107398 	7.75223e-05
1.93447 	0.0249092 	0.00107327 	7.82479e-05
1.93597 	0.0249212 	0.00107256 	7.89735e-05
1.93747 	0.0249322 	0.00107188 	7.96435e-05
1.93897 	0.0249408 	0.00107128 	8.01894e-05
1.94047 	0.0249495 	0.00107068 	8.07353e-05
1.94197 	0.0249581 	0.00107008 	8.12812e-05
1.94347 	0.0249668 	0.00106947 	8.18271e-05
1.94497 	0.0249755 	0.00106887 	8.23729e-05
1.94647 	0.0249841 	0.00106827 	8.29188e-05
1.94797 	0.0249928 	0.00106767 	8.34647e-05
1.94947 	0.0250014 	0.00106707 	8.40106e-05
1.95098 	0.0250101 	0.00106647 	8.45565e-05
1.95248 	0.0250187 	0.00106586 	8.51024e-05
1.95398 	0.0250274 	0.00106526 	8.56482e-05
1.95548 	0.025036 	0.00106466 	8.61941e-05
1.95698 	0.025046 	0.00106387 	8.68099e-05
1.95848 	0.0250561 	0.00106307 	8.74327e-05
1.95998 	0.0250663 	0.00106226 	8.80556e-05
1.96148 	0.0250764 	0.00106146 	8.86785e-05
1.96298 	0.0250865 	0.00106065 	8.93013e-05
1.96448 	0.0250967 	0.00105985 	8.99242e-05
1.96598 	0.0251068 	0.00105904 	9.0547e-05
1.96748 	0.0251169 	0.00105824 	9.11699e-05
1.96898 	0.025127 	0.00105743 	9.17928e-05
1.97049 	0.0251372 	0.00105662 	9.24156e-05
1.97199 	0.0251473 	0.00105582 	9.30385e-05
1.97349 	0.0251574 	0.00105501 	9.36614e-05
1.97499 	0.0251676 	0.00105421 	9.42842e-05
1.97649 	0.0251777 	0.0010534 	9.49071e-05
1.97799 	0.0251878 	0.0010526 	9.553e-05
1.97949 	0.0251979 	0.00105179 	9.61528e-05
1.98099 	0.0252081 	0.00105099 	9.67757e-05
1.98249 	0.0252182 	0.00105018 	9.73986e-05
1.98399 	0.0252285 	0.00104939 	9.80281e-05
1.98549 	0.0252391 	0.00104864 	9.8669e-05
1.98699 	0.0252496 	0.00104788 	9.93098e-05
1.98849 	0.0252602 	0.00104713 	9.99507e-05
1.98999 	0.0252708 	0.00104637 	0.000100592
1.9915 	0.0252814 	0.00104562 	0.000101232
1.993 	0.025292 	0.00104486 	0.000101873
1.9945 	0.0253025 	0.0010441 	0.000102514
1.996 	0.0253131 	0.00104335 	0.000103155
1.9975 	0.0253237 	0.00104259 	0.000103796
1.999 	0.0253343 	0.00104184 	0.000104437
2.0005 	0.0253443 	0.0010411 	0.000105053
2.002 	0.0253531 	0.00104042 	0.000105605
2.0035 	0.0253618 	0.00103975 	0.000106157
2.005 	0.0253706 	0.00103907 	0.000106709
2.0065 	0.0253793 	0.00103839 	0.000107261
2.008 	0.0253881 	0.00103771 	0.000107814
2.0095 	0.0253968 	0.00103703 	0.000108366
2.01101 	0.0254056 	0.00103635 	0.000108918
2.01251 	0.0254143 	0.00103567 	0.00010947
2.01401 	0.0254231 	0.00103499 	0.000110022
2.01551 	0.0254324 	0.00103412 	0.000110562
2.01701 	0.0254417 	0.00103323 	0.000111101
2.01851 	0.0254511 	0.00103233 	0.000111639
2.02001 	0.0254605 	0.00103143 	0.000112177
2.02151 	0.0254698 	0.00103054 	0.000112716
2.02301 	0.0254792 	0.00102964 	0.000113254
2.02451 	0.0254886 	0.00102875 	0.000113793
2.02601 	0.0254979 	0.00102785 	0.000114331
2.02751 	0.0255073 	0.00102695 	0.000114869
2.02901 	0.0255167 	0.00102606 	0.000115408
2.03052 	0.0255261 	0.00102516 	0.000115946
2.03202 	0.0255354 	0.00102426 	0.000116484
2.03352 	0.0255448 	0.00102337 	0.000117023
2.03502 	0.0255542 	0.00102247 	0.000117561
2.03652 	0.0255635 	0.00102157 	0.0001181
2.03802 	0.0255729 	0.00102068 	0.000118638
2.03952 	0.0255823 	0.00101978 	0.000119176
2.04102 	0.0255916 	0.00101889 	0.000119715
2.04252 	0.025601 	0.00101799 	0.000120253
2.04402 	0.0256104 	0.00101709 	0.000120791
2.04552 	0.0256197 	0.0010162 	0.00012133
2.04702 	0.0256291 	0.0010153 	0.000121868
2.04852 	0.0256385 	0.0010144 	0.000122407
2.05003 	0.0256478 	0.00101351 	0.000122937
2.05153 	0.0256569 	0.00101267 	0.000123411
2.05303 	0.025666 	0.00101183 	0.000123884
2.05453 	0.0256751 	0.00101098 	0.000124357
2.05603 	0.0256842 	0.00101014 	0.00012483
2.05753 	0.0256934 	0.00100929 	0.000125303
2.05903 	0.0257025 	0.00100845 	0.000125776
2.06053 	0.0257116 	0.00100761 	0.00012625
2.06203 	0.0257206 	0.00100678 	0.000126726
2.06353 	0.0257296 	0.00100599 	0.000127207
2.06503 	0.0257385 	0.00100519 	0.000127688
2.06653 	0.0257474 	0.0010044 	0.000128169
2.06803 	0.0257563 	0.00100361 	0.00012865
2.06953 	0.0257653 	0.00100281 	0.000129131
2.07104 	0.0257742 	0.00100202 	0.000129612
2.07254 	0.0257827 	0.00100105 	0.000130003
2.07404 	0.0257912 	0.00100004 	0.000130372
2.07554 	0.0257997 	0.000999025 	0.000130741
2.07704 	0.0258081 	0.000998012 	0.00013111
2.07854 	0.0258166 	0.000996999 	0.000131479
2.08004 	0.025825 	0.000995986 	0.000131848
2.08154 	0.0258335 	0.000994973 	0.000132217
2.08304 	0.0258419 	0.000993961 	0.000132586
2.08454 	0.0258504 	0.000992948 	0.000132955
2.08604 	0.0258588 	0.000991935 	0.000133323
2.08754 	0.0258673 	0.000990922 	0.000133692
2.08904 	0.0258757 	0.000989909 	0.000134061
2.09055 	0.0258842 	0.000988896 	0.00013443
2.09205 	0.0258926 	0.000987884 	0.000134799
2.09355 	0.0259011 	0.000986871 	0.000135168
2.09505 	0.0259095 	0.000985858 	0.000135537
2.09655 	0.025918 	0.000984845 	0.000135906
2.09805 	0.0259264 	0.000983832 	0.000136275
2.09955 	0.0259349 	0.00098282 	0.000136643
2.10105 	0.0259433 	0.000981807 	0.000137012
2.10255 	0.0259518 	0.000980794 	0.000137381
2.10405 	0.0259602 	0.000979781 	0.00013775
2.10555 	0.0259687 	0.000978768 	0.000138119
2.10705 	0.0259771 	0.000977756 	0.000138488
2.10855 	0.0259856 	0.000976743 	0.000138857
2.11006 	0.0259941 	0.00097573 	0.000139226
2.11156 	0.0260025 	0.000974717 	0.000139595
2.11306 	0.026011 	0.000973704 	0.000139963
2.11456 	0.0260193 	0.000972687 	0.000140308
2.11606 	0.0260273 	0.000971661 	0.0001406
2.11756 	0.0260353 	0.000970635 	0.000140891
2.11906 	0.0260434 	0.000969609 	0.000141183
2.12056 	0.0260514 	0.000968582 	0.000141475
2.12206 	0.0260594 	0.000967643 	0.000141755
2.12356 	0.0260673 	0.000966749 	0.000142028
2.12506 	0.0260752 	0.000965854 	0.000142302
2.12656 	0.0260831 	0.00096496 	0.000142575
2.12806 	0.0260908 	0.000963898 	0.000142821
2.12956 	0.0260983 	0.000962769 	0.000143055
2.13107 	0.0261059 	0.00096164 	0.000143289
2.13257 	0.0261134 	0.000960511 	0.000143523
2.13407 	0.026121 	0.000959382 	0.000143757
2.13557 	0.0261286 	0.000958253 	0.000143991
2.13707 	0.0261361 	0.000957124 	0.000144225
2.13857 	0.0261437 	0.000955995 	0.00014446
2.14007 	0.0261513 	0.000954866 	0.000144694
2.14157 	0.0261588 	0.000953737 	0.000144928
2.14307 	0.0261664 	0.000952608 	0.000145162
2.14457 	0.0261739 	0.000951479 	0.000145396
2.14607 	0.0261815 	0.000950351 	0.00014563
2.14757 	0.0261891 	0.000949222 	0.000145864
2.14907 	0.0261966 	0.000948093 	0.000146098
2.15058 	0.0262042 	0.000946964 	0.000146332
2.15208 	0.0262117 	0.000945835 	0.000146566
2.15358 	0.0262193 	0.000944706 	0.0001468
2.15508 	0.0262269 	0.000943577 	0.000147035
2.15658 	0.0262344 	0.000942448 	0.000147269
2.15808 	0.026242 	0.000941319 	0.000147503
2.15958 	0.0262496 	0.00094019 	0.000147737
2.16108 	0.0262571 	0.000939061 	0.000147971
2.16258 	0.0262647 	0.000937932 	0.000148205
2.16408 	0.0262722 	0.000936803 	0.000148439
2.16558 	0.0262798 	0.000935674 	0.000148673
2.16708 	0.0262874 	0.000934545 	0.000148907
2.16858 	0.0262949 	0.000933416 	0.000149141
2.17009 	0.0263025 	0.000932287 	0.000149376
2.17159 	0.0263101 	0.000931158 	0.00014961
2.17309 	0.0263176 	0.000930029 	0.000149844
2.17459 	0.0263252 	0.0009289 	0.000150078
2.17609 	0.0263327 	0.00092777 	0.000150311
2.17759 	0.0263399 	0.000926619 	0.000150538
2.17909 	0.0263471 	0.000925514 	0.000150758
2.18059 	0.0263542 	0.000924547 	0.000150957
2.18209 	0.0263602 	0.000923233 	0.00015111
2.18359 	0.0263658 	0.000921778 	0.000151243
2.18509 	0.0263714 	0.000920322 	0.000151376
2.18659 	0.026377 	0.000918867 	0.00015151
2.18809 	0.0263825 	0.000917411 	0.000151643
2.18959 	0.0263881 	0.000915955 	0.000151776
2.1911 	0.0263937 	0.0009145 	0.00015191
2.1926 	0.0263993 	0.000913044 	0.000152043
2.1941 	0.0264049 	0.000911589 	0.000152176
2.1956 	0.0264105 	0.000910133 	0.00015231
2.1971 	0.0264161 	0.000908677 	0.000152443
2.1986 	0.0264216 	0.000907222 	0.000152576
2.2001 	0.0264272 	0.000905766 	0.00015271
2.2016 	0.0264328 	0.000904311 	0.000152843
2.2031 	0.0264384 	0.000902855 	0.000152976
2.2046 	0.026444 	0.0009014 	0.00015311
2.2061 	0.0264496 	0.000899944 	0.000153243
2.2076 	0.0264551 	0.000898488 	0.000153376
2.2091 	0.0264607 	0.000897033 	0.000153509
2.21061 	0.0264663 	0.000895577 	0.000153643
2.21211 	0.0264719 	0.000894122 	0.000153776
2.21361 	0.0264775 	0.000892666 	0.000153909
2.21511 	0.0264831 	0.00089121 	0.000154043
2.21661 	0.0264887 	0.000889755 	0.000154176
2.21811 	0.0264943 	0.000888305 	0.000154311
2.21961 	0.0265001 	0.000886879 	0.000154453
2.22111 	0.0265059 	0.000885454 	0.000154595
2.22261 	0.0265117 	0.000884028 	0.000154737
2.22411 	0.0265174 	0.000882603 	0.000154879
2.22561 	0.0265232 	0.000881177 	0.000155021
2.22711 	0.026529 	0.000879751 	0.000155163
2.22861 	0.0265348 	0.000878326 	0.000155304
2.23012 	0.0265406 	0.0008769 	0.000155446
2.23162 	0.0265464 	0.000875475 	0.000155588
2.23312 	0.0265522 	0.000874049 	0.00015573
2.23462 	0.0265545 	0.000871924 	0.000155805
2.23612 	0.0265575 	0.000870068 	0.000155877
2.23762 	0.0265617 	0.000868628 	0.000155943
2.23912 	0.0265659 	0.000867187 	0.00015601
2.24062 	0.02657 	0.000865746 	0.000156076
2.24212 	0.0265742 	0.000864306 	0.000156142
2.24362 	0.0265784 	0.000862865 	0.000156208
2.24512 	0.0265826 	0.000861425 	0.000156275
2.24662 	0.0265867 	0.000859984 	0.000156341
2.24812 	0.0265909 	0.000858544 	0.000156407
2.24962 	0.0265951 	0.000857103 	0.000156473
2.25113 	0.0265992 	0.000855662 	0.00015654
2.25263 	0.0266034 	0.000854222 	0.000156606
2.25413 	0.0266076 	0.000852781 	0.000156672
2.25563 	0.0266118 	0.000851341 	0.000156739
2.25713 	0.0266159 	0.0008499 	0.000156805
2.25863 	0.0266201 	0.00084846 	0.000156871
2.26013 	0.0266243 	0.000847019 	0.000156937
2.26163 	0.0266285 	0.000845579 	0.000157004
2.26313 	0.0266326 	0.000844138 	0.00015707
2.26463 	0.0266368 	0.000842697 	0.000157136
2.26613 	0.026641 	0.000841257 	0.000157203
2.26763 	0.0266452 	0.000839816 	0.000157269
2.26913 	0.0266493 	0.000838376 	0.000157335
2.27064 	0.0266535 	0.000836935 	0.000157401
2.27214 	0.0266577 	0.000835495 	0.000157468
2.27364 	0.0266619 	0.000834054 	0.000157534
2.27514 	0.026666 	0.000832613 	0.0001576
2.27664 	0.0266702 	0.000831173 	0.000157666
2.27814 	0.0266744 	0.000829732 	0.000157733
2.27964 	0.0266785 	0.000828292 	0.000157799
2.28114 	0.0266827 	0.000826851 	0.000157865
2.28264 	0.0266869 	0.000825411 	0.000157932
2.28414 	0.0266919 	0.000824168 	0.000158
2.28564 	0.0266993 	0.000823453 	0.000158076
2.28714 	0.0267067 	0.000822739 	0.000158152
2.28864 	0.0267121 	0.00082123 	0.000158228
2.29015 	0.0267163 	0.000819208 	0.000158304
2.29165 	0.0267205 	0.000817187 	0.000158381
2.29315 	0.0267251 	0.000815739 	0.000158424
2.29465 	0.0267298 	0.000814506 	0.000158456
2.29615 	0.0267345 	0.000813274 	0.000158487
2.29765 	0.0267392 	0.000812041 	0.000158518
2.29915 	0.0267439 	0.000810808 	0.000158549
2.30065 	0.0267486 	0.000809575 	0.00015858
2.30215 	0.0267533 	0.000808342 	0.000158612
2.30365 	0.0267581 	0.000807109 	0.000158643
2.30515 	0.0267628 	0.000805877 	0.000158674
2.30665 	0.0267675 	0.000804644 	0.000158705
2.30815 	0.0267722 	0.000803411 	0.000158736
2.30965 	0.0267769 	0.000802178 	0.000158768
2.31116 	0.0267816 	0.000800945 	0.000158799
2.31266 	0.0267863 	0.000799712 	0.00015883
2.31416 	0.026791 	0.00079848 	0.000158861
2.31566 	0.0267957 	0.000797247 	0.000158892
2.31716 	0.0268004 	0.000796014 	0.000158923
2.31866 	0.0268051 	0.000794781 	0.000158955
2.32016 	0.0268099 	0.000793548 	0.000158986
2.32166 	0.0268146 	0.000792315 	0.000159017
2.32316 	0.0268193 	0.000791082 	0.000159048
2.32466 	0.026824 	0.00078985 	0.000159079
2.32616 	0.0268287 	0.000788617 	0.000159111
2.32766 	0.0268334 	0.000787384 	0.000159142
2.32916 	0.0268381 	0.000786151 	0.000159173
2.33067 	0.0268428 	0.000784918 	0.000159204
2.33217 	0.0268475 	0.000783685 	0.000159235
2.33367 	0.0268533 	0.000783054 	0.000159234
2.33517 	0.0268591 	0.00078248 	0.000159229
2.33667 	0.026865 	0.000781906 	0.000159224
2.33817 	0.0268708 	0.000781332 	0.000159219
2.33967 	0.0268758 	0.000780002 	0.000159213
2.34117 	0.0268797 	0.000777819 	0.000159207
2.34267 	0.0268836 	0.000775636 	0.0001592
2.34417 	0.0268875 	0.000773454 	0.000159193
2.34567 	0.0268914 	0.000771271 	0.000159186
2.34717 	0.0268954 	0.000769432 	0.000159119
2.34867 	0.0268994 	0.000767736 	0.000159027
2.35018 	0.0269034 	0.000766041 	0.000158934
2.35168 	0.0269075 	0.000764346 	0.000158842
2.35318 	0.0269115 	0.000762651 	0.00015875
2.35468 	0.0269155 	0.000760956 	0.000158658
2.35618 	0.0269195 	0.000759261 	0.000158566
2.35768 	0.0269235 	0.000757566 	0.000158474
2.35918 	0.0269275 	0.00075587 	0.000158382
2.36068 	0.0269315 	0.000754175 	0.000158289
2.36218 	0.0269355 	0.00075248 	0.000158197
2.36368 	0.0269395 	0.000750785 	0.000158105
2.36518 	0.0269435 	0.00074909 	0.000158013
2.36668 	0.0269475 	0.000747395 	0.000157921
2.36818 	0.0269515 	0.000745699 	0.000157829
2.36968 	0.0269556 	0.000744004 	0.000157737
2.37119 	0.0269596 	0.000742309 	0.000157644
2.37269 	0.0269636 	0.000740614 	0.000157552
2.37419 	0.0269676 	0.000738919 	0.00015746
2.37569 	0.0269716 	0.000737224 	0.000157368
2.37719 	0.0269756 	0.000735529 	0.000157276
2.37869 	0.0269796 	0.000733833 	0.000157184
2.38019 	0.026984 	0.000732815 	0.000157013
2.38169 	0.0269885 	0.000731943 	0.000156824
2.38319 	0.0269929 	0.00073107 	0.000156636
2.38469 	0.0269974 	0.000730198 	0.000156448
2.38619 	0.0270019 	0.000729326 	0.00015626
2.38769 	0.0270064 	0.000728454 	0.000156072
2.38919 	0.0270099 	0.000726813 	0.000155874
2.3907 	0.0270132 	0.00072502 	0.000155673
2.3922 	0.0270165 	0.000723226 	0.000155473
2.3937 	0.0270198 	0.000721432 	0.000155273
2.3952 	0.0270232 	0.000719639 	0.000155073
2.3967 	0.0270265 	0.000717845 	0.000154873
2.3982 	0.0270297 	0.000716116 	0.000154664
2.3997 	0.0270327 	0.000714463 	0.000154445
2.4012 	0.0270358 	0.000712809 	0.000154225
2.4027 	0.0270388 	0.000711156 	0.000154006
2.4042 	0.0270418 	0.000709502 	0.000153787
2.4057 	0.0270449 	0.000707849 	0.000153567
2.4072 	0.0270479 	0.000706196 	0.000153348
2.4087 	0.0270509 	0.000704542 	0.000153128
2.41021 	0.027054 	0.000702889 	0.000152909
2.41171 	0.027057 	0.000701236 	0.00015269
2.41321 	0.0270601 	0.000699582 	0.00015247
2.41471 	0.0270631 	0.000697929 	0.000152251
2.41621 	0.0270661 	0.000696275 	0.000152032
2.41771 	0.0270692 	0.000694622 	0.000151812
2.41921 	0.0270722 	0.000692969 	0.000151593
2.42071 	0.0270752 	0.000691315 	0.000151373
2.42221 	0.0270783 	0.000689662 	0.000151154
2.42371 	0.0270813 	0.000688018 	0.000150934
2.42521 	0.0270844 	0.000686817 	0.000150693
2.42671 	0.0270875 	0.000685616 	0.000150452
2.42821 	0.0270905 	0.000684414 	0.000150211
2.42971 	0.0270936 	0.000683213 	0.00014997
2.43122 	0.0270967 	0.000682012 	0.000149729
2.43272 	0.0270998 	0.000680811 	0.000149488
2.43422 	0.0271029 	0.00067961 	0.000149247
2.43572 	0.0271057 	0.000678278 	0.000149002
2.43722 	0.0271085 	0.000676894 	0.000148756
2.43872 	0.0271113 	0.00067551 	0.00014851
2.44022 	0.027114 	0.000674126 	0.000148263
2.44172 	0.0271168 	0.000672742 	0.000148017
2.44322 	0.0271196 	0.000671358 	0.00014777
2.44472 	0.0271224 	0.000669974 	0.000147524
2.44622 	0.0271251 	0.00066859 	0.000147277
2.44772 	0.0271275 	0.000667437 	0.000147055
2.44922 	0.0271299 	0.000666284 	0.000146832
2.45073 	0.0271322 	0.000665131 	0.000146609
2.45223 	0.0271346 	0.000663978 	0.000146386
2.45373 	0.0271369 	0.000662825 	0.000146163
2.45523 	0.0271393 	0.000661672 	0.00014594
2.45673 	0.0271416 	0.000660519 	0.000145718
2.45823 	0.027144 	0.000659366 	0.000145495
2.45973 	0.0271463 	0.000658213 	0.000145272
2.46123 	0.0271487 	0.00065706 	0.000145049
2.46273 	0.027151 	0.000655907 	0.000144826
2.46423 	0.0271534 	0.000654754 	0.000144603
2.46573 	0.0271557 	0.000653601 	0.00014438
2.46723 	0.0271578 	0.000652588 	0.000144189
2.46873 	0.0271595 	0.000651702 	0.000144027
2.47024 	0.0271612 	0.000650816 	0.000143865
2.47174 	0.0271629 	0.000649931 	0.000143703
2.47324 	0.0271646 	0.000649045 	0.000143541
2.47474 	0.0271664 	0.00064816 	0.000143379
2.47624 	0.0271681 	0.000647274 	0.000143217
2.47774 	0.0271698 	0.000646389 	0.000143054
2.47924 	0.0271715 	0.000645513 	0.000142897
2.48074 	0.0271726 	0.000644712 	0.00014277
2.48224 	0.0271737 	0.00064391 	0.000142644
2.48374 	0.0271749 	0.000643108 	0.000142517
2.48524 	0.027176 	0.000642306 	0.00014239
2.48674 	0.0271771 	0.000641504 	0.000142264
2.48824 	0.0271783 	0.000640702 	0.000142137
2.48974 	0.0271794 	0.0006399 	0.000142011
2.49125 	0.0271806 	0.000639098 	0.000141884
2.49275 	0.0271817 	0.000638236 	0.000141737
2.49425 	0.0271829 	0.000637241 	0.000141545
2.49575 	0.027184 	0.000636246 	0.000141353
2.49725 	0.0271852 	0.000635251 	0.000141161
2.49875 	0.0271863 	0.000634256 	0.000140969
2.50025 	0.0271875 	0.000633261 	0.000140777
2.50175 	0.0271886 	0.000632266 	0.000140585
2.50325 	0.0271898 	0.000631271 	0.000140393
2.50475 	0.027191 	0.000630276 	0.000140201
2.50625 	0.0271921 	0.00062928 	0.000140009
2.50775 	0.0271933 	0.000628168 	0.000139798
2.50925 	0.0271944 	0.000626817 	0.000139546
2.51076 	0.0271956 	0.000625466 	0.000139295
2.51226 	0.0271967 	0.000624114 	0.000139044
2.51376 	0.0271979 	0.000622763 	0.000138792
2.51526 	0.027199 	0.000621412 	0.000138541
2.51676 	0.0272002 	0.00062006 	0.000138289
2.51826 	0.0272013 	0.000618709 	0.000138038
2.51976 	0.0272025 	0.000617358 	0.000137787
2.52126 	0.0272036 	0.000616011 	0.000137536
2.52276 	0.0272042 	0.000614773 	0.000137309
2.52426 	0.0272047 	0.000613534 	0.000137082
2.52576 	0.0272053 	0.000612296 	0.000136855
2.52726 	0.0272058 	0.000611057 	0.000136628
2.52876 	0.0272064 	0.000609819 	0.000136401
2.53027 	0.0272069 	0.000608581 	0.000136174
2.53177 	0.0272075 	0.000607342 	0.000135947
2.53327 	0.027208 	0.000606104 	0.00013572
2.53477 	0.0272086 	0.000604866 	0.000135492
2.53627 	0.0272089 	0.000603661 	0.000135247
2.53777 	0.0272087 	0.000602516 	0.000134968
2.53927 	0.0272086 	0.00060137 	0.00013469
2.54077 	0.0272084 	0.000600224 	0.000134412
2.54227 	0.0272083 	0.000599079 	0.000134134
2.54377 	0.0272081 	0.000597933 	0.000133856
2.54527 	0.027208 	0.000596787 	0.000133578
2.54677 	0.0272075 	0.000595557 	0.000133263
2.54827 	0.0272066 	0.000594218 	0.000132902
2.54977 	0.0272057 	0.00059288 	0.000132541
2.55128 	0.0272049 	0.000591542 	0.000132181
2.55278 	0.027204 	0.000590204 	0.00013182
2.55428 	0.0272031 	0.000588865 	0.000131459
2.55578 	0.0272022 	0.000587527 	0.000131098
2.55728 	0.0272013 	0.000586189 	0.000130737
2.55878 	0.0272005 	0.000584851 	0.000130377
2.56028 	0.0271996 	0.000583512 	0.000130016
2.56178 	0.0271985 	0.000582142 	0.000129644
2.56328 	0.0271973 	0.000580734 	0.000129258
2.56478 	0.0271961 	0.000579325 	0.000128872
2.56628 	0.0271949 	0.000577917 	0.000128487
2.56778 	0.0271936 	0.000576508 	0.000128101
2.56928 	0.0271924 	0.000575099 	0.000127715
2.57079 	0.0271912 	0.000573691 	0.000127329
2.57229 	0.0271899 	0.000572282 	0.000126944
2.57379 	0.0271887 	0.000570874 	0.000126558
2.57529 	0.0271875 	0.000569465 	0.000126172
2.57679 	0.0271861 	0.000568069 	0.000125788
2.57829 	0.027184 	0.000566757 	0.000125413
2.57979 	0.0271819 	0.000565444 	0.000125037
2.58129 	0.0271798 	0.000564132 	0.000124662
2.58279 	0.0271777 	0.000562819 	0.000124287
2.58429 	0.0271747 	0.000561452 	0.0001239
2.58579 	0.0271715 	0.000560074 	0.000123512
2.58729 	0.0271683 	0.000558696 	0.000123124
2.58879 	0.0271651 	0.000557318 	0.000122735
2.5903 	0.0271619 	0.00055594 	0.000122347
2.5918 	0.0271587 	0.000554562 	0.000121959
2.5933 	0.0271555 	0.000553184 	0.00012157
2.5948 	0.0271524 	0.000551807 	0.000121182
2.5963 	0.0271492 	0.000550429 	0.000120794
2.5978 	0.027146 	0.000549051 	0.000120405
2.5993 	0.0271427 	0.00054769 	0.000120014
2.6008 	0.0271392 	0.000546361 	0.000119617
2.6023 	0.0271358 	0.000545033 	0.000119221
2.6038 	0.0271323 	0.000543705 	0.000118824
2.6053 	0.0271288 	0.000542377 	0.000118427
2.6068 	0.0271254 	0.000541048 	0.00011803
2.6083 	0.0271219 	0.00053972 	0.000117633
2.6098 	0.0271185 	0.000538392 	0.000117236
2.61131 	0.027115 	0.000537064 	0.000116839
2.61281 	0.0271115 	0.000535736 	0.000116443
2.61431 	0.0271081 	0.000534407 	0.000116046
2.61581 	0.0271043 	0.000533151 	0.000115683
2.61731 	0.0271003 	0.000531952 	0.000115347
2.61881 	0.0270964 	0.000530821 	0.000115055
2.62031 	0.0270924 	0.000529751 	0.000114801
2.62181 	0.0270884 	0.000528681 	0.000114548
2.62331 	0.0270845 	0.000527611 	0.000114294
2.62481 	0.0270805 	0.000526541 	0.000114041
2.62631 	0.0270765 	0.00052547 	0.000113787
2.62781 	0.0270725 	0.0005244 	0.000113534
2.62931 	0.0270686 	0.00052333 	0.00011328
2.63082 	0.0270646 	0.00052226 	0.000113026
2.63232 	0.0270606 	0.00052119 	0.000112773
2.63382 	0.0270567 	0.00052012 	0.000112519
2.63532 	0.0270532 	0.000519259 	0.000112302
2.63682 	0.02705 	0.000518507 	0.000112104
2.63832 	0.0270467 	0.000517754 	0.000111906
2.63982 	0.0270435 	0.000517002 	0.000111707
2.64132 	0.0270403 	0.000516249 	0.000111509
2.64282 	0.0270371 	0.000515497 	0.000111311
2.64432 	0.0270338 	0.000514744 	0.000111112
2.64582 	0.0270306 	0.000513992 	0.000110914
2.64732 	0.0270274 	0.000513239 	0.000110716
2.64882 	0.0270242 	0.000512487 	0.000110517
2.65033 	0.0270209 	0.000511734 	0.000110319
2.65183 	0.0270152 	0.000510558 	0.000110009
2.65333 	0.0270072 	0.000508979 	0.000109597
2.65483 	0.0269991 	0.000507399 	0.000109184
2.65633 	0.0269911 	0.00050582 	0.000108772
2.65783 	0.026983 	0.00050424 	0.000108359
2.65933 	0.026975 	0.00050266 	0.000107946
2.66083 	0.0269669 	0.000501081 	0.000107534
2.66233 	0.0269589 	0.000499501 	0.000107121
2.66383 	0.0269509 	0.000497922 	0.000106709
2.66533 	0.0269428 	0.000496342 	0.000106296
2.66683 	0.0269348 	0.000494763 	0.000105884
2.66833 	0.0269269 	0.000493296 	0.000105488
2.66983 	0.0269194 	0.000492015 	0.000105119
2.67134 	0.0269119 	0.000490734 	0.000104751
2.67284 	0.0269044 	0.000489453 	0.000104382
2.67434 	0.0268969 	0.000488172 	0.000104014
2.67584 	0.0268894 	0.000486891 	0.000103645
2.67734 	0.0268819 	0.00048561 	0.000103277
2.67884 	0.0268745 	0.000484329 	0.000102908
2.68034 	0.026867 	0.000483048 	0.00010254
2.68184 	0.0268595 	0.000481767 	0.000102171
2.68334 	0.0268506 	0.000480278 	0.000101726
2.68484 	0.0268406 	0.000478667 	0.000101227
2.68634 	0.0268296 	0.000477064 	0.00010068
2.68784 	0.0268187 	0.000475462 	0.000100133
2.68934 	0.0268077 	0.000473859 	9.95858e-05
2.69085 	0.0267967 	0.000472257 	9.90389e-05
2.69235 	0.0267857 	0.000470655 	9.84919e-05
2.69385 	0.0267748 	0.000469052 	9.79449e-05
2.69535 	0.0267638 	0.00046745 	9.7398e-05
2.69685 	0.0267528 	0.000465847 	9.6851e-05
2.69835 	0.0267418 	0.000464245 	9.63041e-05
2.69985 	0.0267306 	0.000462709 	9.57496e-05
2.70135 	0.0267192 	0.000461252 	9.5186e-05
2.70285 	0.0267077 	0.000459796 	9.46224e-05
2.70435 	0.0266963 	0.00045834 	9.40588e-05
2.70585 	0.0266848 	0.000456884 	9.34951e-05
2.70735 	0.0266734 	0.000455428 	9.29315e-05
2.70885 	0.0266619 	0.000453972 	9.23679e-05
2.71036 	0.0266505 	0.000452516 	9.18043e-05
2.71186 	0.026639 	0.00045106 	9.12407e-05
2.71336 	0.0266285 	0.000449493 	9.07901e-05
2.71486 	0.026618 	0.000447924 	9.0342e-05
2.71636 	0.0266075 	0.000446385 	8.99066e-05
2.71786 	0.0265971 	0.000444962 	8.95201e-05
2.71936 	0.0265867 	0.000443538 	8.91336e-05
2.72086 	0.0265763 	0.000442114 	8.87471e-05
2.72236 	0.0265659 	0.00044069 	8.83606e-05
2.72386 	0.0265555 	0.000439266 	8.79741e-05
2.72536 	0.0265451 	0.000437842 	8.75876e-05
2.72686 	0.0265346 	0.000436419 	8.72011e-05
2.72836 	0.0265242 	0.000434995 	8.68146e-05
2.72986 	0.0265168 	0.00043435 	8.64783e-05
2.73137 	0.0265101 	0.000433868 	8.61526e-05
2.73287 	0.0265033 	0.000433386 	8.58268e-05
2.73437 	0.0264965 	0.000432904 	8.55011e-05
2.73587 	0.0264898 	0.000432423 	8.51753e-05
2.73737 	0.026483 	0.000431941 	8.48496e-05
2.73887 	0.0264762 	0.000431459 	8.45238e-05
2.74037 	0.026466 	0.000430404 	8.4124e-05
2.74187 	0.0264522 	0.000428749 	8.36467e-05
2.74337 	0.0264384 	0.000427094 	8.31693e-05
2.74487 	0.0264245 	0.000425439 	8.2692e-05
2.74637 	0.0264066 	0.000423281 	8.21019e-05
2.74787 	0.0263867 	0.000420874 	8.14558e-05
2.74937 	0.0263667 	0.000418468 	8.08097e-05
2.75088 	0.0263468 	0.000416061 	8.01637e-05
2.75238 	0.0263268 	0.000413654 	7.95176e-05
2.75388 	0.0263068 	0.000411247 	7.88715e-05
2.75538 	0.0262869 	0.000408841 	7.82255e-05
2.75688 	0.0262691 	0.000407074 	7.75949e-05
2.75838 	0.0262539 	0.000406079 	7.69831e-05
2.75988 	0.0262387 	0.000405084 	7.63713e-05
2.76138 	0.0262235 	0.000404089 	7.57595e-05
2.76288 	0.0262083 	0.000403095 	7.51477e-05
2.76438 	0.0261932 	0.0004021 	7.4536e-05
2.76588 	0.0261774 	0.000401004 	7.3921e-05
2.76738 	0.0261572 	0.000399139 	7.32817e-05
2.76888 	0.0261371 	0.000397274 	7.26424e-05
2.77039 	0.0261169 	0.000395409 	7.20031e-05
2.77189 	0.0260967 	0.000393545 	7.13638e-05
2.77339 	0.0260752 	0.000391432 	7.07288e-05
2.77489 	0.0260522 	0.000389045 	7.00986e-05
2.77639 	0.0260292 	0.000386657 	6.94685e-05
2.77789 	0.0260061 	0.00038427 	6.88383e-05
2.77939 	0.0259831 	0.000381882 	6.82081e-05
2.78089 	0.0259601 	0.000379495 	6.75779e-05
2.78239 	0.0259376 	0.000377405 	6.69389e-05
2.78389 	0.0259166 	0.000376093 	6.6277e-05
2.78539 	0.0258956 	0.000374782 	6.56151e-05
2.78689 	0.0258745 	0.00037347 	6.49531e-05
2.78839 	0.0258535 	0.000372158 	6.42912e-05
2.78989 	0.0258325 	0.000370846 	6.36293e-05
2.7914 	0.0258138 	0.000369367 	6.31301e-05
2.7929 	0.0257956 	0.00036785 	6.26665e-05
2.7944 	0.0257773 	0.000366334 	6.22029e-05
2.7959 	0.0257591 	0.000364818 	6.17393e-05
2.7974 	0.0257409 	0.000363302 	6.12756e-05
2.7989 	0.0257239 	0.000361719 	6.08968e-05
2.8004 	0.0257078 	0.000360082 	6.05876e-05
2.8019 	0.0256917 	0.000358445 	6.02784e-05
2.8034 	0.0256757 	0.000356807 	5.99691e-05
2.8049 	0.0256596 	0.00035517 	5.96599e-05
2.8064 	0.0256445 	0.000353806 	5.93607e-05
2.8079 	0.0256323 	0.000353299 	5.90932e-05
2.8094 	0.02562 	0.000352793 	5.88256e-05
2.81091 	0.0256078 	0.000352286 	5.85581e-05
2.81241 	0.0255956 	0.000351779 	5.82905e-05
2.81391 	0.0255779 	0.000350641 	5.80027e-05
2.81541 	0.0255558 	0.000349 	5.76986e-05
2.81691 	0.0255337 	0.000347359 	5.73945e-05
2.81841 	0.0255116 	0.000345718 	5.70904e-05
2.81991 	0.0254895 	0.000344076 	5.67863e-05
2.82141 	0.0254674 	0.000342435 	5.64822e-05
2.82291 	0.0254373 	0.000339978 	5.61368e-05
2.82441 	0.0254056 	0.000337348 	5.57826e-05
2.82591 	0.0253738 	0.000334719 	5.54284e-05
2.82741 	0.0253421 	0.000332089 	5.50742e-05
2.82891 	0.0253113 	0.000329751 	5.47371e-05
2.83042 	0.025283 	0.000328123 	5.44414e-05
2.83192 	0.0252547 	0.000326496 	5.41456e-05
2.83342 	0.0252264 	0.000324868 	5.38499e-05
2.83492 	0.025198 	0.000323138 	5.35643e-05
2.83642 	0.0251692 	0.000321146 	5.33049e-05
2.83792 	0.0251405 	0.000319153 	5.30455e-05
2.83942 	0.0251118 	0.00031716 	5.27861e-05
2.84092 	0.0250831 	0.000315168 	5.25267e-05
2.84242 	0.0250543 	0.000313175 	5.22673e-05
2.84392 	0.0250248 	0.000311087 	5.2012e-05
2.84542 	0.0249926 	0.000308685 	5.177e-05
2.84692 	0.0249604 	0.000306284 	5.1528e-05
2.84842 	0.0249282 	0.000303882 	5.1286e-05
2.84992 	0.0248933 	0.000301544 	5.1038e-05
2.85143 	0.0248539 	0.000299316 	5.07799e-05
2.85293 	0.0248144 	0.000297088 	5.05218e-05
2.85443 	0.024775 	0.000294861 	5.02636e-05
2.85593 	0.0247457 	0.000293003 	5.00728e-05
2.85743 	0.024717 	0.000291169 	4.98862e-05
2.85893 	0.0246883 	0.000289334 	4.96995e-05
2.86043 	0.0246596 	0.0002875 	4.95129e-05
2.86193 	0.0246309 	0.000285666 	4.93263e-05
2.86343 	0.0246022 	0.000283831 	4.91397e-05
2.86493 	0.0245806 	0.000282328 	4.90055e-05
2.86643 	0.0245619 	0.000280964 	4.88934e-05
2.86793 	0.0245433 	0.000279601 	4.87813e-05
2.86943 	0.0245221 	0.000278295 	4.86619e-05
2.87094 	0.0244975 	0.00027707 	4.85322e-05
2.87244 	0.024473 	0.000275845 	4.84026e-05
2.87394 	0.0244411 	0.000274082 	4.82629e-05
2.87544 	0.0244019 	0.000271775 	4.81129e-05
2.87694 	0.0243627 	0.000269467 	4.79629e-05
2.87844 	0.0243235 	0.00026716 	4.78129e-05
2.87994 	0.0242843 	0.000264853 	4.76629e-05
2.88144 	0.0242451 	0.000262545 	4.7513e-05
2.88294 	0.0242042 	0.000260124 	4.73658e-05
2.88444 	0.024155 	0.000257151 	4.72324e-05
2.88594 	0.0241059 	0.000254177 	4.7099e-05
2.88744 	0.0240576 	0.000251419 	4.69825e-05
2.88894 	0.0240107 	0.000249007 	4.6893e-05
2.89045 	0.0239638 	0.000246595 	4.68035e-05
2.89195 	0.0239243 	0.000244431 	4.67481e-05
2.89345 	0.0238856 	0.000242293 	4.66965e-05
2.89495 	0.0238468 	0.000240156 	4.66449e-05
2.89645 	0.0238081 	0.000238018 	4.65934e-05
2.89795 	0.0237694 	0.00023588 	4.65418e-05
2.89945 	0.0237306 	0.000233743 	4.64902e-05
2.90095 	0.0236963 	0.00023181 	4.64629e-05
2.90245 	0.0236651 	0.000230032 	4.6454e-05
2.90395 	0.023635 	0.000228373 	4.64542e-05
2.90545 	0.0236084 	0.000227155 	4.6488e-05
2.90695 	0.0235796 	0.000225815 	4.65347e-05
2.90845 	0.0235318 	0.000223467 	4.66878e-05
2.90995 	0.0234841 	0.00022112 	4.68408e-05
2.91146 	0.0234364 	0.000218772 	4.69939e-05
2.91296 	0.0233886 	0.000216425 	4.7147e-05
2.91446 	0.0233409 	0.000214077 	4.73001e-05
2.91596 	0.0232931 	0.00021173 	4.74532e-05
2.91746 	0.0232278 	0.000208531 	4.77002e-05
2.91896 	0.0231591 	0.000205172 	4.79651e-05
2.92046 	0.0230927 	0.000202113 	4.82886e-05
2.92196 	0.0230272 	0.000199134 	4.86215e-05
2.92346 	0.0229699 	0.000196515 	4.89424e-05
2.92496 	0.0229126 	0.000193895 	4.92632e-05
2.92646 	0.0228552 	0.000191275 	4.9584e-05
2.92796 	0.0227979 	0.000188655 	4.99048e-05
2.92946 	0.0227406 	0.000186035 	5.02256e-05
2.93097 	0.0226832 	0.000183415 	5.05465e-05
2.93247 	0.0226334 	0.000181225 	5.08551e-05
2.93397 	0.0225832 	0.000179033 	5.11682e-05
2.93547 	0.0225297 	0.000176727 	5.14978e-05
2.93697 	0.0224688 	0.00017435 	5.19733e-05
2.93847 	0.0224055 	0.000171949 	5.24978e-05
2.93997 	0.0223422 	0.000169548 	5.30223e-05
2.94147 	0.0222788 	0.000167147 	5.35468e-05
2.94297 	0.0222155 	0.000164746 	5.40713e-05
2.94447 	0.0221522 	0.000162346 	5.45958e-05
2.94597 	0.022072 	0.000159626 	5.53505e-05
2.94747 	0.0219706 	0.000156235 	5.62661e-05
2.94897 	0.0218442 	0.000151968 	5.73026e-05
2.95048 	0.0217552 	0.000149123 	5.79546e-05
2.95198 	0.0216662 	0.000146279 	5.86065e-05
2.95348 	0.0215771 	0.000143435 	5.92584e-05
2.95498 	0.0214881 	0.000140591 	5.99104e-05
2.95648 	0.0213991 	0.000137747 	6.05623e-05
2.95798 	0.0213223 	0.000135397 	6.10955e-05
2.95948 	0.021267 	0.000133965 	6.13975e-05
2.96098 	0.0211713 	0.000131232 	6.19313e-05
2.96248 	0.0210749 	0.000128648 	6.23521e-05
2.96398 	0.0209785 	0.000126065 	6.27729e-05
2.96548 	0.0208822 	0.000123481 	6.31937e-05
2.96698 	0.0207858 	0.000120898 	6.36145e-05
2.96848 	0.0206895 	0.000118314 	6.40353e-05
2.96998 	0.0206001 	0.000116077 	6.43507e-05
2.97149 	0.0205088 	0.00011394 	6.45974e-05
2.97299 	0.020364 	0.000110995 	6.47055e-05
2.97449 	0.0201933 	0.000107711 	6.47162e-05
2.97599 	0.0200226 	0.000104426 	6.47268e-05
2.97749 	0.0198519 	0.000101142 	6.47375e-05
2.97899 	0.0196813 	9.78581e-05 	6.47481e-05
2.98049 	0.0194889 	9.43098e-05 	6.46804e-05
2.98199 	0.0192311 	8.98675e-05 	6.44537e-05
2.98349 	0.0189942 	8.60953e-05 	6.41143e-05
2.98499 	0.01877 	8.26493e-05 	6.37318e-05
2.98649 	0.0185457 	7.92033e-05 	6.33494e-05
2.98799 	0.0183215 	7.57573e-05 	6.2967e-05
2.98949 	0.0180973 	7.23113e-05 	6.25846e-05
2.991 	0.0179067 	6.97649e-05 	6.20869e-05
2.9925 	0.0166275 	6.36995e-05 	5.77577e-05
2.994 	0.0136101 	5.19533e-05 	4.73002e-05
2.9955 	0.0105926 	4.02071e-05 	3.68428e-05
2.997 	0.00757515 	2.84609e-05 	2.63854e-05
2.9985 	0.00455769 	1.67146e-05 	1.5928e-05
3 	0 	0 	0
