0.51926 	4.02332e-05 	3.07255e-05 	0.00763
0.52076 	0.000140365 	0.000107195 	0.0266195
0.522261 	0.000240498 	0.000183664 	0.0456091
0.523762 	0.00034063 	0.000260134 	0.0645986
0.525263 	0.000440762 	0.000336603 	0.0835881
0.526763 	0.000642281 	0.000486105 	0.0803544
0.528264 	0.00100472 	0.000766541 	0.0630838
0.529765 	0.00136716 	0.00104698 	0.0458132
0.531266 	0.00172959 	0.00132741 	0.0285426
0.532766 	0.00209203 	0.00160785 	0.011272
0.534267 	0.0025365 	0.00195153 	6.28008e-06
0.535768 	0.00307353 	0.00237594 	7.62906e-06
0.537269 	0.00353087 	0.00273849 	8.75448e-06
0.538769 	0.00398821 	0.00310104 	9.8799e-06
0.54027 	0.00444555 	0.00346359 	1.10053e-05
0.541771 	0.00490289 	0.00382614 	1.21307e-05
0.543272 	0.00530643 	0.00414537 	1.30709e-05
0.544772 	0.0057019 	0.00446927 	1.40078e-05
0.546273 	0.0060391 	0.00474136 	1.47611e-05
0.547774 	0.0063763 	0.00501344 	1.55144e-05
0.549275 	0.0067135 	0.00528552 	1.62677e-05
0.550775 	0.00705071 	0.00555761 	1.7021e-05
0.552276 	0.00738791 	0.00582969 	1.77743e-05
0.553777 	0.00765032 	0.00603884 	1.83062e-05
0.555278 	0.00783943 	0.00618647 	1.86614e-05
0.556778 	0.00802854 	0.00633409 	1.90166e-05
0.558279 	0.00821765 	0.00648171 	1.93717e-05
0.55978 	0.00840675 	0.00662934 	1.97269e-05
0.561281 	0.00859586 	0.00677696 	2.00821e-05
0.562781 	0.00878497 	0.00692459 	2.04373e-05
0.564282 	0.00891683 	0.00702575 	2.06754e-05
0.565783 	0.00903213 	0.00710811 	2.08162e-05
0.567284 	0.00914744 	0.00719047 	2.0957e-05
0.568784 	0.00926274 	0.00727282 	2.10978e-05
0.570285 	0.00937805 	0.00735518 	2.12386e-05
0.571786 	0.00949335 	0.00743754 	2.13794e-05
0.573287 	0.00960865 	0.0075199 	2.15202e-05
0.574787 	0.00972396 	0.00760226 	2.1661e-05
0.576288 	0.00982829 	0.00767177 	2.17668e-05
0.577789 	0.00992016 	0.00772716 	2.18345e-05
0.57929 	0.010012 	0.00778255 	2.19021e-05
0.58079 	0.0101039 	0.00783794 	2.19698e-05
0.582291 	0.0101958 	0.00789333 	2.20375e-05
0.583792 	0.0102876 	0.00794872 	2.21051e-05
0.585293 	0.0103795 	0.00800411 	2.21728e-05
0.586793 	0.0104714 	0.0080595 	2.22405e-05
0.588294 	0.0105535 	0.00810507 	2.22941e-05
0.589795 	0.0106183 	0.00813365 	2.23102e-05
0.591296 	0.0106832 	0.00816224 	2.23263e-05
0.592796 	0.0107481 	0.00819082 	2.23425e-05
0.594297 	0.0108129 	0.00821941 	2.23586e-05
0.595798 	0.0108778 	0.00824799 	2.23747e-05
0.597299 	0.0109427 	0.00827657 	2.23909e-05
0.598799 	0.0110075 	0.00830516 	2.2407e-05
0.6003 	0.0110725 	0.00833382 	2.24234e-05
0.601801 	0.0111328 	0.00835915 	2.24214e-05
0.603302 	0.0111861 	0.00837949 	2.23927e-05
0.604802 	0.0112394 	0.00839983 	2.2364e-05
0.606303 	0.0112927 	0.00842016 	2.23354e-05
0.607804 	0.011346 	0.0084405 	2.23067e-05
0.609305 	0.0113993 	0.00846084 	2.2278e-05
0.610805 	0.0114526 	0.00848118 	2.22493e-05
0.612306 	0.0115059 	0.00850151 	2.22206e-05
0.613807 	0.0115592 	0.00852185 	2.2192e-05
0.615308 	0.0116125 	0.00854219 	2.21633e-05
0.616808 	0.0116595 	0.00855733 	2.20864e-05
0.618309 	0.0117044 	0.00857073 	2.20052e-05
0.61981 	0.0117493 	0.00858413 	2.19239e-05
0.621311 	0.0117942 	0.00859754 	2.18426e-05
0.622811 	0.0118391 	0.00861094 	2.17614e-05
0.624312 	0.0118839 	0.00862434 	2.16801e-05
0.625813 	0.0119288 	0.00863774 	2.15989e-05
0.627314 	0.0119737 	0.00865115 	2.15176e-05
0.628814 	0.0120186 	0.00866455 	2.14363e-05
0.630315 	0.0120635 	0.00867795 	2.13551e-05
0.631816 	0.0121055 	0.00868777 	2.12565e-05
0.633317 	0.0121436 	0.00869278 	2.1174e-05
0.634817 	0.0121817 	0.00869778 	2.10916e-05
0.636318 	0.0122197 	0.00870279 	2.10091e-05
0.637819 	0.0122578 	0.0087078 	2.09266e-05
0.63932 	0.0122959 	0.0087128 	2.08441e-05
0.64082 	0.012334 	0.00871781 	2.07617e-05
0.642321 	0.0123721 	0.00872282 	2.06792e-05
0.643822 	0.0124102 	0.00872782 	2.05967e-05
0.645323 	0.0124483 	0.00873283 	2.05142e-05
0.646823 	0.0124864 	0.00873784 	2.04318e-05
0.648324 	0.0125412 	0.00875172 	2.0344e-05
0.649825 	0.012558 	0.00874079 	2.03145e-05
0.651326 	0.0125928 	0.00874266 	2.02629e-05
0.652826 	0.0126275 	0.00874454 	2.02112e-05
0.654327 	0.0126623 	0.00874641 	2.01596e-05
0.655828 	0.0126971 	0.00874828 	2.01079e-05
0.657329 	0.0127318 	0.00875015 	2.00563e-05
0.658829 	0.0127666 	0.00875202 	2.00046e-05
0.66033 	0.0128013 	0.0087539 	1.9953e-05
0.661831 	0.0128361 	0.00875577 	1.99013e-05
0.663332 	0.0128709 	0.00875764 	1.98496e-05
0.664832 	0.0129078 	0.00876092 	1.97933e-05
0.666333 	0.0129714 	0.00878227 	1.96865e-05
0.667834 	0.0129741 	0.00876548 	1.97133e-05
0.669335 	0.0130075 	0.00876795 	1.96588e-05
0.670835 	0.0130409 	0.00877041 	1.96044e-05
0.672336 	0.0130743 	0.00877287 	1.95499e-05
0.673837 	0.0131077 	0.00877534 	1.94954e-05
0.675338 	0.0131411 	0.0087778 	1.94409e-05
0.676838 	0.0131745 	0.00878027 	1.93864e-05
0.678339 	0.0132079 	0.00878273 	1.93319e-05
0.67984 	0.0132413 	0.00878519 	1.92774e-05
0.681341 	0.0132747 	0.00878766 	1.92229e-05
0.682841 	0.0133081 	0.00879012 	1.91684e-05
0.684342 	0.0133718 	0.00880974 	1.90069e-05
0.685843 	0.0134127 	0.00881582 	1.89212e-05
0.687344 	0.0134065 	0.00879524 	1.89897e-05
0.688844 	0.0134347 	0.00879565 	1.89236e-05
0.690345 	0.0134628 	0.00879605 	1.88574e-05
0.691846 	0.013491 	0.00879646 	1.87912e-05
0.693347 	0.0135192 	0.00879686 	1.8725e-05
0.694847 	0.0135473 	0.00879726 	1.86588e-05
0.696348 	0.0135755 	0.00879767 	1.85926e-05
0.697849 	0.0136037 	0.00879807 	1.85264e-05
0.69935 	0.0136318 	0.00879848 	1.84602e-05
0.70085 	0.01366 	0.00879888 	1.83941e-05
0.702351 	0.0136882 	0.00879928 	1.83279e-05
0.703852 	0.013718 	0.00880057 	1.8254e-05
0.705353 	0.0138065 	0.00883231 	1.79136e-05
0.706853 	0.0138179 	0.00881704 	1.79117e-05
0.708354 	0.0138082 	0.00878963 	1.79913e-05
0.709855 	0.0138354 	0.00878756 	1.78693e-05
0.711356 	0.0138626 	0.00878549 	1.77473e-05
0.712856 	0.0138898 	0.00878341 	1.76254e-05
0.714357 	0.013917 	0.00878134 	1.75034e-05
0.715858 	0.0139442 	0.00877927 	1.73814e-05
0.717359 	0.0139714 	0.0087772 	1.72594e-05
0.718859 	0.0139986 	0.00877512 	1.71375e-05
0.72036 	0.0140258 	0.00877305 	1.70155e-05
0.721861 	0.014053 	0.00877098 	1.68935e-05
0.723362 	0.0140802 	0.00876891 	1.67715e-05
0.724862 	0.0141074 	0.00876683 	1.66496e-05
0.726363 	0.0141715 	0.00878616 	1.63139e-05
0.727864 	0.0142529 	0.00881547 	1.58786e-05
0.729365 	0.0142404 	0.00878573 	1.58416e-05
0.730865 	0.0142291 	0.00875671 	1.57964e-05
0.732366 	0.0142586 	0.00875375 	1.55375e-05
0.733867 	0.0142881 	0.00875078 	1.52787e-05
0.735368 	0.0143176 	0.00874781 	1.50198e-05
0.736868 	0.0143471 	0.00874485 	1.47609e-05
0.738369 	0.0143766 	0.00874188 	1.4502e-05
0.73987 	0.0144061 	0.00873891 	1.42431e-05
0.741371 	0.0144356 	0.00873594 	1.39842e-05
0.742871 	0.0144651 	0.00873298 	1.37254e-05
0.744372 	0.0144946 	0.00873001 	1.34665e-05
0.745873 	0.0145241 	0.00872704 	1.32076e-05
0.747374 	0.0145536 	0.00872408 	1.29487e-05
0.748874 	0.0146013 	0.00873131 	1.26033e-05
0.750375 	0.0146777 	0.00875466 	1.21212e-05
0.751876 	0.014733 	0.00876557 	1.16767e-05
0.753377 	0.0147206 	0.00873655 	1.13527e-05
0.754877 	0.0147083 	0.00870752 	1.10288e-05
0.756378 	0.0147302 	0.00869926 	1.06683e-05
0.757879 	0.0147587 	0.00869498 	1.03009e-05
0.75938 	0.0147872 	0.00869071 	9.93338e-06
0.76088 	0.0148156 	0.00868644 	9.5659e-06
0.762381 	0.0148441 	0.00868216 	9.19842e-06
0.763882 	0.0148726 	0.00867789 	8.83094e-06
0.765383 	0.0149011 	0.00867362 	8.46346e-06
0.766883 	0.0149295 	0.00866934 	8.09599e-06
0.768384 	0.014958 	0.00866507 	7.72851e-06
0.769885 	0.0149865 	0.0086608 	7.36103e-06
0.771386 	0.015015 	0.00865652 	6.99355e-06
0.772886 	0.0150481 	0.00865474 	6.63167e-06
0.774387 	0.0151196 	0.00867327 	6.31551e-06
0.775888 	0.0151911 	0.00869181 	5.99936e-06
0.777389 	0.0152262 	0.00868983 	5.62407e-06
0.778889 	0.0152155 	0.00866208 	5.17453e-06
0.78039 	0.0152049 	0.00863433 	4.725e-06
0.781891 	0.0152119 	0.00861687 	4.3364e-06
0.783392 	0.0152392 	0.00861118 	4.01751e-06
0.784892 	0.0152666 	0.00860549 	3.69861e-06
0.786393 	0.0152939 	0.0085998 	3.37971e-06
0.787894 	0.0153212 	0.00859411 	3.06081e-06
0.789395 	0.0153485 	0.00858842 	2.74192e-06
0.790895 	0.0153758 	0.00858272 	2.42302e-06
0.792396 	0.0154032 	0.00857703 	2.10412e-06
0.793897 	0.0154305 	0.00857134 	1.78522e-06
0.795398 	0.0154578 	0.00856565 	1.46633e-06
0.796898 	0.0154851 	0.00855996 	1.14743e-06
0.798399 	0.0155125 	0.00855427 	8.28532e-07
0.7999 	0.0155723 	0.00856507 	7.44368e-07
0.801401 	0.0156397 	0.00857971 	7.14799e-07
0.802901 	0.0157071 	0.00859434 	6.8523e-07
0.804402 	0.0157326 	0.00858654 	4.99517e-07
0.805903 	0.0157242 	0.00856061 	1.8755e-07
0.807404 	0.0157159 	0.00853467 	-1.24418e-07
0.808904 	0.0157075 	0.00850873 	-4.36386e-07
0.810405 	0.0157307 	0.00850026 	-5.70615e-07
0.811906 	0.015757 	0.00849352 	-6.87307e-07
0.813407 	0.0157833 	0.00848677 	-8.03998e-07
0.814907 	0.0158096 	0.00848003 	-9.20689e-07
0.816408 	0.0158359 	0.00847328 	-1.03738e-06
0.817909 	0.0158622 	0.00846654 	-1.15407e-06
0.81941 	0.0158885 	0.00845979 	-1.27076e-06
0.82091 	0.0159148 	0.00845305 	-1.38745e-06
0.822411 	0.0159411 	0.0084463 	-1.50415e-06
0.823912 	0.0159674 	0.00843956 	-1.62084e-06
0.825413 	0.0159937 	0.00843281 	-1.73753e-06
0.826913 	0.0160368 	0.00843415 	-1.68936e-06
0.828414 	0.0160995 	0.00844486 	-1.45006e-06
0.829915 	0.0161621 	0.00845556 	-1.21076e-06
0.831416 	0.0162248 	0.00846627 	-9.71458e-07
0.832916 	0.0162507 	0.00845833 	-8.77199e-07
0.834417 	0.0162439 	0.00843372 	-9.12663e-07
0.835918 	0.016237 	0.00840911 	-9.48127e-07
0.837419 	0.0162301 	0.0083845 	-9.8359e-07
0.838919 	0.0162272 	0.00836196 	-9.98887e-07
0.84042 	0.0162524 	0.00835417 	-8.70896e-07
0.841921 	0.0162775 	0.00834638 	-7.42905e-07
0.843422 	0.0163027 	0.00833859 	-6.14915e-07
0.844922 	0.0163279 	0.0083308 	-4.86924e-07
0.846423 	0.0163531 	0.008323 	-3.58933e-07
0.847924 	0.0163782 	0.00831521 	-2.30942e-07
0.849425 	0.0164034 	0.00830742 	-1.02952e-07
0.850925 	0.0164286 	0.00829963 	2.50393e-08
0.852426 	0.0164537 	0.00829184 	1.5303e-07
0.853927 	0.0164789 	0.00828405 	2.81021e-07
0.855428 	0.0165053 	0.00827682 	4.18453e-07
0.856928 	0.0165641 	0.00828421 	8.02412e-07
0.858429 	0.0166229 	0.00829161 	1.18637e-06
0.85993 	0.0166817 	0.008299 	1.57033e-06
0.861431 	0.0167404 	0.0083064 	1.95429e-06
0.862931 	0.016778 	0.00830349 	2.28808e-06
0.864432 	0.0167731 	0.00828001 	2.5217e-06
0.865933 	0.0167682 	0.00825653 	2.75531e-06
0.867434 	0.0167634 	0.00823305 	2.98893e-06
0.868934 	0.0167585 	0.00820957 	3.22254e-06
0.870435 	0.0167555 	0.00818704 	3.45918e-06
0.871936 	0.0167797 	0.00817838 	3.74013e-06
0.873437 	0.016804 	0.00816972 	4.02109e-06
0.874937 	0.0168282 	0.00816106 	4.30205e-06
0.876438 	0.0168524 	0.0081524 	4.58301e-06
0.877939 	0.0168767 	0.00814374 	4.86397e-06
0.87944 	0.0169009 	0.00813508 	5.14493e-06
0.88094 	0.0169252 	0.00812642 	5.42588e-06
0.882441 	0.0169494 	0.00811776 	5.70684e-06
0.883942 	0.0169737 	0.0081091 	5.9878e-06
0.885443 	0.0169979 	0.00810045 	6.26876e-06
0.886943 	0.0170376 	0.00809856 	6.55833e-06
0.888444 	0.0170923 	0.00810321 	6.85619e-06
0.889945 	0.017147 	0.00810786 	7.15406e-06
0.891446 	0.0172016 	0.00811251 	7.45193e-06
0.892946 	0.0172563 	0.00811715 	7.74979e-06
0.894447 	0.0173109 	0.0081218 	8.04766e-06
0.895948 	0.0173108 	0.0081011 	8.33061e-06
0.897449 	0.0173073 	0.0080788 	8.61263e-06
0.898949 	0.0173037 	0.0080565 	8.89464e-06
0.90045 	0.0173002 	0.00803419 	9.17666e-06
0.901951 	0.0172966 	0.00801189 	9.45867e-06
0.903452 	0.0172931 	0.00798959 	9.74068e-06
0.904952 	0.0173081 	0.00797624 	9.98947e-06
0.906453 	0.0173312 	0.00796683 	1.02236e-05
0.907954 	0.0173543 	0.00795742 	1.04578e-05
0.909455 	0.0173775 	0.00794801 	1.0692e-05
0.910955 	0.0174006 	0.0079386 	1.09261e-05
0.912456 	0.0174237 	0.00792919 	1.11603e-05
0.913957 	0.0174468 	0.00791979 	1.13945e-05
0.915458 	0.01747 	0.00791038 	1.16286e-05
0.916958 	0.0174931 	0.00790097 	1.18628e-05
0.918459 	0.0175162 	0.00789156 	1.2097e-05
0.91996 	0.0175632 	0.00789192 	1.21906e-05
0.921461 	0.017614 	0.00789384 	1.22617e-05
0.922961 	0.0176647 	0.00789576 	1.23329e-05
0.924462 	0.0177155 	0.00789768 	1.24041e-05
0.925963 	0.0177663 	0.0078996 	1.24752e-05
0.927464 	0.0178171 	0.00790153 	1.25464e-05
0.928964 	0.0178506 	0.00789593 	1.26279e-05
0.930465 	0.0178484 	0.00787469 	1.27308e-05
0.931966 	0.0178461 	0.00785345 	1.28338e-05
0.933467 	0.0178439 	0.00783221 	1.29367e-05
0.934967 	0.0178416 	0.00781097 	1.30397e-05
0.936468 	0.0178393 	0.00778973 	1.31426e-05
0.937969 	0.0178371 	0.00776849 	1.32456e-05
0.93947 	0.0178348 	0.00774725 	1.33485e-05
0.94097 	0.0178564 	0.00773701 	1.34555e-05
0.942471 	0.0178784 	0.00772695 	1.35625e-05
0.943972 	0.0179004 	0.00771689 	1.36695e-05
0.945473 	0.0179224 	0.00770682 	1.37765e-05
0.946973 	0.0179443 	0.00769676 	1.38835e-05
0.948474 	0.0179663 	0.00768669 	1.39905e-05
0.949975 	0.0179883 	0.00767663 	1.40975e-05
0.951476 	0.0180103 	0.00766657 	1.42045e-05
0.952976 	0.0180343 	0.0076573 	1.43073e-05
0.954477 	0.0180811 	0.0076569 	1.43636e-05
0.955978 	0.018128 	0.00765651 	1.44198e-05
0.957479 	0.0181748 	0.00765611 	1.4476e-05
0.958979 	0.0182216 	0.00765571 	1.45323e-05
0.96048 	0.0182685 	0.00765532 	1.45885e-05
0.961981 	0.0183153 	0.00765492 	1.46448e-05
0.963482 	0.0183621 	0.00765452 	1.4701e-05
0.964982 	0.0183865 	0.00764489 	1.47734e-05
0.966483 	0.0183854 	0.00762477 	1.48642e-05
0.967984 	0.0183843 	0.00760465 	1.4955e-05
0.969485 	0.0183832 	0.00758453 	1.50458e-05
0.970985 	0.0183821 	0.00756441 	1.51366e-05
0.972486 	0.018381 	0.00754429 	1.52274e-05
0.973987 	0.0183799 	0.00752417 	1.53182e-05
0.975488 	0.0183788 	0.00750405 	1.5409e-05
0.976988 	0.0183777 	0.00748393 	1.54998e-05
0.978489 	0.0183966 	0.0074725 	1.5643e-05
0.97999 	0.0184173 	0.0074619 	1.57911e-05
0.981491 	0.018438 	0.0074513 	1.59393e-05
0.982991 	0.0184587 	0.0074407 	1.60875e-05
0.984492 	0.0184795 	0.0074301 	1.62357e-05
0.985993 	0.0185002 	0.00741951 	1.63838e-05
0.987494 	0.0185209 	0.00740891 	1.6532e-05
0.988994 	0.0185453 	0.00739966 	1.67035e-05
0.990495 	0.0185883 	0.00739726 	1.69931e-05
0.991996 	0.0186313 	0.00739486 	1.72827e-05
0.993497 	0.0186742 	0.00739246 	1.75723e-05
0.994997 	0.0187172 	0.00739006 	1.7862e-05
0.996498 	0.0187602 	0.00738766 	1.81516e-05
0.997999 	0.0188032 	0.00738525 	1.84412e-05
0.9995 	0.0188462 	0.00738285 	1.87308e-05
1.001 	0.0188892 	0.00738045 	1.90204e-05
1.0025 	0.0189164 	0.00737194 	1.9334e-05
1.004 	0.018916 	0.00735266 	1.96899e-05
1.0055 	0.0189156 	0.00733338 	2.00458e-05
1.007 	0.0189151 	0.0073141 	2.04016e-05
1.0085 	0.0189147 	0.00729482 	2.07575e-05
1.01001 	0.0189143 	0.00727553 	2.11134e-05
1.01151 	0.0189138 	0.00725625 	2.14693e-05
1.01301 	0.0189134 	0.00723697 	2.18251e-05
1.01451 	0.018913 	0.00721769 	2.2181e-05
1.01601 	0.0189125 	0.00719841 	2.25369e-05
1.01751 	0.0189221 	0.00718223 	2.29409e-05
1.01901 	0.0189433 	0.00716963 	2.34007e-05
1.02051 	0.0189644 	0.00715703 	2.38605e-05
1.02201 	0.0189855 	0.00714443 	2.43202e-05
1.02351 	0.0190067 	0.00713183 	2.478e-05
1.02501 	0.0190278 	0.00711923 	2.52398e-05
1.02651 	0.0190512 	0.00710739 	2.5718e-05
1.02801 	0.0190924 	0.00710174 	2.63464e-05
1.02951 	0.0191337 	0.00709608 	2.69747e-05
1.03102 	0.019175 	0.00709042 	2.76031e-05
1.03252 	0.0192162 	0.00708477 	2.82315e-05
1.03402 	0.0192575 	0.00707911 	2.88598e-05
1.03552 	0.0192988 	0.00707346 	2.94882e-05
1.03702 	0.0193401 	0.0070678 	3.01165e-05
1.03852 	0.0193813 	0.00706215 	3.07449e-05
1.04002 	0.0194226 	0.00705649 	3.13733e-05
1.04152 	0.0194637 	0.00705078 	3.20016e-05
1.04302 	0.0194621 	0.00703394 	3.2624e-05
1.04452 	0.0194606 	0.00701709 	3.32464e-05
1.04602 	0.0194591 	0.00700025 	3.38688e-05
1.04752 	0.0194576 	0.0069834 	3.44912e-05
1.04902 	0.019456 	0.00696655 	3.51137e-05
1.05053 	0.0194545 	0.00694971 	3.57361e-05
1.05203 	0.019453 	0.00693286 	3.63585e-05
1.05353 	0.0194515 	0.00691601 	3.69809e-05
1.05503 	0.0194499 	0.00689917 	3.76033e-05
1.05653 	0.0194484 	0.00688232 	3.82257e-05
1.05803 	0.0194469 	0.00686548 	3.88481e-05
1.05953 	0.0194587 	0.00685137 	3.9522e-05
1.06103 	0.0194781 	0.00683884 	4.02253e-05
1.06253 	0.0194975 	0.00682631 	4.09286e-05
1.06403 	0.0195169 	0.00681378 	4.16319e-05
1.06553 	0.0195363 	0.00680125 	4.23352e-05
1.06703 	0.0195741 	0.00679274 	4.31325e-05
1.06853 	0.0196134 	0.00678456 	4.39375e-05
1.07004 	0.0196527 	0.00677639 	4.47425e-05
1.07154 	0.0196919 	0.00676821 	4.55474e-05
1.07304 	0.0197312 	0.00676003 	4.63524e-05
1.07454 	0.0197705 	0.00675185 	4.71574e-05
1.07604 	0.0198098 	0.00674367 	4.79624e-05
1.07754 	0.0198491 	0.0067355 	4.87674e-05
1.07904 	0.0198884 	0.00672732 	4.95724e-05
1.08054 	0.0199276 	0.00671914 	5.03773e-05
1.08204 	0.0199669 	0.00671096 	5.11823e-05
1.08354 	0.0199895 	0.00670015 	5.19696e-05
1.08504 	0.0199874 	0.00668548 	5.2731e-05
1.08654 	0.0199854 	0.0066708 	5.34924e-05
1.08804 	0.0199833 	0.00665613 	5.42538e-05
1.08954 	0.0199813 	0.00664145 	5.50151e-05
1.09105 	0.0199792 	0.00662678 	5.57765e-05
1.09255 	0.0199771 	0.00661211 	5.65379e-05
1.09405 	0.0199751 	0.00659743 	5.72993e-05
1.09555 	0.019973 	0.00658276 	5.80606e-05
1.09705 	0.019971 	0.00656808 	5.8822e-05
1.09855 	0.0199689 	0.00655341 	5.95834e-05
1.10005 	0.0199669 	0.00653873 	6.03447e-05
1.10155 	0.0199648 	0.00652406 	6.11061e-05
1.10305 	0.019971 	0.00651086 	6.18016e-05
1.10455 	0.0199877 	0.00649953 	6.24127e-05
1.10605 	0.0200045 	0.00648821 	6.30239e-05
1.10755 	0.0200332 	0.00647833 	6.35094e-05
1.10905 	0.020069 	0.00646931 	6.39204e-05
1.11056 	0.0201049 	0.00646029 	6.43314e-05
1.11206 	0.0201407 	0.00645127 	6.47424e-05
1.11356 	0.0201765 	0.00644224 	6.51534e-05
1.11506 	0.0202124 	0.00643322 	6.55643e-05
1.11656 	0.0202482 	0.0064242 	6.59753e-05
1.11806 	0.0202841 	0.00641518 	6.63863e-05
1.11956 	0.0203199 	0.00640616 	6.67973e-05
1.12106 	0.0203558 	0.00639713 	6.72083e-05
1.12256 	0.0203916 	0.00638811 	6.76192e-05
1.12406 	0.0204274 	0.00637909 	6.80302e-05
1.12556 	0.0204633 	0.00637007 	6.84412e-05
1.12706 	0.0204777 	0.00635827 	6.88752e-05
1.12856 	0.0204766 	0.00634448 	6.93258e-05
1.13007 	0.0204755 	0.00633069 	6.97763e-05
1.13157 	0.0204745 	0.0063169 	7.02269e-05
1.13307 	0.0204734 	0.0063031 	7.06775e-05
1.13457 	0.0204723 	0.00628931 	7.11281e-05
1.13607 	0.0204713 	0.00627552 	7.15786e-05
1.13757 	0.0204702 	0.00626173 	7.20292e-05
1.13907 	0.0204691 	0.00624793 	7.24798e-05
1.14057 	0.0204681 	0.00623414 	7.29304e-05
1.14207 	0.020467 	0.00622035 	7.33809e-05
1.14357 	0.0204659 	0.00620656 	7.38315e-05
1.14507 	0.0204649 	0.00619276 	7.42821e-05
1.14657 	0.0204638 	0.00617897 	7.47327e-05
1.14807 	0.0204627 	0.00616518 	7.51833e-05
1.14957 	0.020481 	0.00615382 	7.53353e-05
1.15108 	0.0205146 	0.00614304 	7.51679e-05
1.15258 	0.0205483 	0.00613227 	7.50005e-05
1.15408 	0.0205819 	0.00612149 	7.48331e-05
1.15558 	0.0206155 	0.00611072 	7.46657e-05
1.15708 	0.0206492 	0.00609994 	7.44983e-05
1.15858 	0.0206828 	0.00608917 	7.43309e-05
1.16008 	0.0207164 	0.00607839 	7.41635e-05
1.16158 	0.0207501 	0.00606762 	7.39961e-05
1.16308 	0.0207837 	0.00605684 	7.38287e-05
1.16458 	0.0208173 	0.00604607 	7.36613e-05
1.16608 	0.020851 	0.00603529 	7.3494e-05
1.16758 	0.0208846 	0.00602452 	7.33266e-05
1.16908 	0.0209182 	0.00601374 	7.31592e-05
1.17059 	0.0209519 	0.00600297 	7.29918e-05
1.17209 	0.020966 	0.00599167 	7.2917e-05
1.17359 	0.0209651 	0.00597996 	7.29143e-05
1.17509 	0.0209641 	0.00596825 	7.29116e-05
1.17659 	0.0209631 	0.00595653 	7.29089e-05
1.17809 	0.0209621 	0.00594482 	7.29061e-05
1.17959 	0.0209611 	0.00593311 	7.29034e-05
1.18109 	0.0209602 	0.0059214 	7.29007e-05
1.18259 	0.0209592 	0.00590969 	7.2898e-05
1.18409 	0.0209582 	0.00589798 	7.28952e-05
1.18559 	0.0209572 	0.00588627 	7.28925e-05
1.18709 	0.0209562 	0.00587455 	7.28898e-05
1.18859 	0.0209553 	0.00586284 	7.28871e-05
1.1901 	0.0209543 	0.00585113 	7.28843e-05
1.1916 	0.0209533 	0.00583942 	7.28816e-05
1.1931 	0.0209523 	0.00582771 	7.28789e-05
1.1946 	0.0209648 	0.00581483 	7.25961e-05
1.1961 	0.0209821 	0.0058017 	7.22228e-05
1.1976 	0.0210142 	0.00578939 	7.1666e-05
1.1991 	0.0210464 	0.00577709 	7.11092e-05
1.2006 	0.0210785 	0.00576478 	7.05524e-05
1.2021 	0.0211107 	0.00575248 	6.99956e-05
1.2036 	0.0211428 	0.00574017 	6.94388e-05
1.2051 	0.0211749 	0.00572787 	6.8882e-05
1.2066 	0.0212071 	0.00571556 	6.83252e-05
1.2081 	0.0212392 	0.00570326 	6.77683e-05
1.2096 	0.0212714 	0.00569095 	6.72115e-05
1.21111 	0.0213035 	0.00567865 	6.66547e-05
1.21261 	0.0213357 	0.00566634 	6.60979e-05
1.21411 	0.0213678 	0.00565404 	6.55411e-05
1.21561 	0.0214 	0.00564173 	6.49843e-05
1.21711 	0.0214321 	0.00562942 	6.44275e-05
1.21861 	0.0214514 	0.00561822 	6.3987e-05
1.22011 	0.0214507 	0.00560873 	6.37275e-05
1.22161 	0.02145 	0.00559924 	6.34679e-05
1.22311 	0.0214493 	0.00558974 	6.32083e-05
1.22461 	0.0214486 	0.00558025 	6.29488e-05
1.22611 	0.0214479 	0.00557076 	6.26892e-05
1.22761 	0.0214472 	0.00556127 	6.24296e-05
1.22911 	0.0214465 	0.00555177 	6.21701e-05
1.23062 	0.0214457 	0.00554228 	6.19105e-05
1.23212 	0.021445 	0.00553279 	6.16509e-05
1.23362 	0.0214443 	0.0055233 	6.13914e-05
1.23512 	0.0214436 	0.0055138 	6.11318e-05
1.23662 	0.0214429 	0.00550431 	6.08722e-05
1.23812 	0.0214422 	0.00549482 	6.06126e-05
1.23962 	0.0214462 	0.00548484 	6.02756e-05
1.24112 	0.0214607 	0.00547378 	5.97658e-05
1.24262 	0.0214751 	0.00546272 	5.92561e-05
1.24412 	0.0214895 	0.00545166 	5.87463e-05
1.24562 	0.0215041 	0.0054406 	5.82354e-05
1.24712 	0.0215338 	0.00542869 	5.75393e-05
1.24862 	0.0215635 	0.00541677 	5.68433e-05
1.25013 	0.0215932 	0.00540486 	5.61472e-05
1.25163 	0.0216228 	0.00539295 	5.54512e-05
1.25313 	0.0216525 	0.00538104 	5.47551e-05
1.25463 	0.0216822 	0.00536912 	5.40591e-05
1.25613 	0.0217119 	0.00535721 	5.3363e-05
1.25763 	0.0217416 	0.0053453 	5.2667e-05
1.25913 	0.0217713 	0.00533338 	5.19709e-05
1.26063 	0.021801 	0.00532147 	5.12748e-05
1.26213 	0.0218307 	0.00530956 	5.05788e-05
1.26363 	0.0218604 	0.00529764 	4.98827e-05
1.26513 	0.0218901 	0.00528573 	4.91867e-05
1.26663 	0.0219162 	0.00527421 	4.85297e-05
1.26813 	0.0219169 	0.00526557 	4.81565e-05
1.26963 	0.0219175 	0.00525692 	4.77833e-05
1.27114 	0.0219182 	0.00524828 	4.74102e-05
1.27264 	0.0219189 	0.00523963 	4.7037e-05
1.27414 	0.0219195 	0.00523099 	4.66638e-05
1.27564 	0.0219202 	0.00522234 	4.62906e-05
1.27714 	0.0219208 	0.00521369 	4.59174e-05
1.27864 	0.0219215 	0.00520505 	4.55443e-05
1.28014 	0.0219221 	0.0051964 	4.51711e-05
1.28164 	0.0219228 	0.00518776 	4.47979e-05
1.28314 	0.0219234 	0.00517911 	4.44247e-05
1.28464 	0.0219241 	0.00517047 	4.40515e-05
1.28614 	0.0219248 	0.00516182 	4.36784e-05
1.28764 	0.0219369 	0.00515167 	4.32316e-05
1.28914 	0.0219508 	0.0051413 	4.27742e-05
1.29065 	0.0219647 	0.00513093 	4.23168e-05
1.29215 	0.0219785 	0.00512056 	4.18595e-05
1.29365 	0.0219924 	0.00511018 	4.14021e-05
1.29515 	0.0220063 	0.00509981 	4.09447e-05
1.29665 	0.0220201 	0.00508944 	4.04873e-05
1.29815 	0.0220441 	0.00507823 	3.99416e-05
1.29965 	0.0220713 	0.00506674 	3.93669e-05
1.30115 	0.0220986 	0.00505526 	3.87922e-05
1.30265 	0.0221258 	0.00504377 	3.82175e-05
1.30415 	0.0221531 	0.00503228 	3.76428e-05
1.30565 	0.0221804 	0.00502079 	3.70681e-05
1.30715 	0.0222076 	0.00500931 	3.64934e-05
1.30865 	0.0222349 	0.00499782 	3.59187e-05
1.31016 	0.0222621 	0.00498633 	3.5344e-05
1.31166 	0.0222894 	0.00497485 	3.47693e-05
1.31316 	0.0223167 	0.00496336 	3.41946e-05
1.31466 	0.0223439 	0.00495187 	3.36199e-05
1.31616 	0.0223712 	0.00494038 	3.30452e-05
1.31766 	0.0223776 	0.00493183 	3.26542e-05
1.31916 	0.0223793 	0.00492393 	3.23046e-05
1.32066 	0.0223811 	0.00491603 	3.19549e-05
1.32216 	0.0223828 	0.00490813 	3.16053e-05
1.32366 	0.0223846 	0.00490023 	3.12556e-05
1.32516 	0.0223863 	0.00489233 	3.0906e-05
1.32666 	0.022388 	0.00488443 	3.05563e-05
1.32816 	0.0223898 	0.00487653 	3.02067e-05
1.32966 	0.0223915 	0.00486863 	2.9857e-05
1.33117 	0.0223933 	0.00486073 	2.95074e-05
1.33267 	0.022395 	0.00485284 	2.91577e-05
1.33417 	0.0223967 	0.00484494 	2.88081e-05
1.33567 	0.0224047 	0.00483606 	2.84398e-05
1.33717 	0.0224179 	0.00482634 	2.80557e-05
1.33867 	0.0224311 	0.00481663 	2.76716e-05
1.34017 	0.0224443 	0.00480692 	2.72875e-05
1.34167 	0.0224575 	0.0047972 	2.69034e-05
1.34317 	0.0224707 	0.00478749 	2.65193e-05
1.34467 	0.0224839 	0.00477778 	2.61352e-05
1.34617 	0.0224971 	0.00476806 	2.57511e-05
1.34767 	0.0225103 	0.00475835 	2.5367e-05
1.34917 	0.0225235 	0.00474864 	2.49829e-05
1.35068 	0.0225396 	0.00473818 	2.45748e-05
1.35218 	0.0225601 	0.00472657 	2.413e-05
1.35368 	0.0225806 	0.00471496 	2.36852e-05
1.35518 	0.022601 	0.00470336 	2.32404e-05
1.35668 	0.0226215 	0.00469175 	2.27956e-05
1.35818 	0.022642 	0.00468014 	2.23509e-05
1.35968 	0.0226625 	0.00466853 	2.19061e-05
1.36118 	0.0226829 	0.00465693 	2.14613e-05
1.36268 	0.0227034 	0.00464532 	2.10165e-05
1.36418 	0.0227239 	0.00463371 	2.05717e-05
1.36568 	0.0227443 	0.00462211 	2.0127e-05
1.36718 	0.0227648 	0.0046105 	1.96822e-05
1.36868 	0.0227779 	0.00460166 	1.93086e-05
1.37019 	0.022785 	0.00459502 	1.89919e-05
1.37169 	0.0227921 	0.00458839 	1.86753e-05
1.37319 	0.0227992 	0.00458175 	1.83586e-05
1.37469 	0.0228063 	0.00457512 	1.8042e-05
1.37619 	0.0228135 	0.00456848 	1.77253e-05
1.37769 	0.0228206 	0.00456185 	1.74087e-05
1.37919 	0.0228277 	0.00455522 	1.7092e-05
1.38069 	0.0228348 	0.00454858 	1.67754e-05
1.38219 	0.0228419 	0.00454195 	1.64587e-05
1.38369 	0.0228491 	0.00453531 	1.61421e-05
1.38519 	0.0228583 	0.00452778 	1.57697e-05
1.38669 	0.0228709 	0.00451875 	1.53057e-05
1.38819 	0.0228835 	0.00450973 	1.48418e-05
1.38969 	0.0228962 	0.0045007 	1.43778e-05
1.3912 	0.0229088 	0.00449168 	1.39138e-05
1.3927 	0.0229214 	0.00448265 	1.34498e-05
1.3942 	0.0229341 	0.00447363 	1.29858e-05
1.3957 	0.0229467 	0.0044646 	1.25219e-05
1.3972 	0.0229594 	0.00445558 	1.20579e-05
1.3987 	0.022972 	0.00444656 	1.15939e-05
1.4002 	0.0229846 	0.00443753 	1.11299e-05
1.4017 	0.0229973 	0.00442851 	1.06659e-05
1.4032 	0.0230099 	0.00441948 	1.02019e-05
1.4047 	0.0230226 	0.00441039 	9.73333e-06
1.4062 	0.0230381 	0.00439906 	9.11229e-06
1.4077 	0.0230535 	0.00438773 	8.49125e-06
1.4092 	0.0230689 	0.0043764 	7.87021e-06
1.41071 	0.0230844 	0.00436506 	7.24917e-06
1.41221 	0.0230998 	0.00435373 	6.62814e-06
1.41371 	0.0231152 	0.0043424 	6.0071e-06
1.41521 	0.0231306 	0.00433107 	5.38606e-06
1.41671 	0.0231461 	0.00431974 	4.76502e-06
1.41821 	0.0231615 	0.00430841 	4.14398e-06
1.41971 	0.0231769 	0.00429707 	3.52294e-06
1.42121 	0.0231906 	0.00428819 	2.95096e-06
1.42271 	0.0232018 	0.00428259 	2.44479e-06
1.42421 	0.023213 	0.00427699 	1.93863e-06
1.42571 	0.0232242 	0.00427139 	1.43247e-06
1.42721 	0.0232354 	0.00426579 	9.26302e-07
1.42871 	0.0232466 	0.00426019 	4.20138e-07
1.43022 	0.0232578 	0.00425459 	-8.60257e-08
1.43172 	0.023269 	0.00424899 	-5.9219e-07
1.43322 	0.0232802 	0.00424339 	-1.09835e-06
1.43472 	0.0232914 	0.00423778 	-1.60452e-06
1.43622 	0.0233031 	0.00423091 	-2.07768e-06
1.43772 	0.0233153 	0.00422258 	-2.51332e-06
1.43922 	0.0233276 	0.00421425 	-2.94896e-06
1.44072 	0.0233399 	0.00420593 	-3.3846e-06
1.44222 	0.0233521 	0.0041976 	-3.82024e-06
1.44372 	0.0233644 	0.00418927 	-4.25589e-06
1.44522 	0.0233767 	0.00418094 	-4.69153e-06
1.44672 	0.0233889 	0.00417262 	-5.12717e-06
1.44822 	0.0234012 	0.00416429 	-5.56281e-06
1.44972 	0.0234134 	0.00415596 	-5.99845e-06
1.45123 	0.0234257 	0.00414763 	-6.4341e-06
1.45273 	0.023438 	0.00413931 	-6.86974e-06
1.45423 	0.0234502 	0.00413098 	-7.30538e-06
1.45573 	0.0234625 	0.00412265 	-7.74102e-06
1.45723 	0.0234748 	0.00411432 	-8.17666e-06
1.45873 	0.023487 	0.004106 	-8.61231e-06
1.46023 	0.0234993 	0.00409767 	-9.04795e-06
1.46173 	0.0235135 	0.0040877 	-9.46682e-06
1.46323 	0.0235282 	0.00407724 	-9.88064e-06
1.46473 	0.023543 	0.00406678 	-1.02945e-05
1.46623 	0.0235578 	0.00405632 	-1.07083e-05
1.46773 	0.0235725 	0.00404587 	-1.11221e-05
1.46923 	0.0235873 	0.00403541 	-1.1536e-05
1.47074 	0.0236021 	0.00402495 	-1.19498e-05
1.47224 	0.0236168 	0.00401449 	-1.23636e-05
1.47374 	0.0236316 	0.00400403 	-1.27774e-05
1.47524 	0.0236445 	0.00399637 	-1.31455e-05
1.47674 	0.0236556 	0.00399117 	-1.34731e-05
1.47824 	0.0236668 	0.00398597 	-1.38008e-05
1.47974 	0.023678 	0.00398077 	-1.41284e-05
1.48124 	0.0236892 	0.00397557 	-1.44561e-05
1.48274 	0.0237004 	0.00397037 	-1.47838e-05
1.48424 	0.0237116 	0.00396517 	-1.51114e-05
1.48574 	0.0237227 	0.00395997 	-1.54391e-05
1.48724 	0.0237339 	0.00395477 	-1.57668e-05
1.48874 	0.0237458 	0.00394737 	-1.601e-05
1.49025 	0.0237578 	0.00393971 	-1.62435e-05
1.49175 	0.0237697 	0.00393205 	-1.64769e-05
1.49325 	0.0237817 	0.00392439 	-1.67104e-05
1.49475 	0.0237936 	0.00391674 	-1.69439e-05
1.49625 	0.0238056 	0.00390908 	-1.71774e-05
1.49775 	0.0238175 	0.00390142 	-1.74109e-05
1.49925 	0.0238295 	0.00389377 	-1.76444e-05
1.50075 	0.0238415 	0.00388611 	-1.78779e-05
1.50225 	0.0238534 	0.00387845 	-1.81114e-05
1.50375 	0.0238654 	0.00387079 	-1.83449e-05
1.50525 	0.0238773 	0.00386314 	-1.85783e-05
1.50675 	0.0238893 	0.00385548 	-1.88118e-05
1.50825 	0.0239012 	0.00384782 	-1.90453e-05
1.50975 	0.0239132 	0.00384016 	-1.92788e-05
1.51126 	0.0239252 	0.00383251 	-1.95123e-05
1.51276 	0.0239371 	0.00382485 	-1.97458e-05
1.51426 	0.0239491 	0.00381719 	-1.99793e-05
1.51576 	0.023961 	0.00380954 	-2.02128e-05
1.51726 	0.023973 	0.00380188 	-2.04463e-05
1.51876 	0.0239865 	0.00379275 	-2.06292e-05
1.52026 	0.0240006 	0.00378311 	-2.07943e-05
1.52176 	0.0240147 	0.00377346 	-2.09594e-05
1.52326 	0.0240288 	0.00376382 	-2.11245e-05
1.52476 	0.0240429 	0.00375418 	-2.12896e-05
1.52626 	0.024057 	0.00374453 	-2.14547e-05
1.52776 	0.0240711 	0.00373489 	-2.16198e-05
1.52926 	0.0240852 	0.00372525 	-2.17849e-05
1.53077 	0.0240962 	0.0037203 	-2.19293e-05
1.53227 	0.0241072 	0.00371545 	-2.20732e-05
1.53377 	0.0241181 	0.0037106 	-2.22172e-05
1.53527 	0.0241291 	0.00370575 	-2.23611e-05
1.53677 	0.0241401 	0.0037009 	-2.25051e-05
1.53827 	0.024151 	0.00369605 	-2.2649e-05
1.53977 	0.024162 	0.0036912 	-2.2793e-05
1.54127 	0.0241716 	0.00368483 	-2.28039e-05
1.54277 	0.0241808 	0.00367797 	-2.27725e-05
1.54427 	0.02419 	0.00367111 	-2.27412e-05
1.54577 	0.0241992 	0.00366425 	-2.27099e-05
1.54727 	0.0242084 	0.00365739 	-2.26785e-05
1.54877 	0.0242176 	0.00365053 	-2.26472e-05
1.55028 	0.0242268 	0.00364367 	-2.26159e-05
1.55178 	0.024236 	0.00363681 	-2.25845e-05
1.55328 	0.0242452 	0.00362995 	-2.25532e-05
1.55478 	0.0242544 	0.00362309 	-2.25219e-05
1.55628 	0.0242636 	0.00361623 	-2.24905e-05
1.55778 	0.0242728 	0.00360937 	-2.24592e-05
1.55928 	0.024282 	0.00360251 	-2.24279e-05
1.56078 	0.0242912 	0.00359565 	-2.23965e-05
1.56228 	0.0243004 	0.0035888 	-2.23652e-05
1.56378 	0.0243096 	0.00358194 	-2.23339e-05
1.56528 	0.0243189 	0.00357508 	-2.23025e-05
1.56678 	0.0243281 	0.00356822 	-2.22712e-05
1.56828 	0.0243373 	0.00356136 	-2.22399e-05
1.56978 	0.0243465 	0.0035545 	-2.22085e-05
1.57129 	0.0243557 	0.00354764 	-2.21772e-05
1.57279 	0.0243649 	0.00354078 	-2.21459e-05
1.57429 	0.0243741 	0.00353392 	-2.21145e-05
1.57579 	0.0243834 	0.00352692 	-2.20734e-05
1.57729 	0.0243946 	0.00351825 	-2.19193e-05
1.57879 	0.0244058 	0.00350959 	-2.17653e-05
1.58029 	0.024417 	0.00350092 	-2.16113e-05
1.58179 	0.0244282 	0.00349226 	-2.14572e-05
1.58329 	0.0244394 	0.00348359 	-2.13032e-05
1.58479 	0.0244506 	0.00347493 	-2.11492e-05
1.58629 	0.0244635 	0.00346986 	-2.10559e-05
1.58779 	0.0244766 	0.00346522 	-2.09702e-05
1.58929 	0.0244897 	0.00346059 	-2.08845e-05
1.5908 	0.0245028 	0.00345596 	-2.07988e-05
1.5923 	0.024516 	0.00345133 	-2.0713e-05
1.5938 	0.0245284 	0.00344646 	-2.06154e-05
1.5953 	0.024537 	0.00344026 	-2.04531e-05
1.5968 	0.0245456 	0.00343407 	-2.02909e-05
1.5983 	0.0245542 	0.00342788 	-2.01286e-05
1.5998 	0.0245628 	0.00342168 	-1.99664e-05
1.6013 	0.0245715 	0.00341549 	-1.98041e-05
1.6028 	0.0245801 	0.0034093 	-1.96418e-05
1.6043 	0.0245887 	0.0034031 	-1.94796e-05
1.6058 	0.0245973 	0.00339691 	-1.93173e-05
1.6073 	0.0246059 	0.00339072 	-1.91551e-05
1.6088 	0.0246146 	0.00338453 	-1.89928e-05
1.61031 	0.0246232 	0.00337833 	-1.88306e-05
1.61181 	0.0246318 	0.00337214 	-1.86683e-05
1.61331 	0.0246404 	0.00336595 	-1.85061e-05
1.61481 	0.024649 	0.00335975 	-1.83438e-05
1.61631 	0.0246576 	0.00335356 	-1.81815e-05
1.61781 	0.0246663 	0.00334737 	-1.80193e-05
1.61931 	0.0246749 	0.00334118 	-1.7857e-05
1.62081 	0.0246835 	0.00333498 	-1.76948e-05
1.62231 	0.0246921 	0.00332879 	-1.75325e-05
1.62381 	0.0247007 	0.0033226 	-1.73703e-05
1.62531 	0.0247094 	0.0033164 	-1.7208e-05
1.62681 	0.024718 	0.00331021 	-1.70458e-05
1.62831 	0.0247266 	0.00330402 	-1.68835e-05
1.62981 	0.0247352 	0.00329782 	-1.67212e-05
1.63132 	0.0247438 	0.00329163 	-1.6559e-05
1.63282 	0.0247524 	0.00328544 	-1.63967e-05
1.63432 	0.0247611 	0.00327925 	-1.62345e-05
1.63582 	0.0247693 	0.00327166 	-1.60457e-05
1.63732 	0.0247774 	0.00326398 	-1.58551e-05
1.63882 	0.0247856 	0.00325629 	-1.56646e-05
1.64032 	0.0247937 	0.00324861 	-1.54741e-05
1.64182 	0.0248047 	0.0032422 	-1.53023e-05
1.64332 	0.02482 	0.00323778 	-1.51598e-05
1.64482 	0.0248354 	0.00323335 	-1.50173e-05
1.64632 	0.0248507 	0.00322892 	-1.48748e-05
1.64782 	0.0248652 	0.00322423 	-1.47216e-05
1.64932 	0.0248766 	0.00321842 	-1.4524e-05
1.65083 	0.0248879 	0.00321262 	-1.43263e-05
1.65233 	0.0248992 	0.00320681 	-1.41286e-05
1.65383 	0.0249105 	0.00320101 	-1.39309e-05
1.65533 	0.0249219 	0.00319521 	-1.37332e-05
1.65683 	0.0249332 	0.0031894 	-1.35355e-05
1.65833 	0.0249445 	0.0031836 	-1.33378e-05
1.65983 	0.0249559 	0.00317779 	-1.31401e-05
1.66133 	0.0249672 	0.00317199 	-1.29425e-05
1.66283 	0.0249785 	0.00316619 	-1.27448e-05
1.66433 	0.0249898 	0.00316038 	-1.25471e-05
1.66583 	0.0250012 	0.00315458 	-1.23494e-05
1.66733 	0.0250125 	0.00314877 	-1.21517e-05
1.66883 	0.0250238 	0.00314297 	-1.1954e-05
1.67034 	0.0250351 	0.00313717 	-1.17563e-05
1.67184 	0.0250465 	0.00313136 	-1.15586e-05
1.67334 	0.0250578 	0.00312556 	-1.1361e-05
1.67484 	0.0250691 	0.00311975 	-1.11633e-05
1.67634 	0.0250804 	0.00311395 	-1.09656e-05
1.67784 	0.0250918 	0.00310814 	-1.07679e-05
1.67934 	0.0251031 	0.00310234 	-1.05702e-05
1.68084 	0.0251144 	0.00309654 	-1.03725e-05
1.68234 	0.0251257 	0.00309073 	-1.01748e-05
1.68384 	0.0251371 	0.00308493 	-9.97715e-06
1.68534 	0.0251484 	0.00307912 	-9.77946e-06
1.68684 	0.0251597 	0.00307332 	-9.58178e-06
1.68834 	0.0251711 	0.00306752 	-9.38409e-06
1.68984 	0.0251824 	0.00306171 	-9.1864e-06
1.69135 	0.0251937 	0.00305591 	-8.98871e-06
1.69285 	0.025205 	0.0030501 	-8.79103e-06
1.69435 	0.0252149 	0.00304374 	-8.60439e-06
1.69585 	0.0252232 	0.00303674 	-8.43012e-06
1.69735 	0.0252314 	0.00302975 	-8.25585e-06
1.69885 	0.0252436 	0.00302451 	-8.09399e-06
1.70035 	0.0252582 	0.00302037 	-7.93997e-06
1.70185 	0.0252728 	0.00301624 	-7.78595e-06
1.70335 	0.0252837 	0.0030109 	-7.4199e-06
1.70485 	0.0252946 	0.00300554 	-7.05062e-06
1.70635 	0.0253055 	0.00300018 	-6.68134e-06
1.70785 	0.0253164 	0.00299482 	-6.31206e-06
1.70935 	0.0253273 	0.00298946 	-5.94279e-06
1.71086 	0.0253382 	0.0029841 	-5.57351e-06
1.71236 	0.0253491 	0.00297874 	-5.20423e-06
1.71386 	0.02536 	0.00297338 	-4.83495e-06
1.71536 	0.0253709 	0.00296802 	-4.46568e-06
1.71686 	0.0253818 	0.00296267 	-4.0964e-06
1.71836 	0.0253927 	0.00295731 	-3.72712e-06
1.71986 	0.0254036 	0.00295195 	-3.35785e-06
1.72136 	0.0254145 	0.00294659 	-2.98857e-06
1.72286 	0.0254254 	0.00294123 	-2.61929e-06
1.72436 	0.0254363 	0.00293587 	-2.25001e-06
1.72586 	0.0254472 	0.00293051 	-1.88074e-06
1.72736 	0.0254581 	0.00292515 	-1.51146e-06
1.72886 	0.025469 	0.00291979 	-1.14218e-06
1.73037 	0.0254799 	0.00291443 	-7.72905e-07
1.73187 	0.0254908 	0.00290907 	-4.03627e-07
1.73337 	0.0255017 	0.00290371 	-3.43499e-08
1.73487 	0.0255126 	0.00289835 	3.34927e-07
1.73637 	0.0255235 	0.00289299 	7.04205e-07
1.73787 	0.0255344 	0.00288763 	1.07348e-06
1.73937 	0.0255453 	0.00288227 	1.44276e-06
1.74087 	0.0255561 	0.00287691 	1.81204e-06
1.74237 	0.025567 	0.00287155 	2.18131e-06
1.74387 	0.0255779 	0.0028662 	2.55059e-06
1.74537 	0.0255888 	0.00286084 	2.91987e-06
1.74687 	0.0255997 	0.00285548 	3.28915e-06
1.74837 	0.0256106 	0.00285012 	3.65842e-06
1.74987 	0.0256215 	0.00284476 	4.0277e-06
1.75138 	0.0256324 	0.0028394 	4.39698e-06
1.75288 	0.0256433 	0.00283404 	4.76626e-06
1.75438 	0.0256519 	0.00282779 	5.24559e-06
1.75588 	0.0256638 	0.00282311 	5.69379e-06
1.75738 	0.0256749 	0.0028188 	6.11628e-06
1.75888 	0.0256844 	0.00281427 	6.53714e-06
1.76038 	0.025694 	0.00280974 	6.958e-06
1.76188 	0.0257035 	0.00280521 	7.37886e-06
1.76338 	0.0257131 	0.00280068 	7.79972e-06
1.76488 	0.0257226 	0.00279615 	8.22058e-06
1.76638 	0.0257322 	0.00279162 	8.64144e-06
1.76788 	0.0257418 	0.00278709 	9.06231e-06
1.76938 	0.0257513 	0.00278256 	9.48317e-06
1.77089 	0.0257609 	0.00277803 	9.90403e-06
1.77239 	0.0257704 	0.0027735 	1.03249e-05
1.77389 	0.02578 	0.00276897 	1.07458e-05
1.77539 	0.0257895 	0.00276444 	1.11666e-05
1.77689 	0.0257991 	0.00275991 	1.15875e-05
1.77839 	0.0258086 	0.00275538 	1.20083e-05
1.77989 	0.0258182 	0.00275085 	1.24292e-05
1.78139 	0.0258277 	0.00274632 	1.28501e-05
1.78289 	0.0258373 	0.00274179 	1.32709e-05
1.78439 	0.0258469 	0.00273726 	1.36918e-05
1.78589 	0.0258564 	0.00273273 	1.41126e-05
1.78739 	0.025866 	0.0027282 	1.45335e-05
1.78889 	0.0258755 	0.00272367 	1.49544e-05
1.7904 	0.0258851 	0.00271913 	1.53752e-05
1.7919 	0.0258946 	0.0027146 	1.57961e-05
1.7934 	0.0259042 	0.00271006 	1.62181e-05
1.7949 	0.0259139 	0.00270548 	1.66437e-05
1.7964 	0.0259235 	0.0027009 	1.70693e-05
1.7979 	0.0259331 	0.00269632 	1.7495e-05
1.7994 	0.0259428 	0.00269174 	1.79206e-05
1.8009 	0.0259524 	0.00268716 	1.83462e-05
1.8024 	0.0259621 	0.00268258 	1.87718e-05
1.8039 	0.0259717 	0.00267799 	1.91975e-05
1.8054 	0.0259814 	0.00267341 	1.96231e-05
1.8069 	0.025991 	0.00266883 	2.00487e-05
1.8084 	0.0260006 	0.00266425 	2.04744e-05
1.8099 	0.0260103 	0.00265967 	2.09e-05
1.81141 	0.0260202 	0.00265548 	2.12929e-05
1.81291 	0.0260259 	0.00265243 	2.15801e-05
1.81441 	0.0260348 	0.00264833 	2.20003e-05
1.81591 	0.0260437 	0.00264423 	2.24206e-05
1.81741 	0.0260525 	0.00264013 	2.28409e-05
1.81891 	0.0260614 	0.00263603 	2.32612e-05
1.82041 	0.0260703 	0.00263193 	2.36815e-05
1.82191 	0.0260792 	0.00262783 	2.41018e-05
1.82341 	0.026088 	0.00262373 	2.4522e-05
1.82491 	0.0260969 	0.00261963 	2.49423e-05
1.82641 	0.0261058 	0.00261553 	2.53626e-05
1.82791 	0.0261147 	0.00261143 	2.57829e-05
1.82941 	0.0261235 	0.00260733 	2.62032e-05
1.83092 	0.0261324 	0.00260323 	2.66235e-05
1.83242 	0.0261413 	0.00259913 	2.70438e-05
1.83392 	0.0261502 	0.00259503 	2.7464e-05
1.83542 	0.026159 	0.00259093 	2.78843e-05
1.83692 	0.0261679 	0.00258683 	2.83046e-05
1.83842 	0.0261768 	0.00258273 	2.87249e-05
1.83992 	0.0261857 	0.00257863 	2.91452e-05
1.84142 	0.0261945 	0.00257453 	2.95655e-05
1.84292 	0.0262034 	0.00257043 	2.99857e-05
1.84442 	0.0262123 	0.00256633 	3.0406e-05
1.84592 	0.0262212 	0.00256223 	3.08263e-05
1.84742 	0.02623 	0.00255813 	3.12466e-05
1.84892 	0.0262389 	0.00255403 	3.16669e-05
1.85043 	0.0262478 	0.00254993 	3.20872e-05
1.85193 	0.0262567 	0.00254583 	3.25074e-05
1.85343 	0.0262655 	0.00254173 	3.29277e-05
1.85493 	0.0262744 	0.00253763 	3.3348e-05
1.85643 	0.0262833 	0.00253353 	3.37683e-05
1.85793 	0.0262922 	0.00252943 	3.41886e-05
1.85943 	0.026301 	0.00252533 	3.46089e-05
1.86093 	0.0263099 	0.00252123 	3.50291e-05
1.86243 	0.0263188 	0.00251713 	3.54494e-05
1.86393 	0.0263277 	0.00251303 	3.58697e-05
1.86543 	0.0263366 	0.00250891 	3.62935e-05
1.86693 	0.0263521 	0.00250315 	3.69757e-05
1.86843 	0.0263676 	0.00249739 	3.76579e-05
1.86993 	0.0263723 	0.00249391 	3.80406e-05
1.87144 	0.0263767 	0.00249048 	3.84167e-05
1.87294 	0.0263851 	0.00248631 	3.89124e-05
1.87444 	0.0263946 	0.00248194 	3.94409e-05
1.87594 	0.026404 	0.00247757 	3.99693e-05
1.87744 	0.0264135 	0.00247321 	4.04978e-05
1.87894 	0.026423 	0.00246884 	4.10263e-05
1.88044 	0.0264324 	0.00246447 	4.15547e-05
1.88194 	0.0264419 	0.0024601 	4.20832e-05
1.88344 	0.0264513 	0.00245573 	4.26116e-05
1.88494 	0.0264608 	0.00245136 	4.31401e-05
1.88644 	0.0264703 	0.00244699 	4.36686e-05
1.88794 	0.0264797 	0.00244262 	4.4197e-05
1.88944 	0.0264892 	0.00243825 	4.47255e-05
1.89095 	0.0264986 	0.00243388 	4.5254e-05
1.89245 	0.0265081 	0.00242952 	4.57824e-05
1.89395 	0.0265176 	0.00242515 	4.63109e-05
1.89545 	0.026527 	0.00242078 	4.68394e-05
1.89695 	0.0265365 	0.00241641 	4.73678e-05
1.89845 	0.0265459 	0.00241204 	4.78963e-05
1.89995 	0.0265554 	0.00240767 	4.84247e-05
1.90145 	0.0265649 	0.0024033 	4.89532e-05
1.90295 	0.0265743 	0.00239893 	4.94817e-05
1.90445 	0.0265838 	0.00239456 	5.00101e-05
1.90595 	0.0265932 	0.00239019 	5.05386e-05
1.90745 	0.0266027 	0.00238583 	5.10671e-05
1.90895 	0.0266122 	0.00238146 	5.15955e-05
1.91046 	0.0266216 	0.00237709 	5.2124e-05
1.91196 	0.0266311 	0.00237272 	5.26525e-05
1.91346 	0.0266405 	0.00236835 	5.31809e-05
1.91496 	0.02665 	0.00236398 	5.37094e-05
1.91646 	0.0266594 	0.00235961 	5.42378e-05
1.91796 	0.0266689 	0.00235524 	5.47663e-05
1.91946 	0.0266784 	0.00235087 	5.52948e-05
1.92096 	0.0266927 	0.00234555 	5.59874e-05
1.92246 	0.0267071 	0.0023402 	5.6684e-05
1.92396 	0.0267215 	0.00233485 	5.73806e-05
1.92546 	0.0267312 	0.00233048 	5.79506e-05
1.92696 	0.0267356 	0.00232724 	5.83723e-05
1.92846 	0.02674 	0.00232401 	5.8794e-05
1.92996 	0.0267444 	0.00232078 	5.92157e-05
1.93147 	0.0267519 	0.00231695 	5.97115e-05
1.93297 	0.0267609 	0.00231285 	6.02407e-05
1.93447 	0.0267699 	0.00230875 	6.07699e-05
1.93597 	0.0267788 	0.00230465 	6.12991e-05
1.93747 	0.0267878 	0.00230055 	6.18283e-05
1.93897 	0.0267968 	0.00229645 	6.23574e-05
1.94047 	0.0268058 	0.00229235 	6.28866e-05
1.94197 	0.0268147 	0.00228825 	6.34158e-05
1.94347 	0.0268237 	0.00228415 	6.3945e-05
1.94497 	0.0268327 	0.00228005 	6.44742e-05
1.94647 	0.0268416 	0.00227595 	6.50034e-05
1.94797 	0.0268506 	0.00227185 	6.55326e-05
1.94947 	0.0268596 	0.00226775 	6.60618e-05
1.95098 	0.0268686 	0.00226365 	6.6591e-05
1.95248 	0.0268775 	0.00225955 	6.71202e-05
1.95398 	0.0268865 	0.00225545 	6.76494e-05
1.95548 	0.0268955 	0.00225135 	6.81786e-05
1.95698 	0.0269045 	0.00224725 	6.87077e-05
1.95848 	0.0269134 	0.00224315 	6.92369e-05
1.95998 	0.0269224 	0.00223905 	6.97661e-05
1.96148 	0.0269314 	0.00223495 	7.02953e-05
1.96298 	0.0269403 	0.00223085 	7.08245e-05
1.96448 	0.0269493 	0.00222675 	7.13537e-05
1.96598 	0.0269583 	0.00222265 	7.18829e-05
1.96748 	0.0269673 	0.00221855 	7.24121e-05
1.96898 	0.0269762 	0.00221445 	7.29413e-05
1.97049 	0.0269852 	0.00221035 	7.34705e-05
1.97199 	0.0269942 	0.00220625 	7.39997e-05
1.97349 	0.0270043 	0.00220198 	7.45436e-05
1.97499 	0.0270172 	0.00219727 	7.51257e-05
1.97649 	0.0270302 	0.00219256 	7.57078e-05
1.97799 	0.0270432 	0.00218784 	7.62899e-05
1.97949 	0.0270561 	0.00218313 	7.6872e-05
1.98099 	0.0270662 	0.00217892 	7.7398e-05
1.98249 	0.0270711 	0.00217563 	7.782e-05
1.98399 	0.0270759 	0.00217234 	7.82419e-05
1.98549 	0.0270807 	0.00216905 	7.86639e-05
1.98699 	0.0270855 	0.00216576 	7.90859e-05
1.98849 	0.0270907 	0.00216241 	7.95093e-05
1.98999 	0.0270991 	0.00215854 	7.99477e-05
1.9915 	0.0271076 	0.00215467 	8.03861e-05
1.993 	0.027116 	0.0021508 	8.08245e-05
1.9945 	0.0271245 	0.00214693 	8.12628e-05
1.996 	0.0271329 	0.00214306 	8.17012e-05
1.9975 	0.0271414 	0.00213919 	8.21396e-05
1.999 	0.0271498 	0.00213532 	8.2578e-05
2.0005 	0.0271583 	0.00213145 	8.30164e-05
2.002 	0.0271667 	0.00212758 	8.34548e-05
2.0035 	0.0271752 	0.0021237 	8.38931e-05
2.005 	0.0271836 	0.00211983 	8.43315e-05
2.0065 	0.0271921 	0.00211596 	8.47699e-05
2.008 	0.0272005 	0.00211209 	8.52083e-05
2.0095 	0.027209 	0.00210822 	8.56467e-05
2.01101 	0.0272175 	0.00210435 	8.6085e-05
2.01251 	0.0272259 	0.00210048 	8.65234e-05
2.01401 	0.0272344 	0.00209661 	8.69618e-05
2.01551 	0.0272428 	0.00209274 	8.74002e-05
2.01701 	0.0272513 	0.00208887 	8.78386e-05
2.01851 	0.0272597 	0.002085 	8.8277e-05
2.02001 	0.0272682 	0.00208113 	8.87153e-05
2.02151 	0.0272766 	0.00207725 	8.91537e-05
2.02301 	0.0272851 	0.00207338 	8.95921e-05
2.02451 	0.0272935 	0.00206951 	9.00305e-05
2.02601 	0.0273021 	0.00206563 	9.04672e-05
2.02751 	0.0273134 	0.00206148 	9.08559e-05
2.02901 	0.0273248 	0.00205734 	9.12447e-05
2.03052 	0.0273361 	0.00205319 	9.16335e-05
2.03202 	0.0273475 	0.00204904 	9.20223e-05
2.03352 	0.0273588 	0.00204489 	9.2411e-05
2.03502 	0.0273702 	0.00204074 	9.27998e-05
2.03652 	0.0273767 	0.00203717 	9.3149e-05
2.03802 	0.0273817 	0.00203376 	9.34868e-05
2.03952 	0.0273867 	0.00203035 	9.38245e-05
2.04102 	0.0273917 	0.00202694 	9.41623e-05
2.04252 	0.0273967 	0.00202353 	9.45e-05
2.04402 	0.0274018 	0.00202012 	9.48378e-05
2.04552 	0.0274071 	0.00201668 	9.51831e-05
2.04702 	0.0274149 	0.00201298 	9.55801e-05
2.04852 	0.0274226 	0.00200928 	9.59772e-05
2.05003 	0.0274304 	0.00200558 	9.63742e-05
2.05153 	0.0274381 	0.00200188 	9.67713e-05
2.05303 	0.0274459 	0.00199818 	9.71683e-05
2.05453 	0.0274536 	0.00199448 	9.75653e-05
2.05603 	0.0274614 	0.00199078 	9.79624e-05
2.05753 	0.0274691 	0.00198709 	9.83594e-05
2.05903 	0.0274769 	0.00198339 	9.87565e-05
2.06053 	0.0274846 	0.00197969 	9.91535e-05
2.06203 	0.0274924 	0.00197599 	9.95505e-05
2.06353 	0.0275001 	0.00197229 	9.99476e-05
2.06503 	0.0275079 	0.00196859 	0.000100345
2.06653 	0.0275156 	0.00196489 	0.000100742
2.06803 	0.0275234 	0.00196119 	0.000101139
2.06953 	0.0275311 	0.00195749 	0.000101536
2.07104 	0.0275389 	0.00195379 	0.000101933
2.07254 	0.0275466 	0.00195009 	0.00010233
2.07404 	0.0275544 	0.00194639 	0.000102727
2.07554 	0.0275621 	0.0019427 	0.000103124
2.07704 	0.0275699 	0.001939 	0.000103521
2.07854 	0.0275785 	0.00193519 	0.000103931
2.08004 	0.0275889 	0.0019312 	0.000104368
2.08154 	0.0275993 	0.0019272 	0.000104804
2.08304 	0.0276097 	0.0019232 	0.00010524
2.08454 	0.0276201 	0.0019192 	0.000105676
2.08604 	0.0276305 	0.0019152 	0.000106113
2.08754 	0.0276409 	0.00191121 	0.000106549
2.08904 	0.0276513 	0.00190721 	0.000106985
2.09055 	0.0276565 	0.00190385 	0.000107411
2.09205 	0.0276609 	0.0019006 	0.000107836
2.09355 	0.0276653 	0.00189735 	0.000108261
2.09505 	0.0276697 	0.0018941 	0.000108686
2.09655 	0.0276741 	0.00189085 	0.000109111
2.09805 	0.0276785 	0.0018876 	0.000109536
2.09955 	0.0276829 	0.00188435 	0.00010996
2.10105 	0.0276873 	0.0018811 	0.000110385
2.10255 	0.0276942 	0.00187755 	0.000110824
2.10405 	0.0277012 	0.00187398 	0.000111264
2.10555 	0.0277082 	0.00187041 	0.000111704
2.10705 	0.0277152 	0.00186683 	0.000112144
2.10855 	0.0277222 	0.00186326 	0.000112584
2.11006 	0.0277292 	0.00185969 	0.000113024
2.11156 	0.0277362 	0.00185612 	0.000113464
2.11306 	0.0277432 	0.00185255 	0.000113904
2.11456 	0.0277502 	0.00184898 	0.000114344
2.11606 	0.0277572 	0.00184541 	0.000114784
2.11756 	0.0277642 	0.00184183 	0.000115224
2.11906 	0.0277712 	0.00183826 	0.000115664
2.12056 	0.0277783 	0.00183469 	0.000116104
2.12206 	0.0277853 	0.00183112 	0.000116544
2.12356 	0.0277923 	0.00182755 	0.000116984
2.12506 	0.0277993 	0.00182398 	0.000117423
2.12656 	0.0278063 	0.00182041 	0.000117863
2.12806 	0.0278133 	0.00181684 	0.000118303
2.12956 	0.0278211 	0.00181316 	0.000118741
2.13107 	0.0278307 	0.00180926 	0.000119173
2.13257 	0.0278402 	0.00180535 	0.000119604
2.13407 	0.0278498 	0.00180145 	0.000120036
2.13557 	0.0278594 	0.00179755 	0.000120468
2.13707 	0.027869 	0.00179364 	0.0001209
2.13857 	0.0278786 	0.00178974 	0.000121332
2.14007 	0.0278881 	0.00178584 	0.000121764
2.14157 	0.0278977 	0.00178193 	0.000122195
2.14307 	0.0279033 	0.00177858 	0.000122642
2.14457 	0.0279071 	0.00177548 	0.000123095
2.14607 	0.0279109 	0.00177237 	0.000123549
2.14757 	0.0279147 	0.00176926 	0.000124002
2.14907 	0.0279185 	0.00176616 	0.000124455
2.15058 	0.0279223 	0.00176305 	0.000124908
2.15208 	0.0279261 	0.00175994 	0.000125361
2.15358 	0.0279299 	0.00175684 	0.000125815
2.15508 	0.0279337 	0.00175373 	0.000126268
2.15658 	0.0279379 	0.00175067 	0.000126686
2.15808 	0.0279424 	0.00174764 	0.000127086
2.15958 	0.0279469 	0.00174461 	0.000127485
2.16108 	0.0279514 	0.00174157 	0.000127885
2.16258 	0.0279559 	0.00173854 	0.000128284
2.16408 	0.0279604 	0.00173551 	0.000128684
2.16558 	0.0279648 	0.00173247 	0.000129084
2.16708 	0.0279693 	0.00172944 	0.000129483
2.16858 	0.0279738 	0.00172641 	0.000129883
2.17009 	0.0279783 	0.00172337 	0.000130282
2.17159 	0.0279828 	0.00172034 	0.000130682
2.17309 	0.0279873 	0.00171731 	0.000131082
2.17459 	0.0279918 	0.00171427 	0.000131481
2.17609 	0.0279963 	0.00171124 	0.000131881
2.17759 	0.0280007 	0.00170821 	0.00013228
2.17909 	0.0280053 	0.00170517 	0.000132679
2.18059 	0.0280123 	0.00170177 	0.000133041
2.18209 	0.0280192 	0.00169836 	0.000133403
2.18359 	0.0280262 	0.00169496 	0.000133764
2.18509 	0.0280332 	0.00169155 	0.000134126
2.18659 	0.0280402 	0.00168815 	0.000134488
2.18809 	0.0280472 	0.00168475 	0.000134849
2.18959 	0.0280542 	0.00168134 	0.000135211
2.1911 	0.0280612 	0.00167794 	0.000135572
2.1926 	0.0280681 	0.00167454 	0.000135934
2.1941 	0.0280744 	0.00167112 	0.000136343
2.1956 	0.0280796 	0.00166768 	0.000136823
2.1971 	0.0280849 	0.00166425 	0.000137302
2.1986 	0.0280901 	0.00166081 	0.000137782
2.2001 	0.0280953 	0.00165737 	0.000138261
2.2016 	0.0281005 	0.00165394 	0.000138741
2.2031 	0.0281057 	0.0016505 	0.00013922
2.2046 	0.0281109 	0.00164706 	0.0001397
2.2061 	0.0281162 	0.00164363 	0.000140179
2.2076 	0.0281214 	0.00164019 	0.000140659
2.2091 	0.0281261 	0.001637 	0.000141082
2.21061 	0.0281301 	0.00163422 	0.000141409
2.21211 	0.0281341 	0.00163144 	0.000141736
2.21361 	0.028138 	0.00162866 	0.000142062
2.21511 	0.028142 	0.00162588 	0.000142389
2.21661 	0.0281459 	0.0016231 	0.000142716
2.21811 	0.0281499 	0.00162032 	0.000143043
2.21961 	0.0281538 	0.00161754 	0.000143369
2.22111 	0.0281578 	0.00161476 	0.000143696
2.22261 	0.0281618 	0.00161198 	0.000144023
2.22411 	0.0281657 	0.0016092 	0.00014435
2.22561 	0.0281697 	0.00160642 	0.000144677
2.22711 	0.0281736 	0.00160364 	0.000145003
2.22861 	0.0281776 	0.00160103 	0.00014524
2.23012 	0.0281817 	0.00159856 	0.000145402
2.23162 	0.0281858 	0.0015961 	0.000145564
2.23312 	0.0281898 	0.00159363 	0.000145726
2.23462 	0.0281939 	0.00159116 	0.000145888
2.23612 	0.0281979 	0.00158869 	0.00014605
2.23762 	0.028202 	0.00158623 	0.000146212
2.23912 	0.0282061 	0.00158376 	0.000146374
2.24062 	0.0282101 	0.00158129 	0.000146536
2.24212 	0.0282142 	0.00157882 	0.000146698
2.24362 	0.0282183 	0.00157637 	0.000146866
2.24512 	0.0282225 	0.00157414 	0.000147117
2.24662 	0.0282268 	0.0015719 	0.000147367
2.24812 	0.0282311 	0.00156966 	0.000147618
2.24962 	0.0282354 	0.00156743 	0.000147868
2.25113 	0.0282397 	0.00156519 	0.000148119
2.25263 	0.028244 	0.00156295 	0.000148369
2.25413 	0.0282483 	0.00156072 	0.00014862
2.25563 	0.0282526 	0.00155848 	0.00014887
2.25713 	0.0282568 	0.00155624 	0.000149121
2.25863 	0.0282611 	0.00155401 	0.000149371
2.26013 	0.0282656 	0.00155163 	0.000149609
2.26163 	0.028271 	0.00154859 	0.000149788
2.26313 	0.0282763 	0.00154556 	0.000149967
2.26463 	0.0282816 	0.00154252 	0.000150146
2.26613 	0.028287 	0.00153948 	0.000150325
2.26763 	0.0282923 	0.00153645 	0.000150503
2.26913 	0.0282977 	0.00153341 	0.000150682
2.27064 	0.028303 	0.00153038 	0.000150861
2.27214 	0.0283083 	0.00152734 	0.00015104
2.27364 	0.0283137 	0.00152431 	0.000151219
2.27514 	0.028319 	0.00152127 	0.000151398
2.27664 	0.0283246 	0.0015177 	0.000151473
2.27814 	0.0283302 	0.00151413 	0.000151547
2.27964 	0.0283358 	0.00151055 	0.000151621
2.28114 	0.0283414 	0.00150697 	0.000151695
2.28264 	0.028347 	0.0015034 	0.000151769
2.28414 	0.0283526 	0.00149982 	0.000151843
2.28564 	0.0283582 	0.00149625 	0.000151917
2.28714 	0.0283638 	0.00149267 	0.000151991
2.28864 	0.0283694 	0.0014891 	0.000152065
2.29015 	0.028375 	0.00148552 	0.000152139
2.29165 	0.0283806 	0.00148194 	0.000152213
2.29315 	0.0283857 	0.00147897 	0.000152277
2.29465 	0.0283906 	0.00147619 	0.000152338
2.29615 	0.0283955 	0.00147341 	0.000152398
2.29765 	0.0284004 	0.00147062 	0.000152459
2.29915 	0.0284053 	0.00146784 	0.00015252
2.30065 	0.0284103 	0.00146505 	0.00015258
2.30215 	0.0284152 	0.00146227 	0.000152641
2.30365 	0.0284201 	0.00145948 	0.000152701
2.30515 	0.028425 	0.0014567 	0.000152762
2.30665 	0.0284299 	0.00145392 	0.000152822
2.30815 	0.0284348 	0.00145113 	0.000152883
2.30965 	0.0284398 	0.00144827 	0.000152938
2.31116 	0.0284449 	0.00144507 	0.000152969
2.31266 	0.0284501 	0.00144186 	0.000153
2.31416 	0.0284553 	0.00143866 	0.000153031
2.31566 	0.0284604 	0.00143545 	0.000153062
2.31716 	0.0284656 	0.00143224 	0.000153093
2.31866 	0.0284708 	0.00142904 	0.000153124
2.32016 	0.0284759 	0.00142583 	0.000153154
2.32166 	0.0284809 	0.00142258 	0.000153179
2.32316 	0.0284855 	0.00141927 	0.000153194
2.32466 	0.02849 	0.00141595 	0.000153209
2.32616 	0.0284946 	0.00141264 	0.000153224
2.32766 	0.0284992 	0.00140933 	0.000153238
2.32916 	0.0285038 	0.00140601 	0.000153253
2.33067 	0.0285083 	0.0014027 	0.000153268
2.33217 	0.0285129 	0.00139938 	0.000153283
2.33367 	0.0285175 	0.00139607 	0.000153298
2.33517 	0.0285221 	0.00139276 	0.000153313
2.33667 	0.0285267 	0.00138944 	0.000153327
2.33817 	0.0285312 	0.00138613 	0.000153342
2.33967 	0.0285359 	0.00138298 	0.000153359
2.34117 	0.0285407 	0.00137996 	0.000153377
2.34267 	0.0285455 	0.00137695 	0.000153395
2.34417 	0.0285502 	0.00137393 	0.000153414
2.34567 	0.028555 	0.00137091 	0.000153432
2.34717 	0.0285598 	0.0013679 	0.00015345
2.34867 	0.0285646 	0.00136488 	0.000153468
2.35018 	0.0285693 	0.00136186 	0.000153486
2.35168 	0.0285741 	0.00135885 	0.000153505
2.35318 	0.0285789 	0.00135583 	0.000153523
2.35468 	0.0285836 	0.00135281 	0.000153541
2.35618 	0.0285884 	0.0013498 	0.000153559
2.35768 	0.028593 	0.00134672 	0.000153566
2.35918 	0.0285974 	0.00134355 	0.000153557
2.36068 	0.0286018 	0.00134037 	0.000153547
2.36218 	0.0286061 	0.0013372 	0.000153538
2.36368 	0.0286105 	0.00133403 	0.000153528
2.36518 	0.0286149 	0.00133086 	0.000153519
2.36668 	0.0286186 	0.00132754 	0.00015351
2.36818 	0.0286222 	0.00132418 	0.000153502
2.36968 	0.0286259 	0.00132082 	0.000153493
2.37119 	0.0286295 	0.00131746 	0.000153484
2.37269 	0.0286331 	0.0013141 	0.000153475
2.37419 	0.0286367 	0.00131074 	0.000153467
2.37569 	0.0286403 	0.00130739 	0.000153458
2.37719 	0.028644 	0.00130403 	0.000153449
2.37869 	0.0286476 	0.00130067 	0.00015344
2.38019 	0.0286512 	0.00129731 	0.000153432
2.38169 	0.0286548 	0.00129395 	0.000153423
2.38319 	0.0286584 	0.00129059 	0.000153414
2.38469 	0.0286622 	0.00128741 	0.000153405
2.38619 	0.028666 	0.0012844 	0.000153394
2.38769 	0.0286699 	0.00128138 	0.000153383
2.38919 	0.0286738 	0.00127837 	0.000153372
2.3907 	0.0286777 	0.00127536 	0.000153361
2.3922 	0.0286815 	0.00127235 	0.000153351
2.3937 	0.0286854 	0.00126934 	0.00015334
2.3952 	0.0286893 	0.00126632 	0.000153329
2.3967 	0.0286931 	0.00126331 	0.000153318
2.3982 	0.028697 	0.0012603 	0.000153308
2.3997 	0.0287009 	0.00125729 	0.000153297
2.4012 	0.0287047 	0.00125428 	0.000153286
2.4027 	0.0287086 	0.00125126 	0.000153275
2.4042 	0.0287118 	0.00124845 	0.000153268
2.4057 	0.0287149 	0.00124564 	0.000153262
2.4072 	0.0287181 	0.00124284 	0.000153255
2.4087 	0.0287209 	0.00123999 	0.000153252
2.41021 	0.0287232 	0.00123705 	0.000153258
2.41171 	0.0287255 	0.00123412 	0.000153263
2.41321 	0.0287278 	0.00123118 	0.000153269
2.41471 	0.0287301 	0.00122824 	0.000153274
2.41621 	0.0287324 	0.0012253 	0.00015328
2.41771 	0.0287347 	0.00122237 	0.000153285
2.41921 	0.028737 	0.00121943 	0.000153291
2.42071 	0.0287393 	0.00121649 	0.000153297
2.42221 	0.0287416 	0.00121356 	0.000153302
2.42371 	0.0287439 	0.00121062 	0.000153308
2.42521 	0.0287462 	0.00120768 	0.000153313
2.42671 	0.0287485 	0.00120474 	0.000153319
2.42821 	0.0287513 	0.00120169 	0.000153317
2.42971 	0.0287543 	0.00119857 	0.00015331
2.43122 	0.0287573 	0.00119545 	0.000153304
2.43272 	0.0287603 	0.00119234 	0.000153298
2.43422 	0.0287634 	0.00118922 	0.000153291
2.43572 	0.0287664 	0.0011861 	0.000153285
2.43722 	0.0287694 	0.00118298 	0.000153279
2.43872 	0.0287725 	0.00117986 	0.000153273
2.44022 	0.0287755 	0.00117675 	0.000153266
2.44172 	0.0287785 	0.00117363 	0.00015326
2.44322 	0.0287816 	0.00117051 	0.000153254
2.44472 	0.0287846 	0.00116739 	0.000153247
2.44622 	0.0287876 	0.00116427 	0.000153241
2.44772 	0.0287899 	0.00116158 	0.000153229
2.44922 	0.0287921 	0.001159 	0.000153215
2.45073 	0.0287932 	0.00115665 	0.000153159
2.45223 	0.0287942 	0.00115432 	0.0001531
2.45373 	0.0287952 	0.00115199 	0.00015304
2.45523 	0.0287962 	0.00114966 	0.00015298
2.45673 	0.0287972 	0.00114733 	0.000152921
2.45823 	0.0287983 	0.00114499 	0.000152861
2.45973 	0.0287993 	0.00114266 	0.000152801
2.46123 	0.0288003 	0.00114033 	0.000152742
2.46273 	0.0288013 	0.001138 	0.000152682
2.46423 	0.0288023 	0.00113567 	0.000152622
2.46573 	0.0288033 	0.00113334 	0.000152563
2.46723 	0.0288043 	0.00113101 	0.000152503
2.46873 	0.0288053 	0.00112869 	0.000152444
2.47024 	0.0288071 	0.0011267 	0.000152418
2.47174 	0.0288088 	0.00112472 	0.000152391
2.47324 	0.0288105 	0.00112274 	0.000152365
2.47474 	0.0288123 	0.00112076 	0.000152338
2.47624 	0.028814 	0.00111878 	0.000152312
2.47774 	0.0288157 	0.00111679 	0.000152285
2.47924 	0.0288175 	0.00111481 	0.000152259
2.48074 	0.0288192 	0.00111283 	0.000152232
2.48224 	0.0288209 	0.00111085 	0.000152206
2.48374 	0.0288227 	0.00110887 	0.000152179
2.48524 	0.0288244 	0.00110688 	0.000152153
2.48674 	0.0288261 	0.0011049 	0.000152127
2.48824 	0.0288279 	0.00110292 	0.0001521
2.48974 	0.0288287 	0.00109967 	0.000151929
2.49125 	0.0288293 	0.0010962 	0.000151717
2.49275 	0.0288298 	0.00109273 	0.000151505
2.49425 	0.0288303 	0.00108926 	0.000151292
2.49575 	0.0288309 	0.00108579 	0.00015108
2.49725 	0.0288314 	0.00108232 	0.000150868
2.49875 	0.0288319 	0.00107885 	0.000150656
2.50025 	0.0288325 	0.00107539 	0.000150443
2.50175 	0.028833 	0.00107192 	0.000150231
2.50325 	0.0288335 	0.00106845 	0.000150019
2.50475 	0.0288341 	0.00106498 	0.000149806
2.50625 	0.0288346 	0.00106151 	0.000149594
2.50775 	0.0288351 	0.00105804 	0.000149382
2.50925 	0.0288359 	0.00105505 	0.000149193
2.51076 	0.0288369 	0.00105235 	0.000149018
2.51226 	0.0288378 	0.00104964 	0.000148842
2.51376 	0.0288387 	0.00104693 	0.000148667
2.51526 	0.0288397 	0.00104423 	0.000148491
2.51676 	0.0288406 	0.00104152 	0.000148316
2.51826 	0.0288416 	0.00103881 	0.000148141
2.51976 	0.0288425 	0.00103611 	0.000147965
2.52126 	0.0288434 	0.0010334 	0.00014779
2.52276 	0.0288444 	0.00103069 	0.000147614
2.52426 	0.0288453 	0.00102799 	0.000147439
2.52576 	0.0288463 	0.00102528 	0.000147264
2.52726 	0.0288466 	0.00102254 	0.000147033
2.52876 	0.0288458 	0.00101953 	0.000146698
2.53027 	0.0288448 	0.00101635 	0.000146326
2.53177 	0.0288437 	0.00101317 	0.000145954
2.53327 	0.0288427 	0.00100999 	0.000145582
2.53477 	0.0288416 	0.00100681 	0.00014521
2.53627 	0.0288406 	0.00100364 	0.000144838
2.53777 	0.0288395 	0.00100046 	0.000144466
2.53927 	0.0288385 	0.00099728 	0.000144094
2.54077 	0.0288374 	0.000994102 	0.000143722
2.54227 	0.0288364 	0.000990923 	0.00014335
2.54377 	0.0288354 	0.000987745 	0.000142978
2.54527 	0.0288343 	0.000984566 	0.000142606
2.54677 	0.0288335 	0.000981466 	0.000142231
2.54827 	0.0288331 	0.000978446 	0.000141853
2.54977 	0.0288326 	0.000975426 	0.000141475
2.55128 	0.0288321 	0.000972406 	0.000141097
2.55278 	0.0288316 	0.000969386 	0.000140719
2.55428 	0.0288311 	0.000966366 	0.000140341
2.55578 	0.0288307 	0.000963345 	0.000139963
2.55728 	0.0288302 	0.000960325 	0.000139585
2.55878 	0.0288297 	0.000957305 	0.000139207
2.56028 	0.0288292 	0.000954285 	0.000138828
2.56178 	0.0288287 	0.000951265 	0.00013845
2.56328 	0.0288269 	0.000948247 	0.000138068
2.56478 	0.0288238 	0.000945231 	0.000137683
2.56628 	0.0288204 	0.000942316 	0.000137316
2.56778 	0.0288166 	0.0009395 	0.000136966
2.56928 	0.0288129 	0.000936683 	0.000136616
2.57079 	0.0288091 	0.000933867 	0.000136266
2.57229 	0.0288054 	0.00093105 	0.000135917
2.57379 	0.0288017 	0.000928234 	0.000135567
2.57529 	0.0287979 	0.000925417 	0.000135217
2.57679 	0.0287942 	0.000922601 	0.000134867
2.57829 	0.0287904 	0.000919784 	0.000134517
2.57979 	0.0287867 	0.000916968 	0.000134168
2.58129 	0.028783 	0.000914151 	0.000133818
2.58279 	0.0287807 	0.000910966 	0.000133415
2.58429 	0.0287795 	0.000907545 	0.000132977
2.58579 	0.0287782 	0.000904125 	0.00013254
2.58729 	0.028777 	0.000900704 	0.000132102
2.58879 	0.0287757 	0.000897283 	0.000131665
2.5903 	0.0287745 	0.000893862 	0.000131228
2.5918 	0.0287732 	0.000890441 	0.00013079
2.5933 	0.028772 	0.00088702 	0.000130353
2.5948 	0.0287707 	0.000883599 	0.000129915
2.5963 	0.0287695 	0.000880178 	0.000129478
2.5978 	0.0287663 	0.000877519 	0.000129127
2.5993 	0.0287623 	0.000875151 	0.000128809
2.6008 	0.0287583 	0.000872784 	0.00012849
2.6023 	0.0287535 	0.000871069 	0.000128256
2.6038 	0.0287484 	0.000869542 	0.000128046
2.6053 	0.0287433 	0.000868015 	0.000127835
2.6068 	0.0287382 	0.000866489 	0.000127625
2.6083 	0.0287332 	0.000864962 	0.000127415
2.6098 	0.0287281 	0.000863435 	0.000127204
2.61131 	0.028723 	0.000861908 	0.000126994
2.61281 	0.0287179 	0.000860381 	0.000126784
2.61431 	0.0287128 	0.000858854 	0.000126573
2.61581 	0.0287077 	0.000857328 	0.000126363
2.61731 	0.0287075 	0.000854861 	0.000126038
2.61881 	0.0287075 	0.00085236 	0.000125709
2.62031 	0.0287075 	0.00084986 	0.00012538
2.62181 	0.0287075 	0.000847359 	0.000125052
2.62331 	0.0287075 	0.000844859 	0.000124723
2.62481 	0.0287075 	0.000842358 	0.000124394
2.62631 	0.0287075 	0.000839857 	0.000124065
2.62781 	0.0287075 	0.000837357 	0.000123736
2.62931 	0.0287072 	0.000834853 	0.000123404
2.63082 	0.0287027 	0.000832301 	0.000123024
2.63232 	0.0286983 	0.000829749 	0.000122645
2.63382 	0.0286939 	0.000827197 	0.000122265
2.63532 	0.0286879 	0.000824522 	0.000121857
2.63682 	0.0286791 	0.000821633 	0.000121397
2.63832 	0.0286704 	0.000818744 	0.000120938
2.63982 	0.0286617 	0.000815855 	0.000120478
2.64132 	0.0286529 	0.000812966 	0.000120018
2.64282 	0.0286442 	0.000810076 	0.000119559
2.64432 	0.0286355 	0.000807187 	0.000119099
2.64582 	0.0286267 	0.000804298 	0.00011864
2.64732 	0.028618 	0.000801409 	0.00011818
2.64882 	0.0286123 	0.00079819 	0.000117679
2.65033 	0.028609 	0.000794697 	0.000117143
2.65183 	0.0286058 	0.000791205 	0.000116607
2.65333 	0.0286026 	0.000787712 	0.000116072
2.65483 	0.0285994 	0.000784219 	0.000115536
2.65633 	0.0285962 	0.000780727 	0.000115
2.65783 	0.028593 	0.000777234 	0.000114464
2.65933 	0.0285897 	0.000773741 	0.000113929
2.66083 	0.0285842 	0.000770374 	0.000113392
2.66233 	0.0285766 	0.000767113 	0.000112854
2.66383 	0.0285691 	0.000763853 	0.000112317
2.66533 	0.0285615 	0.000760593 	0.000111779
2.66683 	0.0285531 	0.000757418 	0.000111244
2.66833 	0.0285419 	0.00075451 	0.000110718
2.66983 	0.0285307 	0.000751602 	0.000110192
2.67134 	0.0285195 	0.000748694 	0.000109666
2.67284 	0.0285084 	0.000745785 	0.00010914
2.67434 	0.0284972 	0.000742877 	0.000108615
2.67584 	0.028486 	0.000739969 	0.000108089
2.67734 	0.0284748 	0.000737061 	0.000107563
2.67884 	0.0284654 	0.000733937 	0.000107014
2.68034 	0.0284598 	0.00073037 	0.000106418
2.68184 	0.0284541 	0.000726802 	0.000105821
2.68334 	0.0284485 	0.000723234 	0.000105225
2.68484 	0.0284429 	0.000719666 	0.000104629
2.68634 	0.0284372 	0.000716098 	0.000104032
2.68784 	0.0284316 	0.00071253 	0.000103436
2.68934 	0.0284257 	0.000709098 	0.000102859
2.69085 	0.0284183 	0.000706523 	0.000102408
2.69235 	0.0284109 	0.000703948 	0.000101957
2.69385 	0.0284035 	0.000701372 	0.000101506
2.69535 	0.0283961 	0.000698797 	0.000101054
2.69685 	0.0283881 	0.000696582 	0.000100651
2.69835 	0.0283791 	0.000694965 	0.000100328
2.69985 	0.0283701 	0.000693348 	0.000100005
2.70135 	0.0283611 	0.000691731 	9.96814e-05
2.70285 	0.0283522 	0.000690114 	9.93582e-05
2.70435 	0.0283432 	0.000688497 	9.9035e-05
2.70585 	0.0283342 	0.00068688 	9.87117e-05
2.70735 	0.0283269 	0.000685093 	9.83781e-05
2.70885 	0.028324 	0.000682867 	9.80172e-05
2.71036 	0.028321 	0.00068064 	9.76563e-05
2.71186 	0.0283181 	0.000678413 	9.72954e-05
2.71336 	0.0283151 	0.000676187 	9.69346e-05
2.71486 	0.0283122 	0.00067396 	9.65737e-05
2.71636 	0.0283092 	0.000671733 	9.62128e-05
2.71786 	0.0283009 	0.000669172 	9.57694e-05
2.71936 	0.0282915 	0.000666543 	9.53091e-05
2.72086 	0.028282 	0.000663913 	9.48487e-05
2.72236 	0.0282726 	0.000661283 	9.43884e-05
2.72386 	0.0282631 	0.000658654 	9.39281e-05
2.72536 	0.0282492 	0.000655732 	9.33929e-05
2.72686 	0.0282336 	0.000652698 	9.28292e-05
2.72836 	0.028218 	0.000649663 	9.22654e-05
2.72986 	0.0282023 	0.000646629 	9.17016e-05
2.73137 	0.0281867 	0.000643595 	9.11379e-05
2.73287 	0.0281711 	0.000640561 	9.05741e-05
2.73437 	0.0281577 	0.000637269 	8.99959e-05
2.73587 	0.0281481 	0.000633531 	8.93926e-05
2.73737 	0.0281386 	0.000629792 	8.87894e-05
2.73887 	0.028129 	0.000626053 	8.81862e-05
2.74037 	0.0281195 	0.000622314 	8.75829e-05
2.74187 	0.0281099 	0.000618576 	8.69797e-05
2.74337 	0.0280974 	0.000614998 	8.64025e-05
2.74487 	0.0280829 	0.000611533 	8.58436e-05
2.74637 	0.0280684 	0.000608069 	8.52848e-05
2.74787 	0.0280539 	0.000604605 	8.47259e-05
2.74937 	0.0280394 	0.00060114 	8.4167e-05
2.75088 	0.0280242 	0.000597829 	8.3631e-05
2.75238 	0.0280067 	0.000595001 	8.31666e-05
2.75388 	0.0279892 	0.000592172 	8.27022e-05
2.75538 	0.0279718 	0.000589344 	8.22379e-05
2.75688 	0.0279543 	0.000586515 	8.17735e-05
2.75838 	0.0279368 	0.000583687 	8.13091e-05
2.75988 	0.0279212 	0.000580115 	8.07787e-05
2.76138 	0.0279072 	0.000575936 	8.01944e-05
2.76288 	0.0278932 	0.000571757 	7.96101e-05
2.76438 	0.0278792 	0.000567579 	7.90258e-05
2.76588 	0.0278652 	0.0005634 	7.84416e-05
2.76738 	0.0278515 	0.000559761 	7.79274e-05
2.76888 	0.0278383 	0.000557014 	7.75292e-05
2.77039 	0.0278252 	0.000554266 	7.7131e-05
2.77189 	0.027812 	0.000551519 	7.67328e-05
2.77339 	0.0277989 	0.000548772 	7.63345e-05
2.77489 	0.0277857 	0.000546024 	7.59363e-05
2.77639 	0.0277735 	0.000544519 	7.56985e-05
2.77789 	0.0277613 	0.000543178 	7.54818e-05
2.77939 	0.0277492 	0.000541837 	7.52652e-05
2.78089 	0.0277371 	0.000540495 	7.50485e-05
2.78239 	0.0277249 	0.000539154 	7.48319e-05
2.78389 	0.0277161 	0.000536779 	7.45313e-05
2.78539 	0.0277082 	0.000534134 	7.42087e-05
2.78689 	0.0277003 	0.000531489 	7.38862e-05
2.78839 	0.0276924 	0.000528843 	7.35637e-05
2.78989 	0.0276832 	0.000526166 	7.32345e-05
2.7914 	0.0276675 	0.000523321 	7.28712e-05
2.7929 	0.0276517 	0.000520477 	7.25079e-05
2.7944 	0.0276359 	0.000517632 	7.21446e-05
2.7959 	0.0276202 	0.000514787 	7.17813e-05
2.7974 	0.0276044 	0.000511943 	7.1418e-05
2.7989 	0.0275834 	0.000508828 	7.10064e-05
2.8004 	0.0275589 	0.000505533 	7.05626e-05
2.8019 	0.0275343 	0.000502237 	7.01188e-05
2.8034 	0.0275098 	0.000498942 	6.96749e-05
2.8049 	0.0274856 	0.000495603 	6.92294e-05
2.8064 	0.0274677 	0.000491398 	6.875e-05
2.8079 	0.0274497 	0.000487192 	6.82707e-05
2.8094 	0.0274318 	0.000482986 	6.77914e-05
2.81091 	0.0274139 	0.000478781 	6.73121e-05
2.81241 	0.0273963 	0.000475721 	6.69591e-05
2.81391 	0.0273789 	0.000472781 	6.66194e-05
2.81541 	0.0273614 	0.00046984 	6.62797e-05
2.81691 	0.0273439 	0.0004669 	6.59399e-05
2.81841 	0.0273264 	0.00046396 	6.56002e-05
2.81991 	0.0273091 	0.00046144 	6.53048e-05
2.82141 	0.0272921 	0.000459736 	6.50957e-05
2.82291 	0.0272751 	0.000458033 	6.48866e-05
2.82441 	0.027258 	0.00045633 	6.46774e-05
2.82591 	0.0272433 	0.000454423 	6.44677e-05
2.82741 	0.0272347 	0.000451964 	6.42562e-05
2.82891 	0.027226 	0.000449505 	6.40446e-05
2.83042 	0.0272174 	0.000447047 	6.38331e-05
2.83192 	0.0272021 	0.000444252 	6.35845e-05
2.83342 	0.0271816 	0.000441199 	6.33073e-05
2.83492 	0.0271612 	0.000438146 	6.30302e-05
2.83642 	0.0271407 	0.000435093 	6.2753e-05
2.83792 	0.0271202 	0.00043204 	6.24758e-05
2.83942 	0.0270991 	0.000428957 	6.21952e-05
2.84092 	0.0270672 	0.000425336 	6.18518e-05
2.84242 	0.0270353 	0.000421714 	6.15084e-05
2.84392 	0.0270034 	0.000418093 	6.1165e-05
2.84542 	0.0269749 	0.000414108 	6.08218e-05
2.84692 	0.0269514 	0.000409609 	6.0479e-05
2.84842 	0.0269279 	0.000405109 	6.01361e-05
2.84992 	0.0269042 	0.000400695 	5.97982e-05
2.85143 	0.0268777 	0.000397045 	5.95049e-05
2.85293 	0.0268513 	0.000393396 	5.92116e-05
2.85443 	0.0268249 	0.000389747 	5.89183e-05
2.85593 	0.0267985 	0.000386097 	5.8625e-05
2.85743 	0.0267721 	0.000382448 	5.83317e-05
2.85893 	0.0267464 	0.000379712 	5.81003e-05
2.86043 	0.0267211 	0.000377396 	5.78974e-05
2.86193 	0.0266957 	0.000375081 	5.76945e-05
2.86343 	0.0266783 	0.000372859 	5.75218e-05
2.86493 	0.0266712 	0.000370762 	5.73887e-05
2.86643 	0.0266641 	0.000368664 	5.72556e-05
2.86793 	0.0266479 	0.000365998 	5.70872e-05
2.86943 	0.0266214 	0.000362685 	5.68788e-05
2.87094 	0.0265949 	0.000359373 	5.66703e-05
2.87244 	0.0265684 	0.00035606 	5.64619e-05
2.87394 	0.026542 	0.000352747 	5.62534e-05
2.87544 	0.0265119 	0.000349216 	5.60328e-05
2.87694 	0.0264667 	0.000344742 	5.57596e-05
2.87844 	0.0264214 	0.000340267 	5.54865e-05
2.87994 	0.0263814 	0.000335828 	5.52299e-05
2.88144 	0.0263547 	0.00033148 	5.50162e-05
2.88294 	0.0263281 	0.000327133 	5.48024e-05
2.88444 	0.0262992 	0.000323367 	5.46585e-05
2.88594 	0.0262689 	0.000319948 	5.45562e-05
2.88744 	0.0262387 	0.000316528 	5.44538e-05
2.88894 	0.0262084 	0.000313109 	5.43515e-05
2.89045 	0.0261781 	0.00030969 	5.42491e-05
2.89195 	0.0261466 	0.000306751 	5.41841e-05
2.89345 	0.026114 	0.000304271 	5.41549e-05
2.89495 	0.0260813 	0.000301791 	5.41257e-05
2.89645 	0.0260695 	0.000299512 	5.40753e-05
2.89795 	0.0260597 	0.000297255 	5.40229e-05
2.89945 	0.0260362 	0.000294295 	5.40173e-05
2.90095 	0.0260006 	0.000290725 	5.40525e-05
2.90245 	0.025965 	0.000287154 	5.40878e-05
2.90395 	0.0259294 	0.000283584 	5.4123e-05
2.90545 	0.0258938 	0.000280013 	5.41582e-05
2.90695 	0.0258431 	0.000275683 	5.42367e-05
2.90845 	0.0257826 	0.000270856 	5.43435e-05
2.90995 	0.0257284 	0.000266057 	5.44519e-05
2.91146 	0.0256906 	0.000261332 	5.45642e-05
2.91296 	0.0256533 	0.000256845 	5.46757e-05
2.91446 	0.0256184 	0.000253718 	5.47828e-05
2.91596 	0.0255836 	0.00025059 	5.489e-05
2.91746 	0.0255487 	0.000247463 	5.49971e-05
2.91896 	0.0255138 	0.000244336 	5.51042e-05
2.92046 	0.025478 	0.000241648 	5.5206e-05
2.92196 	0.0254409 	0.000239564 	5.53003e-05
2.92346 	0.0254084 	0.000237166 	5.54077e-05
2.92496 	0.0253853 	0.000234144 	5.55407e-05
2.92646 	0.0253496 	0.000230779 	5.56939e-05
2.92796 	0.0252974 	0.000226959 	5.58738e-05
2.92946 	0.0252451 	0.00022314 	5.60537e-05
2.93097 	0.0251929 	0.00021932 	5.62336e-05
2.93247 	0.0251406 	0.0002155 	5.64135e-05
2.93397 	0.0250631 	0.000210991 	5.66229e-05
2.93547 	0.0249837 	0.000206365 	5.68381e-05
2.93697 	0.0249153 	0.000200625 	5.71173e-05
2.93847 	0.0248488 	0.00019548 	5.73685e-05
2.93997 	0.0247862 	0.000191504 	5.75648e-05
2.94147 	0.0247237 	0.000187527 	5.7761e-05
2.94297 	0.0246611 	0.000183551 	5.79573e-05
2.94447 	0.0245989 	0.00017965 	5.81496e-05
2.94597 	0.0245437 	0.000177468 	5.82533e-05
2.94747 	0.0244936 	0.000174896 	5.83839e-05
2.94897 	0.0244523 	0.000171646 	5.85613e-05
2.95048 	0.0243994 	0.000168778 	5.87061e-05
2.95198 	0.0243443 	0.000165987 	5.88443e-05
2.95348 	0.0242892 	0.000163195 	5.89825e-05
2.95498 	0.0242341 	0.000160404 	5.91207e-05
2.95648 	0.0241688 	0.000157934 	5.92336e-05
2.95798 	0.024105 	0.000155332 	5.93549e-05
2.95948 	0.0240545 	0.000152048 	5.95241e-05
2.96098 	0.0239514 	0.000147949 	5.96217e-05
2.96248 	0.0238412 	0.00014374 	5.97095e-05
2.96398 	0.023731 	0.00013953 	5.97974e-05
2.96548 	0.0236191 	0.000135294 	5.98837e-05
2.96698 	0.0234527 	0.000130195 	5.99192e-05
2.96848 	0.0232928 	0.000124293 	5.99751e-05
2.96998 	0.023143 	0.00011887 	5.99779e-05
2.97149 	0.0230021 	0.000114529 	5.99013e-05
2.97299 	0.0228613 	0.000110188 	5.98247e-05
2.97449 	0.0227204 	0.000105847 	5.97481e-05
2.97599 	0.0225957 	0.000103088 	5.95879e-05
2.97749 	0.022482 	0.000100078 	5.93944e-05
2.97899 	0.0223602 	9.68808e-05 	5.91504e-05
2.98049 	0.0222245 	9.39276e-05 	5.88633e-05
2.98199 	0.0220888 	9.09744e-05 	5.85761e-05
2.98349 	0.0219514 	8.80531e-05 	5.82848e-05
2.98499 	0.0217921 	8.55467e-05 	5.794e-05
2.98649 	0.0216475 	8.21393e-05 	5.75373e-05
2.98799 	0.0214102 	7.84908e-05 	5.69101e-05
2.98949 	0.0211709 	7.48374e-05 	5.62779e-05
2.991 	0.0209315 	7.11839e-05 	5.56457e-05
2.9925 	0.0205806 	6.68546e-05 	5.47421e-05
2.994 	0.0200928 	6.04237e-05 	5.33663e-05
2.9955 	0.0161917 	4.73317e-05 	4.29933e-05
2.997 	0.0118662 	3.34682e-05 	3.15053e-05
2.9985 	0.00754062 	1.96047e-05 	2.00172e-05
3 	0 	0 	0
