0.858429 	-0.000162484 	0.000114548 	-1.53965e-06
0.85993 	-0.000344482 	0.000242848 	-3.26562e-06
0.861431 	-0.00052648 	0.000371147 	-4.99159e-06
0.862931 	-0.000708478 	0.000499446 	-6.71755e-06
0.864432 	-0.000868066 	0.000611809 	-8.34914e-06
0.865933 	-0.000989524 	0.000697083 	-9.6291e-06
0.867434 	-0.00111098 	0.000782357 	-1.09091e-05
0.868934 	-0.00123244 	0.000867631 	-1.2189e-05
0.870435 	-0.00134642 	0.000947571 	-1.37131e-05
0.871936 	-0.00141084 	0.000992633 	-1.41951e-05
0.873437 	-0.00146958 	0.00103382 	-1.48721e-05
0.874937 	-0.00152832 	0.00107501 	-1.5549e-05
0.876438 	-0.00158706 	0.0011162 	-1.6226e-05
0.877939 	-0.00164382 	0.00115618 	-1.71406e-05
0.87944 	-0.00169268 	0.00119138 	-1.74615e-05
0.88094 	-0.00173916 	0.00122568 	-1.7979e-05
0.882441 	-0.00178564 	0.00125999 	-1.84966e-05
0.883942 	-0.00183213 	0.00129429 	-1.90141e-05
0.885443 	-0.00187861 	0.0013286 	-1.95317e-05
0.886943 	-0.00192696 	0.001366 	-2.01401e-05
0.888444 	-0.00195827 	0.00139276 	-2.07385e-05
0.889945 	-0.00198957 	0.00141953 	-2.13369e-05
0.891446 	-0.00202088 	0.00144629 	-2.19352e-05
0.892946 	-0.00205219 	0.00147306 	-2.25336e-05
0.894447 	-0.00208349 	0.00149982 	-2.3132e-05
0.895948 	-0.00209983 	0.00151687 	-2.37533e-05
0.897449 	-0.0021049 	0.00152928 	-2.43929e-05
0.898949 	-0.00210997 	0.0015417 	-2.50324e-05
0.90045 	-0.00211504 	0.00155411 	-2.5672e-05
0.901951 	-0.00212011 	0.00156653 	-2.63116e-05
0.903452 	-0.00212518 	0.00157895 	-2.69511e-05
0.904952 	-0.00207961 	0.00157156 	-2.94673e-05
0.906453 	-0.00210002 	0.00158799 	-2.83879e-05
0.907954 	-0.00206618 	0.00158383 	-2.92683e-05
0.909455 	-0.00203235 	0.00157968 	-3.01487e-05
0.910955 	-0.00199852 	0.00157553 	-3.10291e-05
0.912456 	-0.00196468 	0.00157137 	-3.19095e-05
0.913957 	-0.00193085 	0.00156722 	-3.27899e-05
0.915458 	-0.00181771 	0.00153659 	-3.57707e-05
0.916958 	-0.00180142 	0.00153745 	-3.524e-05
0.918459 	-0.00173151 	0.00151949 	-3.64739e-05
0.91996 	-0.0016616 	0.00150153 	-3.77078e-05
0.921461 	-0.0015917 	0.00148357 	-3.89416e-05
0.922961 	-0.00152179 	0.00146561 	-4.01755e-05
0.924462 	-0.00145188 	0.00144765 	-4.14094e-05
0.925963 	-0.00136594 	0.00142503 	-4.30089e-05
0.927464 	-0.00128664 	0.00140382 	-4.41824e-05
0.928964 	-0.00118908 	0.00137783 	-4.58034e-05
0.930465 	-0.00109152 	0.00135183 	-4.74243e-05
0.931966 	-0.000993961 	0.00132584 	-4.90452e-05
0.933467 	-0.0008964 	0.00129985 	-5.06661e-05
0.934967 	-0.00079884 	0.00127386 	-5.2287e-05
0.936468 	-0.00070128 	0.00124786 	-5.39079e-05
0.937969 	-0.000576798 	0.00121598 	-5.59321e-05
0.93947 	-0.000454674 	0.00118453 	-5.79518e-05
0.94097 	-0.000336516 	0.00115474 	-5.98956e-05
0.942471 	-0.000203534 	0.00112176 	-6.20585e-05
0.943972 	-7.05523e-05 	0.00108878 	-6.42214e-05
0.945473 	6.24296e-05 	0.0010558 	-6.63843e-05
0.946973 	0.000195412 	0.00102283 	-6.85471e-05
0.948474 	0.000328393 	0.00098985 	-7.071e-05
0.949975 	0.000461375 	0.000956872 	-7.28729e-05
0.951476 	0.000764418 	0.000895818 	-7.65529e-05
0.952976 	0.000784841 	0.000881809 	-7.78535e-05
0.954477 	0.00097882 	0.000839502 	-8.06575e-05
0.955978 	0.0011728 	0.000797195 	-8.34615e-05
0.957479 	0.00136678 	0.000754888 	-8.62656e-05
0.958979 	0.00156076 	0.000712581 	-8.90696e-05
0.96048 	0.00175473 	0.000670274 	-9.18736e-05
0.961981 	0.00194871 	0.000627967 	-9.46776e-05
0.963482 	0.00214269 	0.00058566 	-9.74817e-05
0.964982 	0.00242879 	0.00053258 	-0.00010068
0.966483 	0.00261971 	0.000494075 	-0.000103273
0.967984 	0.00276142 	0.000462721 	-0.000105676
0.969485 	0.00298898 	0.000420799 	-0.000108509
0.970985 	0.00321655 	0.000378877 	-0.000111343
0.972486 	0.00344411 	0.000336955 	-0.000114177
0.973987 	0.00367167 	0.000295033 	-0.000117011
0.975488 	0.00389923 	0.000253111 	-0.000119844
0.976988 	0.00412679 	0.00021119 	-0.000122678
0.978489 	0.00435435 	0.000169268 	-0.000125512
0.97999 	0.00470544 	0.000117824 	-0.0001285
0.981491 	0.00494607 	8.01354e-05 	-0.000131091
0.982991 	0.00504756 	5.7843e-05 	-0.000133195
0.984492 	0.00528186 	2.50397e-05 	-0.000135425
0.985993 	0.00551616 	-7.76352e-06 	-0.000137656
0.987494 	0.00575046 	-4.05668e-05 	-0.000139887
0.988994 	0.00598476 	-7.337e-05 	-0.000142117
0.990495 	0.00621906 	-0.000106173 	-0.000144348
0.991996 	0.00645336 	-0.000138977 	-0.000146579
0.993497 	0.00668766 	-0.00017178 	-0.00014881
0.994997 	0.00692196 	-0.000204583 	-0.00015104
0.996498 	0.00740359 	-0.000247276 	-0.000152897
0.997999 	0.00750849 	-0.000268243 	-0.000154859
0.9995 	0.00766622 	-0.000289051 	-0.000156451
1.001 	0.00791365 	-0.000313482 	-0.000157859
1.0025 	0.00816109 	-0.000337913 	-0.000159266
1.004 	0.00840852 	-0.000362343 	-0.000160674
1.0055 	0.00865595 	-0.000386774 	-0.000162081
1.007 	0.00890339 	-0.000411205 	-0.000163489
1.0085 	0.00915082 	-0.000435635 	-0.000164897
1.01001 	0.00939825 	-0.000460066 	-0.000166304
1.01151 	0.00964568 	-0.000484496 	-0.000167712
1.01301 	0.00997708 	-0.00050888 	-0.000168816
1.01451 	0.0104285 	-0.000531258 	-0.000169279
1.01601 	0.010407 	-0.000545698 	-0.000170587
1.01751 	0.0106527 	-0.000560137 	-0.000171228
1.01901 	0.0108984 	-0.000574577 	-0.00017187
1.02051 	0.0111442 	-0.000589016 	-0.000172511
1.02201 	0.0113899 	-0.000603456 	-0.000173153
1.02351 	0.0116357 	-0.000617895 	-0.000173794
1.02501 	0.0118814 	-0.000632335 	-0.000174436
1.02651 	0.0121271 	-0.000646774 	-0.000175077
1.02801 	0.0123729 	-0.000661213 	-0.000175719
1.02951 	0.0126186 	-0.000675653 	-0.00017636
1.03102 	0.0128759 	-0.000689572 	-0.000176964
1.03252 	0.0133786 	-0.000692498 	-0.00017678
1.03402 	0.0134725 	-0.000703702 	-0.000177391
1.03552 	0.0135909 	-0.000712361 	-0.000177925
1.03702 	0.0138196 	-0.000716767 	-0.000178215
1.03852 	0.0140483 	-0.000721173 	-0.000178506
1.04002 	0.014277 	-0.00072558 	-0.000178797
1.04152 	0.0145057 	-0.000729986 	-0.000179088
1.04302 	0.0147344 	-0.000734392 	-0.000179379
1.04452 	0.0149631 	-0.000738798 	-0.000179669
1.04602 	0.0151919 	-0.000743204 	-0.00017996
1.04752 	0.0154206 	-0.00074761 	-0.000180251
1.04902 	0.0156493 	-0.000752017 	-0.000180542
1.05053 	0.015878 	-0.000756423 	-0.000180833
1.05203 	0.0162941 	-0.000743785 	-0.000180608
1.05353 	0.0164818 	-0.000744111 	-0.000180797
1.05503 	0.0165308 	-0.000752026 	-0.00018122
1.05653 	0.0167295 	-0.000748313 	-0.000181202
1.05803 	0.0169282 	-0.000744599 	-0.000181185
1.05953 	0.0171269 	-0.000740886 	-0.000181167
1.06103 	0.0173256 	-0.000737173 	-0.000181149
1.06253 	0.0175243 	-0.000733459 	-0.000181131
1.06403 	0.017723 	-0.000729746 	-0.000181114
1.06553 	0.0179217 	-0.000726033 	-0.000181096
1.06703 	0.0181204 	-0.00072232 	-0.000181078
1.06853 	0.0183191 	-0.000718606 	-0.00018106
1.07004 	0.0185178 	-0.000714893 	-0.000181043
1.07154 	0.0187227 	-0.000710288 	-0.000181002
1.07304 	0.0190484 	-0.000688184 	-0.000180517
1.07454 	0.0192414 	-0.00067885 	-0.000180219
1.07604 	0.0192877 	-0.000683624 	-0.000180127
1.07754 	0.0194233 	-0.000677699 	-0.0001799
1.07904 	0.0195846 	-0.000668681 	-0.000179634
1.08054 	0.019746 	-0.000659663 	-0.000179367
1.08204 	0.0199073 	-0.000650645 	-0.000179101
1.08354 	0.0200687 	-0.000641627 	-0.000178835
1.08504 	0.02023 	-0.000632609 	-0.000178569
1.08654 	0.0203914 	-0.000623591 	-0.000178303
1.08804 	0.0205527 	-0.000614573 	-0.000178037
1.08954 	0.0207141 	-0.000605555 	-0.000177771
1.09105 	0.0208754 	-0.000596537 	-0.000177505
1.09255 	0.0210368 	-0.000587519 	-0.000177239
1.09405 	0.0212132 	-0.000575259 	-0.000176943
1.09555 	0.02145 	-0.000549967 	-0.00017653
1.09705 	0.0216088 	-0.000535674 	-0.000176187
1.09855 	0.0216584 	-0.000536736 	-0.000175941
1.10005 	0.0217434 	-0.000531597 	-0.00017572
1.10155 	0.0218648 	-0.000520121 	-0.000175527
1.10305 	0.0219861 	-0.000508645 	-0.000175333
1.10455 	0.0221074 	-0.000497168 	-0.000175139
1.10605 	0.0222287 	-0.000485692 	-0.000174946
1.10755 	0.02235 	-0.000474216 	-0.000174752
1.10905 	0.0224713 	-0.00046274 	-0.000174558
1.11056 	0.0225926 	-0.000451263 	-0.000174364
1.11206 	0.0227139 	-0.000439787 	-0.000174171
1.11356 	0.0228352 	-0.000428311 	-0.000173977
1.11506 	0.0229566 	-0.000416835 	-0.000173783
1.11656 	0.0230779 	-0.000405359 	-0.00017359
1.11806 	0.023214 	-0.000388696 	-0.00017338
1.11956 	0.023372 	-0.000364405 	-0.000173149
1.12106 	0.0234843 	-0.000349036 	-0.000173024
1.12256 	0.0235251 	-0.000347586 	-0.000173066
1.12406 	0.0235754 	-0.000343944 	-0.000173058
1.12556 	0.0236592 	-0.000332492 	-0.000172874
1.12706 	0.0237429 	-0.000321039 	-0.000172691
1.12856 	0.0238267 	-0.000309587 	-0.000172507
1.13007 	0.0239105 	-0.000298135 	-0.000172324
1.13157 	0.0239943 	-0.000286682 	-0.000172141
1.13307 	0.024078 	-0.00027523 	-0.000171957
1.13457 	0.0241618 	-0.000263777 	-0.000171774
1.13607 	0.0242456 	-0.000252325 	-0.00017159
1.13757 	0.0243293 	-0.000240872 	-0.000171407
1.13907 	0.0244131 	-0.00022942 	-0.000171223
1.14057 	0.0244969 	-0.000217968 	-0.00017104
1.14207 	0.0245806 	-0.000206515 	-0.000170856
1.14357 	0.0246746 	-0.000189337 	-0.000170405
1.14507 	0.0247743 	-0.000168872 	-0.000169801
1.14657 	0.0248485 	-0.00015515 	-0.000169404
1.14807 	0.0248778 	-0.000153254 	-0.000169371
1.14957 	0.0249071 	-0.000151357 	-0.000169338
1.15108 	0.0249594 	-0.000142181 	-0.000168922
1.15258 	0.0250138 	-0.000132339 	-0.000168472
1.15408 	0.0250683 	-0.000122497 	-0.000168021
1.15558 	0.0251227 	-0.000112655 	-0.000167571
1.15708 	0.0251771 	-0.000102813 	-0.00016712
1.15858 	0.0252315 	-9.29711e-05 	-0.00016667
1.16008 	0.0252859 	-8.31292e-05 	-0.000166219
1.16158 	0.0253403 	-7.32873e-05 	-0.000165769
1.16308 	0.0253947 	-6.34454e-05 	-0.000165318
1.16458 	0.0254491 	-5.36036e-05 	-0.000164868
1.16608 	0.0255035 	-4.37617e-05 	-0.000164417
1.16758 	0.0255579 	-3.39198e-05 	-0.000163967
1.16908 	0.0256123 	-2.40779e-05 	-0.000163516
1.17059 	0.0256722 	-8.52663e-06 	-0.000162554
1.17209 	0.025733 	7.91929e-06 	-0.000161511
1.17359 	0.0257809 	1.9764e-05 	-0.000160712
1.17509 	0.0257997 	2.12387e-05 	-0.000160462
1.17659 	0.0258186 	2.27135e-05 	-0.000160212
1.17809 	0.0258456 	2.77024e-05 	-0.000159733
1.17959 	0.0258793 	3.54905e-05 	-0.000159071
1.18109 	0.0259129 	4.32786e-05 	-0.000158409
1.18259 	0.0259466 	5.10666e-05 	-0.000157747
1.18409 	0.0259802 	5.88547e-05 	-0.000157085
1.18559 	0.0260139 	6.66428e-05 	-0.000156423
1.18709 	0.0260475 	7.44309e-05 	-0.000155761
1.18859 	0.0260812 	8.2219e-05 	-0.000155099
1.1901 	0.0261148 	9.00071e-05 	-0.000154437
1.1916 	0.0261484 	9.77952e-05 	-0.000153775
1.1931 	0.0261821 	0.000105583 	-0.000153113
1.1946 	0.0262157 	0.000113371 	-0.000152451
1.1961 	0.0262494 	0.000121159 	-0.000151789
1.1976 	0.0262832 	0.000129309 	-0.000151092
1.1991 	0.0263196 	0.000142209 	-0.000149941
1.2006 	0.026356 	0.000155109 	-0.00014879
1.2021 	0.0263872 	0.000165544 	-0.000147807
1.2036 	0.026398 	0.000166118 	-0.000147496
1.2051 	0.0264088 	0.000166691 	-0.000147186
1.2066 	0.0264207 	0.000167872 	-0.000146822
1.2081 	0.0264408 	0.000173689 	-0.000146059
1.2096 	0.0264609 	0.000179506 	-0.000145296
1.21111 	0.0264809 	0.000185324 	-0.000144533
1.21261 	0.026501 	0.000191141 	-0.00014377
1.21411 	0.0265211 	0.000196958 	-0.000143007
1.21561 	0.0265412 	0.000202775 	-0.000142244
1.21711 	0.0265612 	0.000208593 	-0.000141481
1.21861 	0.0265813 	0.00021441 	-0.000140718
1.22011 	0.0266014 	0.000220227 	-0.000139955
1.22161 	0.0266215 	0.000226044 	-0.000139192
1.22311 	0.0266416 	0.000231861 	-0.000138429
1.22461 	0.0266616 	0.000237679 	-0.000137666
1.22611 	0.0266817 	0.000243496 	-0.000136903
1.22761 	0.0267023 	0.000250358 	-0.000136026
1.22911 	0.0267246 	0.000260581 	-0.000134786
1.23062 	0.0267468 	0.000270804 	-0.000133545
1.23212 	0.0267687 	0.000280781 	-0.000132323
1.23362 	0.0267743 	0.000280398 	-0.00013188
1.23512 	0.0267798 	0.000280016 	-0.000131437
1.23662 	0.0267853 	0.000279634 	-0.000130994
1.23812 	0.0267941 	0.000281695 	-0.000130395
1.23962 	0.0268051 	0.000285562 	-0.000129682
1.24112 	0.0268161 	0.000289429 	-0.000128969
1.24262 	0.0268272 	0.000293297 	-0.000128255
1.24412 	0.0268382 	0.000297164 	-0.000127542
1.24562 	0.0268493 	0.000301031 	-0.000126829
1.24712 	0.0268603 	0.000304898 	-0.000126115
1.24862 	0.0268713 	0.000308765 	-0.000125402
1.25013 	0.0268824 	0.000312633 	-0.000124689
1.25163 	0.0268934 	0.0003165 	-0.000123975
1.25313 	0.0269045 	0.000320367 	-0.000123262
1.25463 	0.0269155 	0.000324234 	-0.000122548
1.25613 	0.0269265 	0.000328101 	-0.000121835
1.25763 	0.0269376 	0.000331969 	-0.000121122
1.25913 	0.0269494 	0.000337217 	-0.0001203
1.26063 	0.0269626 	0.000344991 	-0.00011928
1.26213 	0.0269758 	0.000352765 	-0.000118261
1.26363 	0.0269891 	0.000360539 	-0.000117241
1.26513 	0.0269952 	0.000362004 	-0.000116565
1.26663 	0.0269992 	0.000361538 	-0.000115994
1.26813 	0.0270032 	0.000361072 	-0.000115423
1.26963 	0.0270071 	0.000360606 	-0.000114852
1.27114 	0.0270141 	0.000363288 	-0.000114124
1.27264 	0.0270213 	0.000366235 	-0.000113383
1.27414 	0.0270285 	0.000369182 	-0.000112642
1.27564 	0.0270357 	0.00037213 	-0.000111901
1.27714 	0.0270429 	0.000375077 	-0.00011116
1.27864 	0.0270501 	0.000378024 	-0.000110419
1.28014 	0.0270573 	0.000380971 	-0.000109678
1.28164 	0.0270645 	0.000383918 	-0.000108937
1.28314 	0.0270717 	0.000386866 	-0.000108196
1.28464 	0.0270789 	0.000389813 	-0.000107455
1.28614 	0.0270861 	0.00039276 	-0.000106714
1.28764 	0.0270933 	0.000395707 	-0.000105973
1.28914 	0.0271005 	0.000398655 	-0.000105232
1.29065 	0.0271077 	0.000401602 	-0.000104491
1.29215 	0.0271155 	0.000405865 	-0.000103646
1.29365 	0.027124 	0.00041198 	-0.000102656
1.29515 	0.0271326 	0.000418096 	-0.000101665
1.29665 	0.0271411 	0.000424212 	-0.000100674
1.29815 	0.0271477 	0.000427557 	-9.97594e-05
1.29965 	0.0271515 	0.000427124 	-9.89494e-05
1.30115 	0.0271554 	0.000426691 	-9.81395e-05
1.30265 	0.0271592 	0.000426258 	-9.73296e-05
1.30415 	0.0271634 	0.000426289 	-9.65001e-05
1.30565 	0.0271694 	0.000428889 	-9.55624e-05
1.30715 	0.0271755 	0.000431488 	-9.46247e-05
1.30865 	0.0271816 	0.000434087 	-9.3687e-05
1.31016 	0.0271877 	0.000436687 	-9.27494e-05
1.31166 	0.0271937 	0.000439286 	-9.18117e-05
1.31316 	0.0271998 	0.000441885 	-9.0874e-05
1.31466 	0.0272059 	0.000444485 	-8.99363e-05
1.31616 	0.027212 	0.000447084 	-8.89986e-05
1.31766 	0.027218 	0.000449683 	-8.8061e-05
1.31916 	0.0272241 	0.000452283 	-8.71233e-05
1.32066 	0.0272302 	0.000454882 	-8.61856e-05
1.32216 	0.0272363 	0.000457481 	-8.52479e-05
1.32366 	0.0272423 	0.000460081 	-8.43102e-05
1.32516 	0.0272484 	0.00046268 	-8.33726e-05
1.32666 	0.0272548 	0.000466487 	-8.23444e-05
1.32816 	0.0272618 	0.00047192 	-8.11944e-05
1.32966 	0.0272687 	0.000477354 	-8.00444e-05
1.33117 	0.0272756 	0.000482787 	-7.88944e-05
1.33267 	0.0272826 	0.00048822 	-7.77444e-05
1.33417 	0.0272856 	0.000487312 	-7.67375e-05
1.33567 	0.0272886 	0.000486397 	-7.57308e-05
1.33717 	0.0272916 	0.000485482 	-7.4724e-05
1.33867 	0.0272946 	0.000484567 	-7.37173e-05
1.34017 	0.0272982 	0.000484456 	-7.2721e-05
1.34167 	0.0273031 	0.000486497 	-7.17526e-05
1.34317 	0.0273081 	0.000488537 	-7.07842e-05
1.34467 	0.027313 	0.000490577 	-6.98158e-05
1.34617 	0.0273179 	0.000492618 	-6.88473e-05
1.34767 	0.0273229 	0.000494658 	-6.78789e-05
1.34917 	0.0273278 	0.000496698 	-6.69105e-05
1.35068 	0.0273328 	0.000498739 	-6.59421e-05
1.35218 	0.0273377 	0.000500779 	-6.49737e-05
1.35368 	0.0273427 	0.000502819 	-6.40053e-05
1.35518 	0.0273476 	0.00050486 	-6.30369e-05
1.35668 	0.0273525 	0.0005069 	-6.20685e-05
1.35818 	0.0273575 	0.00050894 	-6.11001e-05
1.35968 	0.0273624 	0.000510981 	-6.01317e-05
1.36118 	0.0273674 	0.000513021 	-5.91633e-05
1.36268 	0.0273728 	0.000516189 	-5.82316e-05
1.36418 	0.027379 	0.000521066 	-5.73557e-05
1.36568 	0.0273851 	0.000525944 	-5.64797e-05
1.36718 	0.0273913 	0.000530822 	-5.56037e-05
1.36868 	0.0273974 	0.000535699 	-5.47278e-05
1.37019 	0.027402 	0.000537496 	-5.3877e-05
1.37169 	0.027405 	0.00053628 	-5.30508e-05
1.37319 	0.027408 	0.000535063 	-5.22247e-05
1.37469 	0.0274109 	0.000533847 	-5.13985e-05
1.37619 	0.0274139 	0.00053263 	-5.05724e-05
1.37769 	0.0274174 	0.000532245 	-4.9756e-05
1.37919 	0.0274219 	0.000533866 	-4.89634e-05
1.38069 	0.0274265 	0.000535486 	-4.81708e-05
1.38219 	0.0274311 	0.000537107 	-4.73781e-05
1.38369 	0.0274357 	0.000538727 	-4.65855e-05
1.38519 	0.0274402 	0.000540348 	-4.57928e-05
1.38669 	0.0274448 	0.000541968 	-4.50002e-05
1.38819 	0.0274494 	0.000543588 	-4.42076e-05
1.38969 	0.027454 	0.000545209 	-4.34149e-05
1.3912 	0.0274585 	0.000546829 	-4.26223e-05
1.3927 	0.0274631 	0.00054845 	-4.18296e-05
1.3942 	0.0274677 	0.00055007 	-4.1037e-05
1.3957 	0.0274723 	0.000551691 	-4.02444e-05
1.3972 	0.0274768 	0.000553311 	-3.94517e-05
1.3987 	0.0274814 	0.000554932 	-3.86591e-05
1.4002 	0.0274864 	0.000557509 	-3.79162e-05
1.4017 	0.0274922 	0.000561868 	-3.72659e-05
1.4032 	0.0274979 	0.000566227 	-3.66157e-05
1.4047 	0.0275037 	0.000570586 	-3.59654e-05
1.4062 	0.0275095 	0.000574944 	-3.53151e-05
1.4077 	0.0275153 	0.000579303 	-3.46648e-05
1.4092 	0.0275187 	0.000578076 	-3.40671e-05
1.41071 	0.027522 	0.000576645 	-3.34713e-05
1.41221 	0.0275254 	0.000575214 	-3.28756e-05
1.41371 	0.0275287 	0.000573783 	-3.22798e-05
1.41521 	0.027532 	0.000572352 	-3.1684e-05
1.41671 	0.0275356 	0.000571551 	-3.10912e-05
1.41821 	0.0275398 	0.000572753 	-3.05078e-05
1.41971 	0.027544 	0.000573956 	-2.99244e-05
1.42121 	0.0275482 	0.000575158 	-2.9341e-05
1.42271 	0.0275524 	0.000576361 	-2.87576e-05
1.42421 	0.0275566 	0.000577563 	-2.81742e-05
1.42571 	0.0275608 	0.000578766 	-2.75908e-05
1.42721 	0.027565 	0.000579968 	-2.70074e-05
1.42871 	0.0275692 	0.000581171 	-2.6424e-05
1.43022 	0.0275734 	0.000582373 	-2.58405e-05
1.43172 	0.0275776 	0.000583576 	-2.52571e-05
1.43322 	0.0275819 	0.000584778 	-2.46737e-05
1.43472 	0.0275861 	0.000585981 	-2.40903e-05
1.43622 	0.0275903 	0.000587183 	-2.35069e-05
1.43772 	0.0275945 	0.000588386 	-2.29235e-05
1.43922 	0.0275988 	0.000590374 	-2.23607e-05
1.44072 	0.0276036 	0.000594096 	-2.18432e-05
1.44222 	0.0276083 	0.000597818 	-2.13258e-05
1.44372 	0.027613 	0.000601541 	-2.08083e-05
1.44522 	0.0276177 	0.000605263 	-2.02909e-05
1.44672 	0.0276224 	0.000608985 	-1.97735e-05
1.44822 	0.0276259 	0.000610371 	-1.93569e-05
1.44972 	0.0276275 	0.000608375 	-1.90863e-05
1.45123 	0.0276291 	0.000606378 	-1.88158e-05
1.45273 	0.0276307 	0.000604382 	-1.85453e-05
1.45423 	0.0276324 	0.000602386 	-1.82747e-05
1.45573 	0.027634 	0.000600389 	-1.80042e-05
1.45723 	0.027636 	0.000598811 	-1.77035e-05
1.45873 	0.0276401 	0.0005997 	-1.72247e-05
1.46023 	0.0276441 	0.00060059 	-1.67459e-05
1.46173 	0.0276482 	0.000601479 	-1.62671e-05
1.46323 	0.0276523 	0.000602369 	-1.57882e-05
1.46473 	0.0276564 	0.000603258 	-1.53094e-05
1.46623 	0.0276605 	0.000604147 	-1.48306e-05
1.46773 	0.0276645 	0.000605037 	-1.43518e-05
1.46923 	0.0276686 	0.000605926 	-1.3873e-05
1.47074 	0.0276727 	0.000606816 	-1.33942e-05
1.47224 	0.0276768 	0.000607705 	-1.29153e-05
1.47374 	0.0276809 	0.000608595 	-1.24365e-05
1.47524 	0.027685 	0.000609484 	-1.19577e-05
1.47674 	0.027689 	0.000610373 	-1.14789e-05
1.47824 	0.0276931 	0.000611263 	-1.10001e-05
1.47974 	0.0276978 	0.000612695 	-1.04703e-05
1.48124 	0.0277037 	0.000615263 	-9.83362e-06
1.48274 	0.0277096 	0.00061783 	-9.19698e-06
1.48424 	0.0277155 	0.000620398 	-8.56033e-06
1.48574 	0.0277215 	0.000622966 	-7.92368e-06
1.48724 	0.0277274 	0.000625534 	-7.28703e-06
1.48874 	0.0277333 	0.000628102 	-6.65038e-06
1.49025 	0.0277365 	0.000627695 	-6.30589e-06
1.49175 	0.0277393 	0.000626876 	-6.00185e-06
1.49325 	0.0277421 	0.000626057 	-5.69781e-06
1.49475 	0.0277449 	0.000625238 	-5.39378e-06
1.49625 	0.0277477 	0.00062442 	-5.08974e-06
1.49775 	0.0277505 	0.000623601 	-4.78571e-06
1.49925 	0.0277534 	0.000622869 	-4.4717e-06
1.50075 	0.027758 	0.000623585 	-3.99132e-06
1.50225 	0.0277626 	0.000624302 	-3.51094e-06
1.50375 	0.0277672 	0.000625019 	-3.03055e-06
1.50525 	0.0277717 	0.000625735 	-2.55017e-06
1.50675 	0.0277763 	0.000626452 	-2.06978e-06
1.50825 	0.0277809 	0.000627169 	-1.5894e-06
1.50975 	0.0277855 	0.000627886 	-1.10902e-06
1.51126 	0.0277901 	0.000628602 	-6.28634e-07
1.51276 	0.0277947 	0.000629319 	-1.4825e-07
1.51426 	0.0277993 	0.000630036 	3.32134e-07
1.51576 	0.0278039 	0.000630752 	8.12518e-07
1.51726 	0.0278084 	0.000631469 	1.2929e-06
1.51876 	0.027813 	0.000632186 	1.77329e-06
1.52026 	0.0278176 	0.000632903 	2.25367e-06
1.52176 	0.0278225 	0.000633721 	2.76521e-06
1.52326 	0.0278279 	0.000634673 	3.31768e-06
1.52476 	0.0278332 	0.000635625 	3.87015e-06
1.52626 	0.0278385 	0.000636577 	4.42262e-06
1.52776 	0.0278439 	0.000637529 	4.97509e-06
1.52926 	0.0278492 	0.000638481 	5.52756e-06
1.53077 	0.0278545 	0.000639433 	6.08003e-06
1.53227 	0.0278594 	0.00064009 	6.58263e-06
1.53377 	0.0278637 	0.000640353 	7.01833e-06
1.53527 	0.0278679 	0.000640615 	7.45404e-06
1.53677 	0.0278722 	0.000640878 	7.88974e-06
1.53827 	0.0278765 	0.00064114 	8.32545e-06
1.53977 	0.0278808 	0.000641402 	8.76115e-06
1.54127 	0.027885 	0.000641665 	9.19686e-06
1.54277 	0.0278893 	0.000641934 	9.63355e-06
1.54427 	0.0278945 	0.000642418 	1.01012e-05
1.54577 	0.0278996 	0.000642902 	1.05689e-05
1.54727 	0.0279048 	0.000643386 	1.10365e-05
1.54877 	0.0279099 	0.00064387 	1.15042e-05
1.55028 	0.027915 	0.000644354 	1.19718e-05
1.55178 	0.0279202 	0.000644838 	1.24395e-05
1.55328 	0.0279253 	0.000645322 	1.29072e-05
1.55478 	0.0279304 	0.000645806 	1.33748e-05
1.55628 	0.0279356 	0.00064629 	1.38425e-05
1.55778 	0.0279407 	0.000646774 	1.43101e-05
1.55928 	0.0279459 	0.000647257 	1.47778e-05
1.56078 	0.027951 	0.000647741 	1.52454e-05
1.56228 	0.0279561 	0.000648225 	1.57131e-05
1.56378 	0.0279613 	0.000648709 	1.61808e-05
1.56528 	0.0279667 	0.000649315 	1.66267e-05
1.56678 	0.0279723 	0.000649974 	1.70632e-05
1.56828 	0.0279778 	0.000650634 	1.74998e-05
1.56978 	0.0279834 	0.000651293 	1.79363e-05
1.57129 	0.0279889 	0.000651952 	1.83728e-05
1.57279 	0.0279945 	0.000652611 	1.88094e-05
1.57429 	0.0280001 	0.00065327 	1.92459e-05
1.57579 	0.0280056 	0.000653862 	1.96849e-05
1.57729 	0.028011 	0.000653951 	2.01425e-05
1.57879 	0.0280165 	0.000654041 	2.06002e-05
1.58029 	0.0280219 	0.00065413 	2.10578e-05
1.58179 	0.0280273 	0.00065422 	2.15154e-05
1.58329 	0.0280328 	0.000654309 	2.1973e-05
1.58479 	0.0280382 	0.000654399 	2.24306e-05
1.58629 	0.0280436 	0.000654488 	2.28882e-05
1.58779 	0.028049 	0.000654608 	2.33262e-05
1.58929 	0.028054 	0.000654918 	2.36411e-05
1.5908 	0.028059 	0.000655228 	2.39559e-05
1.5923 	0.0280641 	0.000655538 	2.42708e-05
1.5938 	0.0280691 	0.000655848 	2.45856e-05
1.5953 	0.0280741 	0.000656158 	2.49005e-05
1.5968 	0.0280791 	0.000656468 	2.52153e-05
1.5983 	0.0280841 	0.000656778 	2.55302e-05
1.5998 	0.0280891 	0.000657088 	2.5845e-05
1.6013 	0.0280941 	0.000657398 	2.61599e-05
1.6028 	0.0280991 	0.000657708 	2.64747e-05
1.6043 	0.0281041 	0.000658018 	2.67896e-05
1.6058 	0.0281092 	0.000658328 	2.71044e-05
1.6073 	0.0281142 	0.000658638 	2.74193e-05
1.6088 	0.0281192 	0.000658982 	2.77038e-05
1.61031 	0.0281246 	0.000659477 	2.78567e-05
1.61181 	0.0281299 	0.000659971 	2.80095e-05
1.61331 	0.0281353 	0.000660465 	2.81624e-05
1.61481 	0.0281407 	0.000660959 	2.83152e-05
1.61631 	0.028146 	0.000661453 	2.8468e-05
1.61781 	0.0281514 	0.000661948 	2.86209e-05
1.61931 	0.0281567 	0.000662442 	2.87737e-05
1.62081 	0.0281621 	0.000662925 	2.89285e-05
1.62231 	0.0281686 	0.000662952 	2.91615e-05
1.62381 	0.0281751 	0.000662979 	2.93945e-05
1.62531 	0.0281816 	0.000663006 	2.96275e-05
1.62681 	0.0281881 	0.000663034 	2.98605e-05
1.62831 	0.0281946 	0.000663061 	3.00935e-05
1.62981 	0.028201 	0.000663088 	3.03264e-05
1.63132 	0.0282075 	0.000663116 	3.05594e-05
1.63282 	0.028214 	0.000663143 	3.07924e-05
1.63432 	0.02822 	0.000663235 	3.09675e-05
1.63582 	0.0282255 	0.000663406 	3.10731e-05
1.63732 	0.0282309 	0.000663577 	3.11787e-05
1.63882 	0.0282363 	0.000663748 	3.12842e-05
1.64032 	0.0282417 	0.000663918 	3.13898e-05
1.64182 	0.0282471 	0.000664089 	3.14953e-05
1.64332 	0.0282525 	0.00066426 	3.16009e-05
1.64482 	0.0282579 	0.000664431 	3.17064e-05
1.64632 	0.0282634 	0.000664602 	3.1812e-05
1.64782 	0.0282688 	0.000664772 	3.19176e-05
1.64932 	0.0282742 	0.000664943 	3.20231e-05
1.65083 	0.0282796 	0.000665114 	3.21287e-05
1.65233 	0.028285 	0.000665285 	3.22342e-05
1.65383 	0.0282904 	0.000665455 	3.23398e-05
1.65533 	0.0282955 	0.000665701 	3.2276e-05
1.65683 	0.0283005 	0.000665949 	3.22083e-05
1.65833 	0.0283055 	0.000666197 	3.21407e-05
1.65983 	0.0283106 	0.000666445 	3.20731e-05
1.66133 	0.0283156 	0.000666693 	3.20055e-05
1.66283 	0.0283206 	0.000666941 	3.19378e-05
1.66433 	0.0283257 	0.000667189 	3.18702e-05
1.66583 	0.0283307 	0.000667437 	3.18026e-05
1.66733 	0.0283362 	0.000667592 	3.17506e-05
1.66883 	0.0283433 	0.000667436 	3.17511e-05
1.67034 	0.0283504 	0.00066728 	3.17515e-05
1.67184 	0.0283575 	0.000667125 	3.1752e-05
1.67334 	0.0283646 	0.000666969 	3.17525e-05
1.67484 	0.0283717 	0.000666813 	3.1753e-05
1.67634 	0.0283788 	0.000666657 	3.17534e-05
1.67784 	0.0283859 	0.000666502 	3.17539e-05
1.67934 	0.028393 	0.000666346 	3.17544e-05
1.68084 	0.0284 	0.000666203 	3.1753e-05
1.68234 	0.0284058 	0.000666217 	3.17289e-05
1.68384 	0.0284116 	0.000666232 	3.17048e-05
1.68534 	0.0284174 	0.000666247 	3.16807e-05
1.68684 	0.0284233 	0.000666262 	3.16566e-05
1.68834 	0.0284291 	0.000666277 	3.16325e-05
1.68984 	0.0284349 	0.000666292 	3.16084e-05
1.69135 	0.0284407 	0.000666306 	3.15843e-05
1.69285 	0.0284465 	0.000666321 	3.15602e-05
1.69435 	0.0284523 	0.000666336 	3.15361e-05
1.69585 	0.0284582 	0.000666351 	3.1512e-05
1.69735 	0.028464 	0.000666366 	3.14879e-05
1.69885 	0.0284698 	0.000666381 	3.14638e-05
1.70035 	0.0284754 	0.000666412 	3.14332e-05
1.70185 	0.02848 	0.000666531 	3.13676e-05
1.70335 	0.0284846 	0.00066665 	3.13019e-05
1.70485 	0.0284892 	0.000666769 	3.12363e-05
1.70635 	0.0284939 	0.000666889 	3.11707e-05
1.70785 	0.0284985 	0.000667008 	3.1105e-05
1.70935 	0.0285031 	0.000667127 	3.10394e-05
1.71086 	0.0285077 	0.000667246 	3.09738e-05
1.71236 	0.0285123 	0.000667365 	3.09081e-05
1.71386 	0.0285169 	0.000667484 	3.08425e-05
1.71536 	0.0285214 	0.00066736 	3.07565e-05
1.71686 	0.0285258 	0.000667184 	3.06663e-05
1.71836 	0.0285303 	0.000667008 	3.05761e-05
1.71986 	0.0285347 	0.000666832 	3.04858e-05
1.72136 	0.0285392 	0.000666656 	3.03956e-05
1.72286 	0.0285436 	0.000666481 	3.03054e-05
1.72436 	0.0285481 	0.000666305 	3.02152e-05
1.72586 	0.0285525 	0.000666129 	3.01249e-05
1.72736 	0.0285569 	0.000665953 	3.00347e-05
1.72886 	0.0285615 	0.000665784 	2.99523e-05
1.73037 	0.0285676 	0.000665686 	2.99454e-05
1.73187 	0.0285736 	0.000665587 	2.99386e-05
1.73337 	0.0285796 	0.000665488 	2.99318e-05
1.73487 	0.0285857 	0.000665389 	2.9925e-05
1.73637 	0.0285917 	0.00066529 	2.99182e-05
1.73787 	0.0285977 	0.000665191 	2.99114e-05
1.73937 	0.0286037 	0.000665093 	2.99046e-05
1.74087 	0.0286098 	0.000664994 	2.98978e-05
1.74237 	0.0286158 	0.000664895 	2.9891e-05
1.74387 	0.0286218 	0.000664796 	2.98841e-05
1.74537 	0.0286279 	0.000664697 	2.98773e-05
1.74687 	0.0286339 	0.000664598 	2.98705e-05
1.74837 	0.0286408 	0.000664568 	2.99588e-05
1.74987 	0.0286479 	0.000664553 	3.00686e-05
1.75138 	0.028655 	0.000664539 	3.01784e-05
1.75288 	0.0286622 	0.000664524 	3.02882e-05
1.75438 	0.0286693 	0.00066451 	3.03981e-05
1.75588 	0.0286764 	0.000664495 	3.05079e-05
1.75738 	0.0286835 	0.00066448 	3.06177e-05
1.75888 	0.0286906 	0.000664466 	3.07276e-05
1.76038 	0.0286977 	0.000664451 	3.08374e-05
1.76188 	0.0287049 	0.000664436 	3.09472e-05
1.76338 	0.028711 	0.000664179 	3.10198e-05
1.76488 	0.0287171 	0.0006639 	3.10891e-05
1.76638 	0.0287232 	0.00066362 	3.11584e-05
1.76788 	0.0287293 	0.000663341 	3.12276e-05
1.76938 	0.0287354 	0.000663062 	3.12969e-05
1.77089 	0.0287415 	0.000662783 	3.13662e-05
1.77239 	0.0287475 	0.000662503 	3.14354e-05
1.77389 	0.0287536 	0.000662224 	3.15047e-05
1.77539 	0.0287597 	0.000661945 	3.1574e-05
1.77689 	0.0287658 	0.000661665 	3.16433e-05
1.77839 	0.0287724 	0.000661436 	3.17323e-05
1.77989 	0.0287793 	0.000661238 	3.18333e-05
1.78139 	0.0287862 	0.000661039 	3.19342e-05
1.78289 	0.0287931 	0.00066084 	3.20352e-05
1.78439 	0.0288 	0.000660642 	3.21361e-05
1.78589 	0.0288069 	0.000660443 	3.22371e-05
1.78739 	0.0288138 	0.000660244 	3.2338e-05
1.78889 	0.0288207 	0.000660045 	3.2439e-05
1.7904 	0.0288276 	0.000659847 	3.25399e-05
1.7919 	0.0288345 	0.000659648 	3.26409e-05
1.7934 	0.0288414 	0.000659449 	3.27419e-05
1.7949 	0.0288484 	0.000659256 	3.28448e-05
1.7964 	0.0288554 	0.000659161 	3.29813e-05
1.7979 	0.0288624 	0.000659065 	3.31178e-05
1.7994 	0.0288695 	0.00065897 	3.32544e-05
1.8009 	0.0288765 	0.000658874 	3.33909e-05
1.8024 	0.0288836 	0.000658779 	3.35275e-05
1.8039 	0.0288906 	0.000658683 	3.3664e-05
1.8054 	0.0288977 	0.000658588 	3.38005e-05
1.8069 	0.0289047 	0.000658492 	3.39371e-05
1.8084 	0.0289118 	0.000658397 	3.40736e-05
1.8099 	0.0289188 	0.000658301 	3.42101e-05
1.81141 	0.028926 	0.000658021 	3.43471e-05
1.81291 	0.0289332 	0.000657622 	3.44842e-05
1.81441 	0.0289405 	0.000657223 	3.46214e-05
1.81591 	0.0289478 	0.000656824 	3.47586e-05
1.81741 	0.028955 	0.000656425 	3.48958e-05
1.81891 	0.0289623 	0.000656026 	3.5033e-05
1.82041 	0.0289695 	0.000655627 	3.51702e-05
1.82191 	0.0289768 	0.000655228 	3.53074e-05
1.82341 	0.0289841 	0.000654829 	3.54446e-05
1.82491 	0.0289913 	0.00065443 	3.55817e-05
1.82641 	0.0289986 	0.000654031 	3.57189e-05
1.82791 	0.0290057 	0.000653694 	3.58457e-05
1.82941 	0.0290128 	0.000653374 	3.59695e-05
1.83092 	0.02902 	0.000653054 	3.60933e-05
1.83242 	0.0290271 	0.000652734 	3.62172e-05
1.83392 	0.0290342 	0.000652415 	3.6341e-05
1.83542 	0.0290413 	0.000652095 	3.64648e-05
1.83692 	0.0290484 	0.000651775 	3.65887e-05
1.83842 	0.0290555 	0.000651455 	3.67125e-05
1.83992 	0.0290626 	0.000651136 	3.68363e-05
1.84142 	0.0290698 	0.000650816 	3.69602e-05
1.84292 	0.0290769 	0.000650496 	3.7084e-05
1.84442 	0.0290839 	0.00065021 	3.71924e-05
1.84592 	0.0290909 	0.000649923 	3.73005e-05
1.84742 	0.0290979 	0.000649637 	3.74087e-05
1.84892 	0.0291049 	0.000649351 	3.75168e-05
1.85043 	0.0291119 	0.000649065 	3.76249e-05
1.85193 	0.0291189 	0.000648778 	3.77331e-05
1.85343 	0.0291259 	0.000648492 	3.78412e-05
1.85493 	0.0291329 	0.000648206 	3.79494e-05
1.85643 	0.0291399 	0.00064792 	3.80575e-05
1.85793 	0.029147 	0.000647634 	3.81656e-05
1.85943 	0.029154 	0.000647345 	3.82737e-05
1.86093 	0.029161 	0.00064685 	3.83766e-05
1.86243 	0.029168 	0.000646356 	3.84794e-05
1.86393 	0.0291751 	0.000645862 	3.85823e-05
1.86543 	0.0291821 	0.000645367 	3.86852e-05
1.86693 	0.0291891 	0.000644873 	3.87881e-05
1.86843 	0.0291962 	0.000644379 	3.88909e-05
1.86993 	0.0292032 	0.000643885 	3.89938e-05
1.87144 	0.0292102 	0.00064339 	3.90967e-05
1.87294 	0.0292173 	0.000642896 	3.91995e-05
1.87444 	0.0292243 	0.000642402 	3.93024e-05
1.87594 	0.0292313 	0.000641907 	3.94053e-05
1.87744 	0.0292378 	0.000641497 	3.95359e-05
1.87894 	0.0292439 	0.000641125 	3.96794e-05
1.88044 	0.0292501 	0.000640753 	3.98228e-05
1.88194 	0.0292563 	0.00064038 	3.99663e-05
1.88344 	0.0292624 	0.000640008 	4.01097e-05
1.88494 	0.0292686 	0.000639636 	4.02532e-05
1.88644 	0.0292747 	0.000639264 	4.03966e-05
1.88794 	0.0292809 	0.000638892 	4.054e-05
1.88944 	0.0292871 	0.00063852 	4.06835e-05
1.89095 	0.0292932 	0.000638147 	4.08269e-05
1.89245 	0.0292993 	0.000637774 	4.10315e-05
1.89395 	0.0293055 	0.000637399 	4.12612e-05
1.89545 	0.0293116 	0.000637024 	4.14909e-05
1.89695 	0.0293177 	0.00063665 	4.17206e-05
1.89845 	0.0293238 	0.000636275 	4.19503e-05
1.89995 	0.0293299 	0.000635901 	4.218e-05
1.90145 	0.0293361 	0.000635526 	4.24097e-05
1.90295 	0.0293422 	0.000635151 	4.26394e-05
1.90445 	0.0293483 	0.000634777 	4.28692e-05
1.90595 	0.0293544 	0.000634402 	4.30989e-05
1.90745 	0.0293605 	0.000634028 	4.33286e-05
1.90895 	0.029367 	0.000633585 	4.35659e-05
1.91046 	0.0293743 	0.00063294 	4.38262e-05
1.91196 	0.0293816 	0.000632295 	4.40864e-05
1.91346 	0.0293889 	0.000631649 	4.43467e-05
1.91496 	0.0293963 	0.000631004 	4.46069e-05
1.91646 	0.0294036 	0.000630359 	4.48672e-05
1.91796 	0.0294109 	0.000629713 	4.51274e-05
1.91946 	0.0294182 	0.000629068 	4.53876e-05
1.92096 	0.0294255 	0.000628423 	4.56479e-05
1.92246 	0.0294329 	0.000627777 	4.59081e-05
1.92396 	0.0294402 	0.000627132 	4.61684e-05
1.92546 	0.0294475 	0.000626487 	4.64286e-05
1.92696 	0.0294541 	0.000625948 	4.66733e-05
1.92846 	0.0294599 	0.000625534 	4.68998e-05
1.92996 	0.0294656 	0.000625119 	4.71263e-05
1.93147 	0.0294714 	0.000624705 	4.73528e-05
1.93297 	0.0294772 	0.000624291 	4.75793e-05
1.93447 	0.0294829 	0.000623876 	4.78058e-05
1.93597 	0.0294887 	0.000623462 	4.80322e-05
1.93747 	0.0294944 	0.000623048 	4.82587e-05
1.93897 	0.0295002 	0.000622633 	4.84852e-05
1.94047 	0.0295057 	0.000622263 	4.87161e-05
1.94197 	0.0295106 	0.000621978 	4.89552e-05
1.94347 	0.0295156 	0.000621693 	4.91943e-05
1.94497 	0.0295205 	0.000621408 	4.94335e-05
1.94647 	0.0295255 	0.000621122 	4.96726e-05
1.94797 	0.0295304 	0.000620837 	4.99117e-05
1.94947 	0.0295354 	0.000620552 	5.01509e-05
1.95098 	0.0295403 	0.000620266 	5.039e-05
1.95248 	0.0295453 	0.000619981 	5.06291e-05
1.95398 	0.0295502 	0.000619696 	5.08683e-05
1.95548 	0.0295552 	0.00061941 	5.11074e-05
1.95698 	0.0295601 	0.000619125 	5.13465e-05
1.95848 	0.0295651 	0.000618779 	5.15767e-05
1.95998 	0.0295701 	0.000618357 	5.17956e-05
1.96148 	0.0295751 	0.000617934 	5.20145e-05
1.96298 	0.0295801 	0.000617512 	5.22334e-05
1.96448 	0.0295851 	0.000617089 	5.24523e-05
1.96598 	0.0295902 	0.000616667 	5.26712e-05
1.96748 	0.0295952 	0.000616244 	5.28901e-05
1.96898 	0.0296002 	0.000615821 	5.3109e-05
1.97049 	0.0296052 	0.000615399 	5.33279e-05
1.97199 	0.0296102 	0.000614976 	5.35468e-05
1.97349 	0.0296152 	0.000614554 	5.37657e-05
1.97499 	0.0296202 	0.000614131 	5.39846e-05
1.97649 	0.0296256 	0.000613688 	5.42204e-05
1.97799 	0.0296321 	0.000613177 	5.45101e-05
1.97949 	0.0296387 	0.000612666 	5.47998e-05
1.98099 	0.0296452 	0.000612155 	5.50894e-05
1.98249 	0.0296517 	0.000611645 	5.53791e-05
1.98399 	0.0296583 	0.000611134 	5.56688e-05
1.98549 	0.0296648 	0.000610623 	5.59584e-05
1.98699 	0.0296713 	0.000610112 	5.62481e-05
1.98849 	0.0296779 	0.000609601 	5.65381e-05
1.98999 	0.0296853 	0.000609045 	5.6881e-05
1.9915 	0.0296927 	0.000608489 	5.72239e-05
1.993 	0.0297001 	0.000607933 	5.75668e-05
1.9945 	0.0297076 	0.000607377 	5.79097e-05
1.996 	0.029715 	0.000606821 	5.82527e-05
1.9975 	0.0297224 	0.000606265 	5.85956e-05
1.999 	0.0297299 	0.000605709 	5.89385e-05
2.0005 	0.0297373 	0.000605153 	5.92814e-05
2.002 	0.0297447 	0.000604597 	5.96243e-05
2.0035 	0.0297521 	0.000604041 	5.99672e-05
2.005 	0.0297596 	0.000603485 	6.03101e-05
2.0065 	0.029767 	0.000602929 	6.0653e-05
2.008 	0.0297738 	0.000602354 	6.09515e-05
2.0095 	0.0297802 	0.000601772 	6.12314e-05
2.01101 	0.0297867 	0.00060119 	6.15112e-05
2.01251 	0.0297932 	0.000600608 	6.17911e-05
2.01401 	0.0297996 	0.000600026 	6.20709e-05
2.01551 	0.0298061 	0.000599444 	6.23508e-05
2.01701 	0.0298126 	0.000598862 	6.26306e-05
2.01851 	0.029819 	0.00059828 	6.29105e-05
2.02001 	0.0298255 	0.000597698 	6.31903e-05
2.02151 	0.0298319 	0.000597116 	6.34702e-05
2.02301 	0.0298384 	0.000596534 	6.375e-05
2.02451 	0.0298449 	0.000595952 	6.40299e-05
2.02601 	0.0298514 	0.000595366 	6.43124e-05
2.02751 	0.0298584 	0.000594757 	6.46109e-05
2.02901 	0.0298655 	0.000594148 	6.49094e-05
2.03052 	0.0298725 	0.000593539 	6.52079e-05
2.03202 	0.0298795 	0.00059293 	6.55063e-05
2.03352 	0.0298865 	0.000592321 	6.58048e-05
2.03502 	0.0298936 	0.000591712 	6.61033e-05
2.03652 	0.0299006 	0.000591102 	6.64018e-05
2.03802 	0.0299074 	0.000590518 	6.66873e-05
2.03952 	0.0299142 	0.000589939 	6.69698e-05
2.04102 	0.029921 	0.000589361 	6.72523e-05
2.04252 	0.0299277 	0.000588782 	6.75347e-05
2.04402 	0.0299345 	0.000588204 	6.78172e-05
2.04552 	0.0299413 	0.000587625 	6.80996e-05
2.04702 	0.0299481 	0.000587046 	6.83821e-05
2.04852 	0.0299549 	0.000586468 	6.86646e-05
2.05003 	0.0299616 	0.000585889 	6.8947e-05
2.05153 	0.0299684 	0.00058531 	6.92295e-05
2.05303 	0.0299752 	0.000584732 	6.9512e-05
2.05453 	0.029982 	0.000584153 	6.97944e-05
2.05603 	0.0299888 	0.000583551 	7.00796e-05
2.05753 	0.0299959 	0.000582827 	7.03787e-05
2.05903 	0.030003 	0.000582103 	7.06778e-05
2.06053 	0.0300101 	0.000581378 	7.0977e-05
2.06203 	0.0300172 	0.000580654 	7.12761e-05
2.06353 	0.0300243 	0.00057993 	7.15752e-05
2.06503 	0.0300314 	0.000579206 	7.18744e-05
2.06653 	0.0300385 	0.000578481 	7.21735e-05
2.06803 	0.0300456 	0.000577757 	7.24727e-05
2.06953 	0.0300527 	0.000577033 	7.27718e-05
2.07104 	0.0300598 	0.000576308 	7.30709e-05
2.07254 	0.0300669 	0.000575584 	7.33701e-05
2.07404 	0.030074 	0.00057486 	7.36692e-05
2.07554 	0.030081 	0.000574155 	7.39418e-05
2.07704 	0.0300878 	0.000573495 	7.41519e-05
2.07854 	0.0300947 	0.000572836 	7.43619e-05
2.08004 	0.0301015 	0.000572176 	7.4572e-05
2.08154 	0.0301083 	0.000571517 	7.4782e-05
2.08304 	0.0301151 	0.000570857 	7.49921e-05
2.08454 	0.0301219 	0.000570198 	7.52021e-05
2.08604 	0.0301285 	0.000569562 	7.53267e-05
2.08754 	0.030135 	0.00056893 	7.54375e-05
2.08904 	0.0301416 	0.000568298 	7.55484e-05
2.09055 	0.0301481 	0.000567666 	7.56593e-05
2.09205 	0.0301547 	0.000567034 	7.57702e-05
2.09355 	0.0301612 	0.000566402 	7.5881e-05
2.09505 	0.0301678 	0.00056577 	7.59919e-05
2.09655 	0.0301743 	0.000565138 	7.61028e-05
2.09805 	0.0301809 	0.000564506 	7.62136e-05
2.09955 	0.0301874 	0.000563874 	7.63245e-05
2.10105 	0.030194 	0.000563242 	7.64354e-05
2.10255 	0.0302005 	0.00056261 	7.65463e-05
2.10405 	0.0302071 	0.000561978 	7.66571e-05
2.10555 	0.0302136 	0.000561275 	7.67894e-05
2.10705 	0.0302202 	0.000560566 	7.69232e-05
2.10855 	0.0302268 	0.000559858 	7.70571e-05
2.11006 	0.0302334 	0.00055915 	7.7191e-05
2.11156 	0.0302399 	0.000558441 	7.73249e-05
2.11306 	0.0302465 	0.000557733 	7.74588e-05
2.11456 	0.0302531 	0.000557025 	7.75927e-05
2.11606 	0.0302597 	0.000556316 	7.77266e-05
2.11756 	0.0302662 	0.000555608 	7.78605e-05
2.11906 	0.0302728 	0.000554899 	7.79944e-05
2.12056 	0.0302794 	0.000554191 	7.81283e-05
2.12206 	0.0302859 	0.000553483 	7.82622e-05
2.12356 	0.0302925 	0.000552774 	7.83961e-05
2.12506 	0.030298 	0.0005522 	7.84679e-05
2.12656 	0.0303033 	0.000551653 	7.85266e-05
2.12806 	0.0303086 	0.000551107 	7.85853e-05
2.12956 	0.0303139 	0.00055056 	7.8644e-05
2.13107 	0.0303192 	0.000550014 	7.87028e-05
2.13257 	0.0303243 	0.000549476 	7.87323e-05
2.13407 	0.030329 	0.000548962 	7.86858e-05
2.13557 	0.0303336 	0.000548448 	7.86392e-05
2.13707 	0.0303383 	0.000547934 	7.85926e-05
2.13857 	0.0303429 	0.000547421 	7.8546e-05
2.14007 	0.0303476 	0.000546907 	7.84994e-05
2.14157 	0.0303523 	0.000546393 	7.84529e-05
2.14307 	0.0303569 	0.000545879 	7.84063e-05
2.14457 	0.0303616 	0.000545365 	7.83597e-05
2.14607 	0.0303663 	0.000544851 	7.83131e-05
2.14757 	0.0303709 	0.000544337 	7.82665e-05
2.14907 	0.0303756 	0.000543823 	7.82199e-05
2.15058 	0.0303802 	0.00054331 	7.81734e-05
2.15208 	0.0303848 	0.000542802 	7.81303e-05
2.15358 	0.0303888 	0.000542342 	7.81134e-05
2.15508 	0.0303928 	0.000541882 	7.80965e-05
2.15658 	0.0303968 	0.000541422 	7.80796e-05
2.15808 	0.0304008 	0.000540962 	7.80627e-05
2.15958 	0.0304048 	0.000540502 	7.80458e-05
2.16108 	0.0304087 	0.000540042 	7.80289e-05
2.16258 	0.0304127 	0.000539582 	7.8012e-05
2.16408 	0.0304167 	0.000539122 	7.79952e-05
2.16558 	0.0304207 	0.000538662 	7.79783e-05
2.16708 	0.0304247 	0.000538202 	7.79614e-05
2.16858 	0.0304287 	0.000537742 	7.79445e-05
2.17009 	0.0304327 	0.000537282 	7.79276e-05
2.17159 	0.0304367 	0.000536822 	7.79107e-05
2.17309 	0.0304413 	0.000536261 	7.78387e-05
2.17459 	0.0304461 	0.000535682 	7.77563e-05
2.17609 	0.030451 	0.000535102 	7.7674e-05
2.17759 	0.0304558 	0.000534522 	7.75917e-05
2.17909 	0.0304607 	0.000533918 	7.74971e-05
2.18059 	0.0304664 	0.000533182 	7.73362e-05
2.18209 	0.0304721 	0.000532446 	7.71752e-05
2.18359 	0.0304777 	0.000531711 	7.70143e-05
2.18509 	0.0304834 	0.000530975 	7.68534e-05
2.18659 	0.0304891 	0.000530239 	7.66925e-05
2.18809 	0.0304948 	0.000529504 	7.65316e-05
2.18959 	0.0305005 	0.000528768 	7.63707e-05
2.1911 	0.0305062 	0.000528032 	7.62098e-05
2.1926 	0.0305118 	0.000527296 	7.60488e-05
2.1941 	0.0305175 	0.000526561 	7.58879e-05
2.1956 	0.0305232 	0.000525825 	7.5727e-05
2.1971 	0.0305289 	0.000525089 	7.55661e-05
2.1986 	0.0305346 	0.000524354 	7.54052e-05
2.2001 	0.0305399 	0.000523633 	7.5258e-05
2.2016 	0.0305452 	0.000522916 	7.51134e-05
2.2031 	0.0305505 	0.000522199 	7.49688e-05
2.2046 	0.0305558 	0.000521482 	7.48243e-05
2.2061 	0.0305612 	0.000520765 	7.46797e-05
2.2076 	0.0305665 	0.000520048 	7.45352e-05
2.2091 	0.0305718 	0.000519331 	7.43906e-05
2.21061 	0.0305771 	0.000518614 	7.42461e-05
2.21211 	0.0305824 	0.000517897 	7.41015e-05
2.21361 	0.0305877 	0.00051718 	7.39569e-05
2.21511 	0.030593 	0.000516463 	7.38124e-05
2.21661 	0.0305983 	0.000515746 	7.36678e-05
2.21811 	0.0306036 	0.000515028 	7.35233e-05
2.21961 	0.030609 	0.000514285 	7.3354e-05
2.22111 	0.0306145 	0.00051351 	7.31554e-05
2.22261 	0.03062 	0.000512734 	7.29568e-05
2.22411 	0.0306254 	0.000511959 	7.27581e-05
2.22561 	0.0306306 	0.000511191 	7.25312e-05
2.22711 	0.0306356 	0.000510428 	7.22853e-05
2.22861 	0.0306405 	0.000509665 	7.20395e-05
2.23012 	0.0306454 	0.000508902 	7.17936e-05
2.23162 	0.0306504 	0.00050814 	7.15478e-05
2.23312 	0.0306553 	0.000507377 	7.13019e-05
2.23462 	0.0306603 	0.000506614 	7.10561e-05
2.23612 	0.0306652 	0.000505851 	7.08102e-05
2.23762 	0.0306702 	0.000505088 	7.05643e-05
2.23912 	0.0306751 	0.000504325 	7.03185e-05
2.24062 	0.0306801 	0.000503562 	7.00726e-05
2.24212 	0.030685 	0.000502799 	6.98268e-05
2.24362 	0.03069 	0.000502036 	6.95809e-05
2.24512 	0.030695 	0.000501257 	6.93294e-05
2.24662 	0.0307004 	0.000500409 	6.90529e-05
2.24812 	0.0307059 	0.000499561 	6.87765e-05
2.24962 	0.0307113 	0.000498713 	6.85e-05
2.25113 	0.0307167 	0.000497865 	6.82236e-05
2.25263 	0.0307221 	0.000497017 	6.79472e-05
2.25413 	0.0307275 	0.000496169 	6.76707e-05
2.25563 	0.030733 	0.000495321 	6.73943e-05
2.25713 	0.0307384 	0.000494473 	6.71178e-05
2.25863 	0.0307438 	0.000493625 	6.68414e-05
2.26013 	0.0307492 	0.000492777 	6.6565e-05
2.26163 	0.0307546 	0.000491929 	6.62885e-05
2.26313 	0.0307601 	0.000491081 	6.60121e-05
2.26463 	0.0307655 	0.000490233 	6.57356e-05
2.26613 	0.0307705 	0.000489402 	6.55553e-05
2.26763 	0.0307755 	0.000488576 	6.54045e-05
2.26913 	0.0307805 	0.000487751 	6.52537e-05
2.27064 	0.0307851 	0.000486913 	6.51996e-05
2.27214 	0.0307896 	0.000486069 	6.51876e-05
2.27364 	0.0307941 	0.000485226 	6.51756e-05
2.27514 	0.0307986 	0.000484382 	6.51636e-05
2.27664 	0.030803 	0.000483539 	6.51517e-05
2.27814 	0.0308075 	0.000482695 	6.51397e-05
2.27964 	0.030812 	0.000481852 	6.51277e-05
2.28114 	0.0308165 	0.000481009 	6.51157e-05
2.28264 	0.030821 	0.000480165 	6.51037e-05
2.28414 	0.0308255 	0.000479322 	6.50917e-05
2.28564 	0.03083 	0.000478478 	6.50797e-05
2.28714 	0.0308345 	0.000477635 	6.50677e-05
2.28864 	0.030839 	0.000476791 	6.50557e-05
2.29015 	0.0308435 	0.000475945 	6.50363e-05
2.29165 	0.0308482 	0.000475089 	6.49949e-05
2.29315 	0.0308528 	0.000474233 	6.49535e-05
2.29465 	0.0308575 	0.000473378 	6.49121e-05
2.29615 	0.0308621 	0.000472522 	6.48707e-05
2.29765 	0.0308668 	0.000471666 	6.48293e-05
2.29915 	0.0308715 	0.000470811 	6.4788e-05
2.30065 	0.0308761 	0.000469955 	6.47466e-05
2.30215 	0.0308808 	0.000469099 	6.47052e-05
2.30365 	0.0308854 	0.000468243 	6.46638e-05
2.30515 	0.0308901 	0.000467388 	6.46224e-05
2.30665 	0.0308948 	0.000466532 	6.4581e-05
2.30815 	0.0308994 	0.000465676 	6.45396e-05
2.30965 	0.0309041 	0.00046482 	6.44983e-05
2.31116 	0.0309081 	0.00046406 	6.45341e-05
2.31266 	0.0309119 	0.000463316 	6.45827e-05
2.31416 	0.0309156 	0.000462549 	6.4698e-05
2.31566 	0.030919 	0.000461762 	6.48725e-05
2.31716 	0.0309225 	0.000460975 	6.50471e-05
2.31866 	0.030926 	0.000460188 	6.52217e-05
2.32016 	0.0309294 	0.000459401 	6.53962e-05
2.32166 	0.0309329 	0.000458614 	6.55708e-05
2.32316 	0.0309364 	0.000457827 	6.57453e-05
2.32466 	0.0309398 	0.00045704 	6.59199e-05
2.32616 	0.0309433 	0.000456253 	6.60945e-05
2.32766 	0.0309468 	0.000455466 	6.6269e-05
2.32916 	0.0309502 	0.000454679 	6.64436e-05
2.33067 	0.0309537 	0.000453893 	6.66181e-05
2.33217 	0.0309572 	0.000453106 	6.67927e-05
2.33367 	0.0309607 	0.000452304 	6.69714e-05
2.33517 	0.0309648 	0.000451401 	6.71792e-05
2.33667 	0.0309689 	0.000450497 	6.7387e-05
2.33817 	0.030973 	0.000449593 	6.75949e-05
2.33967 	0.0309771 	0.00044869 	6.78027e-05
2.34117 	0.0309813 	0.000447786 	6.80105e-05
2.34267 	0.0309854 	0.000446882 	6.82183e-05
2.34417 	0.0309895 	0.000445979 	6.84261e-05
2.34567 	0.0309936 	0.000445075 	6.8634e-05
2.34717 	0.0309977 	0.000444172 	6.88418e-05
2.34867 	0.0310018 	0.000443268 	6.90496e-05
2.35018 	0.0310059 	0.000442364 	6.92574e-05
2.35168 	0.03101 	0.000441461 	6.94653e-05
2.35318 	0.0310141 	0.000440557 	6.96731e-05
2.35468 	0.0310175 	0.00043943 	6.984e-05
2.35618 	0.0310206 	0.000438278 	6.99885e-05
2.35768 	0.0310227 	0.000437246 	7.00922e-05
2.35918 	0.0310248 	0.000436215 	7.01959e-05
2.36068 	0.0310269 	0.000435183 	7.02996e-05
2.36218 	0.031029 	0.000434151 	7.04033e-05
2.36368 	0.0310311 	0.00043312 	7.0507e-05
2.36518 	0.0310332 	0.000432088 	7.06107e-05
2.36668 	0.0310353 	0.000431056 	7.07145e-05
2.36818 	0.0310374 	0.000430025 	7.08182e-05
2.36968 	0.0310395 	0.000428993 	7.09219e-05
2.37119 	0.0310416 	0.000427961 	7.10256e-05
2.37269 	0.0310437 	0.00042693 	7.11293e-05
2.37419 	0.0310458 	0.000425898 	7.1233e-05
2.37569 	0.0310479 	0.000424867 	7.13367e-05
2.37719 	0.0310503 	0.000424517 	7.14795e-05
2.37869 	0.0310528 	0.000424274 	7.16282e-05
2.38019 	0.0310553 	0.000424031 	7.1777e-05
2.38169 	0.0310578 	0.000423788 	7.19257e-05
2.38319 	0.0310602 	0.000423545 	7.20745e-05
2.38469 	0.0310627 	0.000423302 	7.22232e-05
2.38619 	0.0310652 	0.000423058 	7.2372e-05
2.38769 	0.0310677 	0.000422815 	7.25208e-05
2.38919 	0.0310701 	0.000422572 	7.26695e-05
2.3907 	0.0310726 	0.000422329 	7.28183e-05
2.3922 	0.0310751 	0.000422086 	7.2967e-05
2.3937 	0.0310776 	0.000421843 	7.31158e-05
2.3952 	0.0310801 	0.0004216 	7.32646e-05
2.3967 	0.0310828 	0.000420611 	7.34387e-05
2.3982 	0.0310855 	0.000418917 	7.36323e-05
2.3997 	0.0310881 	0.000417044 	7.38299e-05
2.4012 	0.0310907 	0.00041517 	7.40276e-05
2.4027 	0.0310933 	0.000413297 	7.42253e-05
2.4042 	0.0310959 	0.000411423 	7.44229e-05
2.4057 	0.0310985 	0.00040955 	7.46206e-05
2.4072 	0.0311011 	0.000407676 	7.48183e-05
2.4087 	0.0311037 	0.000405803 	7.50159e-05
2.41021 	0.0311063 	0.000403929 	7.52136e-05
2.41171 	0.0311089 	0.000402056 	7.54113e-05
2.41321 	0.0311115 	0.000400182 	7.56089e-05
2.41471 	0.0311141 	0.000398309 	7.58066e-05
2.41621 	0.0311167 	0.000396436 	7.60043e-05
2.41771 	0.0311189 	0.000395524 	7.62062e-05
2.41921 	0.0311209 	0.00039543 	7.64117e-05
2.42071 	0.0311229 	0.000395336 	7.66171e-05
2.42221 	0.0311248 	0.000395241 	7.68226e-05
2.42371 	0.0311268 	0.000395147 	7.70281e-05
2.42521 	0.0311288 	0.000395053 	7.72336e-05
2.42671 	0.0311307 	0.000394959 	7.74391e-05
2.42821 	0.0311327 	0.000394864 	7.76446e-05
2.42971 	0.0311347 	0.00039477 	7.78501e-05
2.43122 	0.0311366 	0.000394676 	7.80556e-05
2.43272 	0.0311386 	0.000394581 	7.8261e-05
2.43422 	0.0311405 	0.000394487 	7.84665e-05
2.43572 	0.0311425 	0.000394393 	7.8672e-05
2.43722 	0.0311443 	0.000393667 	7.88684e-05
2.43872 	0.0311459 	0.000391764 	7.90564e-05
2.44022 	0.0311474 	0.000389861 	7.92443e-05
2.44172 	0.0311489 	0.000387958 	7.94323e-05
2.44322 	0.0311504 	0.000386055 	7.96203e-05
2.44472 	0.0311519 	0.000384152 	7.98083e-05
2.44622 	0.0311534 	0.000382248 	7.99962e-05
2.44772 	0.0311549 	0.000380345 	8.01842e-05
2.44922 	0.0311564 	0.000378442 	8.03722e-05
2.45073 	0.0311579 	0.000376539 	8.05602e-05
2.45223 	0.0311594 	0.000374636 	8.07481e-05
2.45373 	0.0311609 	0.000372732 	8.09361e-05
2.45523 	0.0311624 	0.000370829 	8.11241e-05
2.45673 	0.0311637 	0.000369289 	8.13133e-05
2.45823 	0.0311641 	0.000369204 	8.15078e-05
2.45973 	0.0311645 	0.000369119 	8.17022e-05
2.46123 	0.0311649 	0.000369034 	8.18967e-05
2.46273 	0.0311653 	0.000368949 	8.20911e-05
2.46423 	0.0311657 	0.000368863 	8.22855e-05
2.46573 	0.0311661 	0.000368778 	8.248e-05
2.46723 	0.0311665 	0.000368693 	8.26744e-05
2.46873 	0.0311669 	0.000368608 	8.28688e-05
2.47024 	0.0311674 	0.000368522 	8.30633e-05
2.47174 	0.0311678 	0.000368437 	8.32577e-05
2.47324 	0.0311682 	0.000368352 	8.34522e-05
2.47474 	0.0311686 	0.000368267 	8.36466e-05
2.47624 	0.0311691 	0.000367316 	8.3755e-05
2.47774 	0.0311698 	0.00036562 	8.37879e-05
2.47924 	0.0311705 	0.000363923 	8.38208e-05
2.48074 	0.0311711 	0.000362227 	8.38537e-05
2.48224 	0.0311718 	0.000360531 	8.38866e-05
2.48374 	0.0311725 	0.000358835 	8.39195e-05
2.48524 	0.0311731 	0.000357138 	8.39525e-05
2.48674 	0.0311738 	0.000355442 	8.39854e-05
2.48824 	0.0311744 	0.000353746 	8.40183e-05
2.48974 	0.0311751 	0.000352049 	8.40512e-05
2.49125 	0.0311758 	0.000350353 	8.40841e-05
2.49275 	0.0311764 	0.000348657 	8.4117e-05
2.49425 	0.0311771 	0.000346961 	8.41499e-05
2.49575 	0.0311766 	0.000347028 	8.42032e-05
2.49725 	0.031176 	0.00034733 	8.42591e-05
2.49875 	0.0311754 	0.000347632 	8.43151e-05
2.50025 	0.0311747 	0.000347934 	8.4371e-05
2.50175 	0.0311741 	0.000348237 	8.4427e-05
2.50325 	0.0311735 	0.000348539 	8.44829e-05
2.50475 	0.0311728 	0.000348841 	8.45389e-05
2.50625 	0.0311722 	0.000349143 	8.45948e-05
2.50775 	0.0311716 	0.000349445 	8.46508e-05
2.50925 	0.0311709 	0.000349748 	8.47067e-05
2.51076 	0.0311703 	0.00035005 	8.47627e-05
2.51226 	0.0311697 	0.000350352 	8.48187e-05
2.51376 	0.0311694 	0.000348921 	8.47971e-05
2.51526 	0.0311692 	0.000346919 	8.47505e-05
2.51676 	0.031169 	0.000344918 	8.47039e-05
2.51826 	0.0311689 	0.000342917 	8.46573e-05
2.51976 	0.0311687 	0.000340915 	8.46107e-05
2.52126 	0.0311686 	0.000338914 	8.45641e-05
2.52276 	0.0311684 	0.000336913 	8.45175e-05
2.52426 	0.0311683 	0.000334911 	8.4471e-05
2.52576 	0.0311681 	0.00033291 	8.44244e-05
2.52726 	0.0311679 	0.000330909 	8.43778e-05
2.52876 	0.0311678 	0.000328907 	8.43312e-05
2.53027 	0.0311676 	0.000326906 	8.42846e-05
2.53177 	0.0311665 	0.000326085 	8.42593e-05
2.53327 	0.0311649 	0.000325993 	8.42471e-05
2.53477 	0.0311633 	0.000325901 	8.42348e-05
2.53627 	0.0311616 	0.00032581 	8.42226e-05
2.53777 	0.03116 	0.000325718 	8.42104e-05
2.53927 	0.0311583 	0.000325626 	8.41982e-05
2.54077 	0.0311567 	0.000325535 	8.4186e-05
2.54227 	0.0311551 	0.000325443 	8.41738e-05
2.54377 	0.0311534 	0.000325351 	8.41616e-05
2.54527 	0.0311518 	0.000325259 	8.41494e-05
2.54677 	0.0311501 	0.000325168 	8.41371e-05
2.54827 	0.0311485 	0.000324675 	8.40949e-05
2.54977 	0.0311468 	0.000323131 	8.39877e-05
2.55128 	0.0311452 	0.000321195 	8.38609e-05
2.55278 	0.0311436 	0.00031926 	8.37342e-05
2.55428 	0.031142 	0.000317324 	8.36074e-05
2.55578 	0.0311404 	0.000315388 	8.34807e-05
2.55728 	0.0311388 	0.000313452 	8.3354e-05
2.55878 	0.0311371 	0.000311517 	8.32272e-05
2.56028 	0.0311355 	0.000309581 	8.31005e-05
2.56178 	0.0311339 	0.000307645 	8.29737e-05
2.56328 	0.0311323 	0.00030571 	8.2847e-05
2.56478 	0.0311307 	0.000303774 	8.27203e-05
2.56628 	0.0311283 	0.000302564 	8.2601e-05
2.56778 	0.0311249 	0.000302331 	8.24918e-05
2.56928 	0.0311214 	0.000302097 	8.23827e-05
2.57079 	0.031118 	0.000301864 	8.22735e-05
2.57229 	0.0311145 	0.00030163 	8.21643e-05
2.57379 	0.0311111 	0.000301397 	8.20551e-05
2.57529 	0.0311076 	0.000301164 	8.1946e-05
2.57679 	0.0311042 	0.00030093 	8.18368e-05
2.57829 	0.0311008 	0.000300697 	8.17276e-05
2.57979 	0.0310973 	0.000300464 	8.16184e-05
2.58129 	0.0310939 	0.00030023 	8.15093e-05
2.58279 	0.0310907 	0.000299192 	8.13794e-05
2.58429 	0.0310884 	0.000297643 	8.12646e-05
2.58579 	0.0310864 	0.000295955 	8.11545e-05
2.58729 	0.0310843 	0.000294268 	8.10443e-05
2.58879 	0.0310822 	0.00029258 	8.09342e-05
2.5903 	0.0310801 	0.000290893 	8.08241e-05
2.5918 	0.0310781 	0.000289205 	8.07139e-05
2.5933 	0.031076 	0.000287518 	8.06038e-05
2.5948 	0.0310739 	0.00028583 	8.04937e-05
2.5963 	0.0310719 	0.000284142 	8.03835e-05
2.5978 	0.0310698 	0.000282455 	8.02734e-05
2.5993 	0.0310673 	0.000281373 	8.01645e-05
2.6008 	0.0310638 	0.000281591 	8.00584e-05
2.6023 	0.0310604 	0.00028181 	7.99522e-05
2.6038 	0.0310569 	0.000282028 	7.98461e-05
2.6053 	0.0310534 	0.000282247 	7.97399e-05
2.6068 	0.03105 	0.000282465 	7.96337e-05
2.6083 	0.0310465 	0.000282683 	7.95276e-05
2.6098 	0.0310431 	0.000282902 	7.94214e-05
2.61131 	0.0310396 	0.00028312 	7.93152e-05
2.61281 	0.0310362 	0.000283338 	7.92091e-05
2.61431 	0.0310324 	0.000282948 	7.90951e-05
2.61581 	0.0310284 	0.000281913 	7.89738e-05
2.61731 	0.031024 	0.000279884 	7.88507e-05
2.61881 	0.0310196 	0.000277856 	7.87275e-05
2.62031 	0.0310153 	0.000275827 	7.86044e-05
2.62181 	0.0310109 	0.000273799 	7.84813e-05
2.62331 	0.0310065 	0.00027177 	7.83581e-05
2.62481 	0.0310021 	0.000269742 	7.8235e-05
2.62631 	0.0309978 	0.000267713 	7.81119e-05
2.62781 	0.0309934 	0.000265685 	7.79888e-05
2.62931 	0.030989 	0.000263656 	7.78656e-05
2.63082 	0.0309841 	0.000262171 	7.77317e-05
2.63232 	0.0309778 	0.000261989 	7.75719e-05
2.63382 	0.0309715 	0.000261808 	7.74121e-05
2.63532 	0.0309652 	0.000261626 	7.72524e-05
2.63682 	0.0309589 	0.000261445 	7.70926e-05
2.63832 	0.0309527 	0.000261263 	7.69328e-05
2.63982 	0.0309464 	0.000261082 	7.6773e-05
2.64132 	0.0309401 	0.0002609 	7.66132e-05
2.64282 	0.0309338 	0.000260719 	7.64534e-05
2.64432 	0.0309276 	0.000260407 	7.63037e-05
2.64582 	0.0309216 	0.000259317 	7.62139e-05
2.64732 	0.0309156 	0.00025777 	7.61445e-05
2.64882 	0.0309096 	0.000255734 	7.60971e-05
2.65033 	0.0309036 	0.000253698 	7.60496e-05
2.65183 	0.0308975 	0.000251662 	7.60021e-05
2.65333 	0.0308915 	0.000249626 	7.59546e-05
2.65483 	0.0308855 	0.00024759 	7.59072e-05
2.65633 	0.0308795 	0.000245554 	7.58597e-05
2.65783 	0.0308735 	0.000243518 	7.58122e-05
2.65933 	0.0308674 	0.000241482 	7.57647e-05
2.66083 	0.0308604 	0.000240027 	7.56965e-05
2.66233 	0.0308514 	0.000239653 	7.55896e-05
2.66383 	0.0308425 	0.000239279 	7.54827e-05
2.66533 	0.0308335 	0.000238905 	7.53759e-05
2.66683 	0.0308246 	0.000238531 	7.5269e-05
2.66833 	0.0308157 	0.000238157 	7.51621e-05
2.66983 	0.0308067 	0.000237783 	7.50552e-05
2.67134 	0.0307978 	0.000237409 	7.49483e-05
2.67284 	0.0307888 	0.000237035 	7.48415e-05
2.67434 	0.0307817 	0.00023611 	7.47806e-05
2.67584 	0.030775 	0.000235061 	7.473e-05
2.67734 	0.0307707 	0.000233444 	7.47171e-05
2.67884 	0.0307664 	0.000231819 	7.47047e-05
2.68034 	0.0307622 	0.000230194 	7.46922e-05
2.68184 	0.0307579 	0.000228569 	7.46798e-05
2.68334 	0.0307537 	0.000226944 	7.46673e-05
2.68484 	0.0307494 	0.000225318 	7.46549e-05
2.68634 	0.0307451 	0.000223693 	7.46425e-05
2.68784 	0.0307409 	0.000222068 	7.463e-05
2.68934 	0.0307348 	0.000221194 	7.46025e-05
2.69085 	0.0307266 	0.000221163 	7.45579e-05
2.69235 	0.0307184 	0.000221131 	7.45133e-05
2.69385 	0.0307103 	0.0002211 	7.44687e-05
2.69535 	0.0307021 	0.000221068 	7.44241e-05
2.69685 	0.0306939 	0.000221037 	7.43795e-05
2.69835 	0.0306857 	0.000221005 	7.43349e-05
2.69985 	0.0306775 	0.000220974 	7.42903e-05
2.70135 	0.0306692 	0.000220384 	7.42544e-05
2.70285 	0.0306608 	0.000219293 	7.42262e-05
2.70435 	0.0306523 	0.000217659 	7.41989e-05
2.70585 	0.0306439 	0.000215611 	7.41723e-05
2.70735 	0.0306354 	0.000213563 	7.41457e-05
2.70885 	0.030627 	0.000211515 	7.41191e-05
2.71036 	0.0306185 	0.000209467 	7.40925e-05
2.71186 	0.0306101 	0.00020742 	7.40658e-05
2.71336 	0.0306016 	0.000205372 	7.40392e-05
2.71486 	0.0305931 	0.000203324 	7.40126e-05
2.71636 	0.0305815 	0.000202235 	7.39812e-05
2.71786 	0.0305681 	0.000201685 	7.39471e-05
2.71936 	0.0305546 	0.000201135 	7.39129e-05
2.72086 	0.0305412 	0.000200585 	7.38788e-05
2.72236 	0.0305277 	0.000200035 	7.38447e-05
2.72386 	0.0305143 	0.000199485 	7.38105e-05
2.72536 	0.0305009 	0.000198936 	7.37764e-05
2.72686 	0.0304877 	0.000198161 	7.37355e-05
2.72836 	0.0304752 	0.000196727 	7.36747e-05
2.72986 	0.0304634 	0.000195171 	7.36105e-05
2.73137 	0.0304539 	0.000193138 	7.35326e-05
2.73287 	0.0304444 	0.000191106 	7.34546e-05
2.73437 	0.0304349 	0.000189073 	7.33767e-05
2.73587 	0.0304254 	0.000187041 	7.32988e-05
2.73737 	0.0304159 	0.000185008 	7.32208e-05
2.73887 	0.0304064 	0.000182975 	7.31429e-05
2.74037 	0.0303969 	0.000180943 	7.3065e-05
2.74187 	0.0303816 	0.000180037 	7.29838e-05
2.74337 	0.030365 	0.000179359 	7.29019e-05
2.74487 	0.0303484 	0.000178681 	7.28201e-05
2.74637 	0.0303319 	0.000178003 	7.27382e-05
2.74787 	0.0303153 	0.000177325 	7.26563e-05
2.74937 	0.0302987 	0.000176647 	7.25745e-05
2.75088 	0.0302822 	0.000175969 	7.24926e-05
2.75238 	0.0302705 	0.000174781 	7.23745e-05
2.75388 	0.0302589 	0.000173579 	7.22553e-05
2.75538 	0.0302518 	0.00017201 	7.21116e-05
2.75688 	0.0302455 	0.000170382 	7.1964e-05
2.75838 	0.0302392 	0.000168754 	7.18164e-05
2.75988 	0.0302329 	0.000167126 	7.16688e-05
2.76138 	0.0302265 	0.000165498 	7.15212e-05
2.76288 	0.0302202 	0.00016387 	7.13736e-05
2.76438 	0.0302138 	0.000162265 	7.12256e-05
2.76588 	0.0301994 	0.000161951 	7.10563e-05
2.76738 	0.0301851 	0.000161637 	7.0887e-05
2.76888 	0.0301708 	0.000161324 	7.07177e-05
2.77039 	0.0301565 	0.00016101 	7.05484e-05
2.77189 	0.0301421 	0.000160696 	7.03791e-05
2.77339 	0.0301278 	0.000160382 	7.02098e-05
2.77489 	0.030114 	0.000159444 	6.9984e-05
2.77639 	0.0301004 	0.000158176 	6.97284e-05
2.77789 	0.0300864 	0.000156379 	6.94256e-05
2.77939 	0.030072 	0.000154085 	6.90782e-05
2.78089 	0.0300576 	0.00015179 	6.87309e-05
2.78239 	0.0300433 	0.000149496 	6.83836e-05
2.78389 	0.0300289 	0.000147201 	6.80363e-05
2.78539 	0.0300145 	0.000144907 	6.76889e-05
2.78689 	0.0299992 	0.000142868 	6.73384e-05
2.78839 	0.0299789 	0.000142121 	6.69714e-05
2.78989 	0.0299586 	0.000141374 	6.66045e-05
2.7914 	0.0299384 	0.000140626 	6.62376e-05
2.7929 	0.0299181 	0.000139879 	6.58706e-05
2.7944 	0.0298979 	0.000139132 	6.55037e-05
2.7959 	0.029879 	0.000138229 	6.51598e-05
2.7974 	0.0298639 	0.000136902 	6.48785e-05
2.7989 	0.0298495 	0.000135516 	6.46082e-05
2.8004 	0.0298398 	0.000133712 	6.44154e-05
2.8019 	0.0298302 	0.000131908 	6.42225e-05
2.8034 	0.0298205 	0.000130104 	6.40297e-05
2.8049 	0.0298109 	0.0001283 	6.38369e-05
2.8064 	0.0298012 	0.000126495 	6.36441e-05
2.8079 	0.0297899 	0.000125058 	6.34459e-05
2.8094 	0.0297734 	0.000124781 	6.32307e-05
2.81091 	0.029757 	0.000124504 	6.30155e-05
2.81241 	0.0297405 	0.000124227 	6.28003e-05
2.81391 	0.029724 	0.00012395 	6.25851e-05
2.81541 	0.0297076 	0.000123673 	6.23699e-05
2.81691 	0.0296904 	0.000122536 	6.21505e-05
2.81841 	0.029673 	0.000121157 	6.193e-05
2.81991 	0.0296552 	0.00011913 	6.17072e-05
2.82141 	0.0296372 	0.000116756 	6.14832e-05
2.82291 	0.0296193 	0.000114382 	6.12592e-05
2.82441 	0.0296013 	0.000112008 	6.10353e-05
2.82591 	0.0295833 	0.000109635 	6.08113e-05
2.82741 	0.0295637 	0.000107556 	6.05826e-05
2.82891 	0.0295375 	0.000106632 	6.03354e-05
2.83042 	0.0295113 	0.000105708 	6.00882e-05
2.83192 	0.029485 	0.000104785 	5.9841e-05
2.83342 	0.0294588 	0.000103861 	5.95938e-05
2.83492 	0.0294337 	0.000102858 	5.93494e-05
2.83642 	0.0294143 	0.000101421 	5.912e-05
2.83792 	0.0293954 	9.99608e-05 	5.88921e-05
2.83942 	0.0293833 	9.81166e-05 	5.86901e-05
2.84092 	0.0293712 	9.62724e-05 	5.84881e-05
2.84242 	0.029359 	9.44282e-05 	5.82861e-05
2.84392 	0.0293469 	9.2584e-05 	5.8084e-05
2.84542 	0.0293346 	9.07661e-05 	5.78815e-05
2.84692 	0.0293135 	9.03846e-05 	5.76485e-05
2.84842 	0.0292924 	9.00031e-05 	5.74155e-05
2.84992 	0.0292713 	8.96215e-05 	5.71826e-05
2.85143 	0.0292501 	8.924e-05 	5.69496e-05
2.85293 	0.0292286 	8.84763e-05 	5.66739e-05
2.85443 	0.0292061 	8.70042e-05 	5.63188e-05
2.85593 	0.0291834 	8.52368e-05 	5.59338e-05
2.85743 	0.0291601 	8.27849e-05 	5.54793e-05
2.85893 	0.0291367 	8.0333e-05 	5.50248e-05
2.86043 	0.0291134 	7.78811e-05 	5.45703e-05
2.86193 	0.02909 	7.54292e-05 	5.41158e-05
2.86343 	0.02906 	7.38807e-05 	5.3615e-05
2.86493 	0.0290263 	7.28337e-05 	5.30884e-05
2.86643 	0.0289926 	7.17867e-05 	5.25619e-05
2.86793 	0.0289589 	7.07396e-05 	5.20353e-05
2.86943 	0.028928 	6.95338e-05 	5.1537e-05
2.87094 	0.0289028 	6.80081e-05 	5.10953e-05
2.87244 	0.0288806 	6.63576e-05 	5.06898e-05
2.87394 	0.0288642 	6.44666e-05 	5.03538e-05
2.87544 	0.0288478 	6.25757e-05 	5.00178e-05
2.87694 	0.0288315 	6.06847e-05 	4.96819e-05
2.87844 	0.0288147 	5.885e-05 	4.9342e-05
2.87994 	0.0287878 	5.842e-05 	4.8903e-05
2.88144 	0.0287609 	5.799e-05 	4.84641e-05
2.88294 	0.028734 	5.756e-05 	4.80251e-05
2.88444 	0.0287069 	5.70649e-05 	4.75834e-05
2.88594 	0.0286766 	5.55265e-05 	4.7097e-05
2.88744 	0.028646 	5.38531e-05 	4.66053e-05
2.88894 	0.0286128 	5.13256e-05 	4.60801e-05
2.89045 	0.0285797 	4.8798e-05 	4.55548e-05
2.89195 	0.0285465 	4.62704e-05 	4.50296e-05
2.89345 	0.0285115 	4.39768e-05 	4.44833e-05
2.89495 	0.028467 	4.28763e-05 	4.38296e-05
2.89645 	0.0284226 	4.17758e-05 	4.31758e-05
2.89795 	0.0283781 	4.06752e-05 	4.25221e-05
2.89945 	0.0283383 	3.93413e-05 	4.19596e-05
2.90095 	0.0283032 	3.77666e-05 	4.14912e-05
2.90245 	0.0282746 	3.59642e-05 	4.11434e-05
2.90395 	0.0282494 	3.40362e-05 	4.0862e-05
2.90545 	0.0282243 	3.21082e-05 	4.05806e-05
2.90695 	0.0281992 	3.01802e-05 	4.02992e-05
2.90845 	0.0281638 	2.97356e-05 	3.99256e-05
2.90995 	0.0281282 	2.93221e-05 	3.95502e-05
2.91146 	0.0280926 	2.89087e-05 	3.91748e-05
2.91296 	0.0280547 	2.79167e-05 	3.88266e-05
2.91446 	0.0280154 	2.65287e-05 	3.84972e-05
2.91596 	0.0279801 	2.46084e-05 	3.82421e-05
2.91746 	0.0279456 	2.25757e-05 	3.80028e-05
2.91896 	0.0279111 	2.05429e-05 	3.77634e-05
2.92046 	0.0278751 	1.92765e-05 	3.7497e-05
2.92196 	0.0278371 	1.89638e-05 	3.71972e-05
2.92346 	0.0277992 	1.86512e-05 	3.68974e-05
2.92496 	0.0277561 	1.79404e-05 	3.65909e-05
2.92646 	0.0277025 	1.64027e-05 	3.62706e-05
2.92796 	0.0276393 	1.41689e-05 	3.59309e-05
2.92946 	0.0275707 	1.15424e-05 	3.55803e-05
2.93097 	0.0275022 	8.91601e-06 	3.52296e-05
2.93247 	0.0274322 	7.20464e-06 	3.48683e-05
2.93397 	0.027361 	6.32523e-06 	3.44975e-05
2.93547 	0.0272898 	5.44582e-06 	3.41266e-05
2.93697 	0.0272288 	4.33896e-06 	3.38306e-05
2.93847 	0.0271736 	3.08561e-06 	3.35776e-05
2.93997 	0.027125 	1.36326e-06 	3.33705e-05
2.94147 	0.0270764 	-3.59098e-07 	3.31634e-05
2.94297 	0.0270248 	-1.84042e-06 	3.29455e-05
2.94447 	0.0269588 	-2.20033e-06 	3.26774e-05
2.94597 	0.0268928 	-2.56023e-06 	3.24093e-05
2.94747 	0.0268296 	-3.2652e-06 	3.21593e-05
2.94897 	0.0267689 	-4.28417e-06 	3.19259e-05
2.95048 	0.0267141 	-5.84967e-06 	3.17192e-05
2.95198 	0.0266592 	-7.41517e-06 	3.15124e-05
2.95348 	0.0265924 	-8.55039e-06 	3.12715e-05
2.95498 	0.0265052 	-8.94918e-06 	3.09722e-05
2.95648 	0.0264181 	-9.34797e-06 	3.06728e-05
2.95798 	0.0263055 	-1.05173e-05 	3.03832e-05
2.95948 	0.026178 	-1.20781e-05 	3.00965e-05
2.96098 	0.0260374 	-1.39748e-05 	2.98121e-05
2.96248 	0.0258949 	-1.57976e-05 	2.95234e-05
2.96398 	0.0257264 	-1.65531e-05 	2.91716e-05
2.96548 	0.0255579 	-1.73085e-05 	2.88199e-05
2.96698 	0.0254064 	-1.83151e-05 	2.85788e-05
2.96848 	0.0252689 	-1.9443e-05 	2.84243e-05
2.96998 	0.025143 	-2.06456e-05 	2.83394e-05
2.97149 	0.0250142 	-2.1562e-05 	2.82522e-05
2.97299 	0.0248757 	-2.15296e-05 	2.81571e-05
2.97449 	0.0247359 	-2.15899e-05 	2.80683e-05
2.97599 	0.0245896 	-2.21115e-05 	2.80103e-05
2.97749 	0.0244375 	-2.30311e-05 	2.79862e-05
2.97899 	0.0242847 	-2.39951e-05 	2.79658e-05
2.98049 	0.024105 	-2.40166e-05 	2.79297e-05
2.98199 	0.0239202 	-2.38559e-05 	2.78906e-05
2.98349 	0.0237302 	-2.41476e-05 	2.78606e-05
2.98499 	0.0235365 	-2.47391e-05 	2.78394e-05
2.98649 	0.0233417 	-2.54206e-05 	2.7821e-05
2.98799 	0.0230963 	-2.51986e-05 	2.7779e-05
2.98949 	0.0228423 	-2.48677e-05 	2.77309e-05
2.991 	0.0225892 	-2.49214e-05 	2.76655e-05
2.9925 	0.022339 	-2.52789e-05 	2.75845e-05
2.994 	0.0220657 	-2.53817e-05 	2.74894e-05
2.9955 	0.0217227 	-2.47143e-05 	2.73522e-05
2.997 	0.0182235 	-2.07492e-05 	2.31075e-05
2.9985 	0.0100669 	-1.15072e-05 	1.2798e-05
3 	0 	0 	0
