0.106553 	-0.000165777 	8.21553e-05 	-2.70334e-06
0.108054 	-0.000377741 	0.000185186 	-6.14678e-06
0.109555 	-0.000589705 	0.000288216 	-9.59022e-06
0.111056 	-0.000801669 	0.000391246 	-1.30337e-05
0.112556 	-0.00101363 	0.000494276 	-1.64771e-05
0.114057 	-0.00121093 	0.00059281 	-1.94673e-05
0.115558 	-0.00136215 	0.000665354 	-2.20118e-05
0.117059 	-0.00150402 	0.000733163 	-2.42584e-05
0.118559 	-0.00164599 	0.000801233 	-2.64758e-05
0.12006 	-0.00178796 	0.000869303 	-2.86933e-05
0.121561 	-0.00192993 	0.000937373 	-3.09108e-05
0.123062 	-0.00207183 	0.00100602 	-3.30909e-05
0.124562 	-0.00220735 	0.00107832 	-3.47552e-05
0.126063 	-0.00231893 	0.00112513 	-3.68e-05
0.127564 	-0.00242001 	0.0011741 	-3.82863e-05
0.129065 	-0.00252108 	0.00122307 	-3.97725e-05
0.130565 	-0.00262215 	0.00127204 	-4.12588e-05
0.132066 	-0.00272322 	0.00132102 	-4.2745e-05
0.133567 	-0.0028241 	0.00137279 	-4.41309e-05
0.135068 	-0.00292553 	0.00143541 	-4.51763e-05
0.136568 	-0.00303559 	0.00147536 	-4.72976e-05
0.138069 	-0.00312482 	0.00151949 	-4.86411e-05
0.13957 	-0.00321405 	0.00156362 	-4.99846e-05
0.141071 	-0.00330328 	0.00160775 	-5.13281e-05
0.142571 	-0.00339251 	0.00165187 	-5.26715e-05
0.144072 	-0.00348174 	0.001696 	-5.4015e-05
0.145573 	-0.00355297 	0.00174625 	-5.48279e-05
0.147074 	-0.00362619 	0.00178392 	-5.60121e-05
0.148574 	-0.00370404 	0.00180902 	-5.76235e-05
0.150075 	-0.00376501 	0.00184026 	-5.87357e-05
0.151576 	-0.00382599 	0.0018715 	-5.98478e-05
0.153077 	-0.00388697 	0.00190274 	-6.09599e-05
0.154577 	-0.00394794 	0.00193398 	-6.20721e-05
0.156078 	-0.00400892 	0.00196522 	-6.31842e-05
0.157579 	-0.00405109 	0.0020017 	-6.39002e-05
0.15908 	-0.0040922 	0.00203399 	-6.47109e-05
0.16058 	-0.0041538 	0.00204849 	-6.62697e-05
0.162081 	-0.00419526 	0.00206532 	-6.72882e-05
0.163582 	-0.0042278 	0.00208318 	-6.80668e-05
0.165083 	-0.00426033 	0.00210105 	-6.88454e-05
0.166583 	-0.00429287 	0.00211891 	-6.9624e-05
0.168084 	-0.0043254 	0.00213678 	-7.04026e-05
0.169585 	-0.00435706 	0.00215479 	-7.11621e-05
0.171086 	-0.00435934 	0.00217771 	-7.12786e-05
0.172586 	-0.00437166 	0.00219208 	-7.16754e-05
0.174087 	-0.00440187 	0.00219122 	-7.25713e-05
0.175588 	-0.00442714 	0.002197 	-7.33949e-05
0.177089 	-0.00444736 	0.00220955 	-7.41447e-05
0.178589 	-0.00446759 	0.0022221 	-7.48945e-05
0.18009 	-0.00448782 	0.00223466 	-7.56443e-05
0.181591 	-0.00450805 	0.00224721 	-7.63941e-05
0.183092 	-0.00452827 	0.00225976 	-7.71439e-05
0.184592 	-0.00454331 	0.00228432 	-7.79228e-05
0.186093 	-0.0045562 	0.00231388 	-7.87138e-05
0.187594 	-0.00458334 	0.00232283 	-7.97879e-05
0.189095 	-0.00461547 	0.00232457 	-8.0961e-05
0.190595 	-0.00463985 	0.00233204 	-8.20014e-05
0.192096 	-0.00465765 	0.00234436 	-8.29291e-05
0.193597 	-0.00467546 	0.00235669 	-8.38569e-05
0.195098 	-0.00469327 	0.00236901 	-8.47846e-05
0.196598 	-0.00471107 	0.00238134 	-8.57124e-05
0.198099 	-0.00472888 	0.00239366 	-8.66401e-05
0.1996 	-0.00473606 	0.0024138 	-8.74595e-05
0.201101 	-0.00473813 	0.00243769 	-8.82268e-05
0.202601 	-0.00474731 	0.00245201 	-8.90887e-05
0.204102 	-0.00476881 	0.00244971 	-9.01148e-05
0.205603 	-0.00479031 	0.00244742 	-9.11409e-05
0.207104 	-0.00480112 	0.00245245 	-9.18619e-05
0.208604 	-0.00480884 	0.00245961 	-9.24943e-05
0.210105 	-0.00481655 	0.00246677 	-9.31268e-05
0.211606 	-0.00482426 	0.00247393 	-9.37593e-05
0.213107 	-0.00483197 	0.00248108 	-9.43917e-05
0.214607 	-0.00483969 	0.00248824 	-9.50242e-05
0.216108 	-0.0048345 	0.00250436 	-9.54374e-05
0.217609 	-0.00482778 	0.00252155 	-9.58247e-05
0.21911 	-0.00482444 	0.00253426 	-9.62172e-05
0.22061 	-0.00483604 	0.00252723 	-9.66329e-05
0.222111 	-0.00484763 	0.0025202 	-9.70485e-05
0.223612 	-0.00485798 	0.00251484 	-9.74776e-05
0.225113 	-0.00486059 	0.00251977 	-9.79894e-05
0.226613 	-0.0048632 	0.0025247 	-9.85012e-05
0.228114 	-0.00486581 	0.00252963 	-9.9013e-05
0.229615 	-0.00486842 	0.00253456 	-9.95249e-05
0.231116 	-0.00487103 	0.00253949 	-0.000100037
0.232616 	-0.0048707 	0.00254838 	-0.000100644
0.234117 	-0.00486404 	0.00256576 	-0.000101458
0.235618 	-0.00485739 	0.00258315 	-0.000102272
0.237119 	-0.00485314 	0.00259724 	-0.000103046
0.238619 	-0.00486302 	0.00259207 	-0.000103589
0.24012 	-0.00487289 	0.0025869 	-0.000104132
0.241621 	-0.00488277 	0.00258172 	-0.000104675
0.243122 	-0.00488684 	0.00258198 	-0.000105245
0.244622 	-0.0048866 	0.00258628 	-0.000105833
0.246123 	-0.00488635 	0.00259059 	-0.000106422
0.247624 	-0.0048861 	0.00259489 	-0.00010701
0.249125 	-0.00488586 	0.0025992 	-0.000107599
0.250625 	-0.00488561 	0.0026035 	-0.000108188
0.252126 	-0.00487574 	0.00261648 	-0.000108978
0.253627 	-0.00486484 	0.00263039 	-0.000109791
0.255128 	-0.00485393 	0.0026443 	-0.000110603
0.256628 	-0.00484606 	0.0026542 	-0.000111329
0.258129 	-0.00485057 	0.00264775 	-0.000111702
0.25963 	-0.00485508 	0.00264131 	-0.000112075
0.261131 	-0.0048596 	0.00263486 	-0.000112448
0.262631 	-0.00486399 	0.00262853 	-0.000112822
0.264132 	-0.00485948 	0.00263086 	-0.000113313
0.265633 	-0.00485497 	0.00263318 	-0.000113804
0.267134 	-0.00485046 	0.00263551 	-0.000114295
0.268634 	-0.00484596 	0.00263784 	-0.000114786
0.270135 	-0.00484145 	0.00264016 	-0.000115277
0.271636 	-0.00483135 	0.00264785 	-0.000115906
0.273137 	-0.00481758 	0.00265905 	-0.000116624
0.274637 	-0.00480381 	0.00267025 	-0.000117342
0.276138 	-0.00479004 	0.00268145 	-0.00011806
0.277639 	-0.0047802 	0.00268741 	-0.000118635
0.27914 	-0.00478024 	0.0026802 	-0.000118852
0.28064 	-0.00478028 	0.00267298 	-0.000119069
0.282141 	-0.00478033 	0.00266577 	-0.000119286
0.283642 	-0.00478037 	0.00265855 	-0.000119503
0.285143 	-0.00477728 	0.00265447 	-0.000119773
0.286643 	-0.0047694 	0.00265518 	-0.000120124
0.288144 	-0.00476152 	0.00265589 	-0.000120476
0.289645 	-0.00475363 	0.00265661 	-0.000120827
0.291146 	-0.00474575 	0.00265732 	-0.000121179
0.292646 	-0.00473485 	0.00266106 	-0.000121587
0.294147 	-0.00471896 	0.00266981 	-0.000122089
0.295648 	-0.00470308 	0.00267855 	-0.000122591
0.297149 	-0.00468719 	0.0026873 	-0.000123093
0.298649 	-0.00467131 	0.00269605 	-0.000123595
0.30015 	-0.00465966 	0.00269889 	-0.000123936
0.301651 	-0.00465579 	0.00269092 	-0.00012398
0.303152 	-0.00465191 	0.00268296 	-0.000124025
0.304652 	-0.00464804 	0.00267499 	-0.000124069
0.306153 	-0.00464417 	0.00266702 	-0.000124114
0.307654 	-0.00464029 	0.00265905 	-0.000124158
0.309155 	-0.00463386 	0.00265618 	-0.00012428
0.310655 	-0.00462606 	0.00265603 	-0.000124442
0.312156 	-0.00461826 	0.00265589 	-0.000124604
0.313657 	-0.00461046 	0.00265574 	-0.000124767
0.315158 	-0.00460189 	0.00265701 	-0.000124949
0.316658 	-0.00458981 	0.00266478 	-0.000125221
0.318159 	-0.00457774 	0.00267256 	-0.000125494
0.31966 	-0.00456566 	0.00268033 	-0.000125766
0.321161 	-0.00455359 	0.0026881 	-0.000126039
0.322661 	-0.00454151 	0.00269588 	-0.000126311
0.324162 	-0.00453329 	0.00269839 	-0.000126438
0.325663 	-0.00453224 	0.00269109 	-0.000126292
0.327164 	-0.00453119 	0.0026838 	-0.000126146
0.328664 	-0.00453014 	0.0026765 	-0.000126
0.330165 	-0.00452909 	0.0026692 	-0.000125854
0.331666 	-0.00452804 	0.0026619 	-0.000125708
0.333167 	-0.00452698 	0.0026546 	-0.000125562
0.334667 	-0.00451993 	0.00265169 	-0.000125521
0.336168 	-0.00451048 	0.00265053 	-0.000125522
0.337669 	-0.00450103 	0.00264937 	-0.000125524
0.33917 	-0.00449158 	0.00264821 	-0.000125525
0.34067 	-0.00447332 	0.002653 	-0.000125695
0.342171 	-0.00445476 	0.00265801 	-0.00012587
0.343672 	-0.0044362 	0.00266301 	-0.000126046
0.345173 	-0.00441763 	0.00266801 	-0.000126221
0.346673 	-0.00439907 	0.00267302 	-0.000126397
0.348174 	-0.00438051 	0.00267802 	-0.000126572
0.349675 	-0.00436429 	0.00268008 	-0.000126652
0.351176 	-0.00435653 	0.00267158 	-0.000126389
0.352676 	-0.00434876 	0.00266308 	-0.000126126
0.354177 	-0.00434099 	0.00265458 	-0.000125863
0.355678 	-0.00433323 	0.00264608 	-0.0001256
0.357179 	-0.00432546 	0.00263758 	-0.000125338
0.358679 	-0.00431769 	0.00262908 	-0.000125075
0.36018 	-0.00430992 	0.00262058 	-0.000124812
0.361681 	-0.00429908 	0.00261509 	-0.000124662
0.363182 	-0.00428535 	0.00261242 	-0.000124619
0.364682 	-0.00427163 	0.00260976 	-0.000124575
0.366183 	-0.00425367 	0.00261126 	-0.000124699
0.367684 	-0.00423389 	0.00261456 	-0.000124895
0.369185 	-0.0042141 	0.00261786 	-0.000125091
0.370685 	-0.00419432 	0.00262116 	-0.000125287
0.372186 	-0.00417453 	0.00262446 	-0.000125483
0.373687 	-0.00415475 	0.00262776 	-0.000125679
0.375188 	-0.00413497 	0.00263106 	-0.000125875
0.376688 	-0.00411518 	0.00263436 	-0.000126071
0.378189 	-0.00410373 	0.00262639 	-0.000125891
0.37969 	-0.00409314 	0.00261726 	-0.000125672
0.381191 	-0.00408255 	0.00260813 	-0.000125454
0.382691 	-0.00407196 	0.00259899 	-0.000125235
0.384192 	-0.00406136 	0.00258986 	-0.000125017
0.385693 	-0.00405077 	0.00258073 	-0.000124798
0.387194 	-0.00404018 	0.00257159 	-0.00012458
0.388694 	-0.00402959 	0.00256246 	-0.000124361
0.390195 	-0.004019 	0.00255333 	-0.000124142
0.391696 	-0.00400323 	0.00254951 	-0.000124093
0.393197 	-0.00398556 	0.00254759 	-0.000124082
0.394697 	-0.00396426 	0.00254929 	-0.000124142
0.396198 	-0.00394296 	0.00255098 	-0.000124202
0.397699 	-0.00392165 	0.00255267 	-0.000124262
0.3992 	-0.00390035 	0.00255437 	-0.000124322
0.4007 	-0.00387905 	0.00255606 	-0.000124382
0.402201 	-0.00385775 	0.00255776 	-0.000124442
0.403702 	-0.00383644 	0.00255945 	-0.000124502
0.405203 	-0.00381514 	0.00256114 	-0.000124562
0.406703 	-0.00379668 	0.0025587 	-0.000124522
0.408204 	-0.00378319 	0.002549 	-0.000124309
0.409705 	-0.00376971 	0.0025393 	-0.000124096
0.411206 	-0.00375623 	0.0025296 	-0.000123883
0.412706 	-0.00374274 	0.0025199 	-0.000123669
0.414207 	-0.00372926 	0.0025102 	-0.000123456
0.415708 	-0.00371578 	0.0025005 	-0.000123243
0.417209 	-0.00370229 	0.0024908 	-0.00012303
0.418709 	-0.00368881 	0.0024811 	-0.000122816
0.42021 	-0.00367533 	0.00247139 	-0.000122603
0.421711 	-0.00366156 	0.002462 	-0.000122392
0.423212 	-0.00363917 	0.00246137 	-0.000122132
0.424712 	-0.00361598 	0.0024615 	-0.000121855
0.426213 	-0.0035928 	0.00246164 	-0.000121578
0.427714 	-0.00356962 	0.00246177 	-0.000121301
0.429215 	-0.00354643 	0.0024619 	-0.000121024
0.430715 	-0.00352325 	0.00246204 	-0.000120748
0.432216 	-0.00350006 	0.00246217 	-0.000120471
0.433717 	-0.00347688 	0.0024623 	-0.000120194
0.435218 	-0.0034537 	0.00246244 	-0.000119917
0.436718 	-0.00343051 	0.00246257 	-0.00011964
0.438219 	-0.00341096 	0.00245716 	-0.000119329
0.43972 	-0.00339452 	0.00244703 	-0.000118989
0.441221 	-0.00337808 	0.00243689 	-0.000118649
0.442721 	-0.00336164 	0.00242675 	-0.000118309
0.444222 	-0.0033452 	0.00241661 	-0.000117968
0.445723 	-0.00332876 	0.00240647 	-0.000117628
0.447224 	-0.00331232 	0.00239634 	-0.000117288
0.448724 	-0.00329588 	0.0023862 	-0.000116948
0.450225 	-0.00327943 	0.00237606 	-0.000116607
0.451726 	-0.00326299 	0.00236592 	-0.000116267
0.453227 	-0.00324569 	0.00235654 	-0.000115882
0.454727 	-0.00322446 	0.00235062 	-0.00011529
0.456228 	-0.00320035 	0.00234774 	-0.000114672
0.457729 	-0.0031749 	0.00234626 	-0.000114043
0.45923 	-0.00314945 	0.00234478 	-0.000113414
0.46073 	-0.003124 	0.0023433 	-0.000112784
0.462231 	-0.00309855 	0.00234183 	-0.000112155
0.463732 	-0.0030731 	0.00234035 	-0.000111526
0.465233 	-0.00304766 	0.00233887 	-0.000110897
0.466733 	-0.00302221 	0.00233739 	-0.000110267
0.468234 	-0.00299676 	0.00233591 	-0.000109638
0.469735 	-0.00297131 	0.00233443 	-0.000109009
0.471236 	-0.00294812 	0.0023294 	-0.000108445
0.472736 	-0.00292848 	0.00231879 	-0.000107984
0.474237 	-0.00290884 	0.00230818 	-0.000107523
0.475738 	-0.0028892 	0.00229757 	-0.000107062
0.477239 	-0.00286956 	0.00228697 	-0.000106601
0.478739 	-0.00284992 	0.00227636 	-0.000106139
0.48024 	-0.00283027 	0.00226575 	-0.000105678
0.481741 	-0.00281063 	0.00225514 	-0.000105217
0.483242 	-0.00279099 	0.00224453 	-0.000104756
0.484742 	-0.00277135 	0.00223393 	-0.000104295
0.486243 	-0.00275031 	0.00222449 	-0.000103733
0.487744 	-0.00272629 	0.00221754 	-0.000102955
0.489245 	-0.00270226 	0.00221059 	-0.000102177
0.490745 	-0.00267824 	0.00220364 	-0.000101399
0.492246 	-0.00265127 	0.00219981 	-0.000100494
0.493747 	-0.00262351 	0.00219682 	-9.95555e-05
0.495248 	-0.00259575 	0.00219382 	-9.86164e-05
0.496748 	-0.002568 	0.00219083 	-9.76774e-05
0.498249 	-0.00254024 	0.00218784 	-9.67384e-05
0.49975 	-0.00251248 	0.00218485 	-9.57994e-05
0.501251 	-0.00248472 	0.00218186 	-9.48604e-05
0.502751 	-0.00245696 	0.00217887 	-9.39214e-05
0.504252 	-0.0024292 	0.00217588 	-9.29824e-05
0.505753 	-0.00240144 	0.00217289 	-9.20434e-05
0.507254 	-0.00237804 	0.00216289 	-9.13183e-05
0.508754 	-0.00235528 	0.00215188 	-9.06246e-05
0.510255 	-0.00233252 	0.00214086 	-8.99308e-05
0.511756 	-0.00230976 	0.00212984 	-8.9237e-05
0.513257 	-0.002287 	0.00211882 	-8.85432e-05
0.514757 	-0.00226424 	0.00210781 	-8.78495e-05
0.516258 	-0.00224148 	0.00209679 	-8.71557e-05
0.517759 	-0.00221872 	0.00208577 	-8.64619e-05
0.51926 	-0.00219596 	0.00207476 	-8.57681e-05
0.52076 	-0.00217213 	0.00206448 	-8.50359e-05
0.522261 	-0.00214492 	0.00205654 	-8.41829e-05
0.523762 	-0.0021177 	0.00204859 	-8.33299e-05
0.525263 	-0.00209049 	0.00204064 	-8.24769e-05
0.526763 	-0.00206328 	0.0020327 	-8.1624e-05
0.528264 	-0.00203607 	0.00202475 	-8.0771e-05
0.529765 	-0.00200777 	0.0020179 	-7.98806e-05
0.531266 	-0.00197707 	0.00201348 	-7.89073e-05
0.532766 	-0.00194636 	0.00200907 	-7.7934e-05
0.534267 	-0.00191566 	0.00200465 	-7.69606e-05
0.535768 	-0.00188495 	0.00200023 	-7.59873e-05
0.537269 	-0.00185425 	0.00199582 	-7.50139e-05
0.538769 	-0.00182354 	0.0019914 	-7.40406e-05
0.54027 	-0.00179284 	0.00198698 	-7.30673e-05
0.541771 	-0.00176213 	0.00198257 	-7.20939e-05
0.543272 	-0.00173143 	0.00197815 	-7.11206e-05
0.544772 	-0.00170512 	0.00196725 	-7.03411e-05
0.546273 	-0.00167902 	0.00195604 	-6.9571e-05
0.547774 	-0.00165292 	0.00194483 	-6.8801e-05
0.549275 	-0.00162683 	0.00193361 	-6.80309e-05
0.550775 	-0.00160073 	0.0019224 	-6.72609e-05
0.552276 	-0.00157463 	0.00191118 	-6.64908e-05
0.553777 	-0.00154854 	0.00189997 	-6.57208e-05
0.555278 	-0.00152244 	0.00188876 	-6.49507e-05
0.556778 	-0.00149634 	0.00187754 	-6.41806e-05
0.558279 	-0.00146554 	0.00186847 	-6.33106e-05
0.55978 	-0.00143438 	0.00185957 	-6.2433e-05
0.561281 	-0.00140322 	0.00185066 	-6.15554e-05
0.562781 	-0.00137206 	0.00184176 	-6.06777e-05
0.564282 	-0.0013409 	0.00183285 	-5.98001e-05
0.565783 	-0.00130975 	0.00182395 	-5.89224e-05
0.567284 	-0.00127859 	0.00181504 	-5.80448e-05
0.568784 	-0.00124743 	0.00180614 	-5.71672e-05
0.570285 	-0.00121552 	0.00179785 	-5.62775e-05
0.571786 	-0.0011807 	0.00179194 	-5.53413e-05
0.573287 	-0.00114588 	0.00178603 	-5.44052e-05
0.574787 	-0.00111106 	0.00178012 	-5.3469e-05
0.576288 	-0.00107624 	0.00177421 	-5.25329e-05
0.577789 	-0.00104142 	0.00176831 	-5.15967e-05
0.57929 	-0.0010066 	0.0017624 	-5.06605e-05
0.58079 	-0.000971781 	0.00175649 	-4.97244e-05
0.582291 	-0.000936962 	0.00175058 	-4.87882e-05
0.583792 	-0.00090498 	0.00174145 	-4.80088e-05
0.585293 	-0.000874865 	0.0017302 	-4.73324e-05
0.586793 	-0.000844749 	0.00171895 	-4.6656e-05
0.588294 	-0.000814633 	0.0017077 	-4.59796e-05
0.589795 	-0.000784518 	0.00169645 	-4.53032e-05
0.591296 	-0.000754402 	0.0016852 	-4.46269e-05
0.592796 	-0.000724287 	0.00167394 	-4.39505e-05
0.594297 	-0.000694171 	0.00166269 	-4.32741e-05
0.595798 	-0.000662021 	0.00165201 	-4.26756e-05
0.597299 	-0.000626383 	0.00164231 	-4.22105e-05
0.598799 	-0.000590745 	0.0016326 	-4.17454e-05
0.6003 	-0.000555108 	0.00162289 	-4.12803e-05
0.601801 	-0.00051947 	0.00161319 	-4.08152e-05
0.603302 	-0.000483832 	0.00160348 	-4.03501e-05
0.604802 	-0.000448194 	0.00159377 	-3.9885e-05
0.606303 	-0.000412556 	0.00158407 	-3.94199e-05
0.607804 	-0.000376918 	0.00157436 	-3.89548e-05
0.609305 	-0.00034128 	0.00156465 	-3.84897e-05
0.610805 	-0.000305643 	0.00155495 	-3.80246e-05
0.612306 	-0.000270005 	0.00154524 	-3.75595e-05
0.613807 	-0.000232742 	0.00153654 	-3.71441e-05
0.615308 	-0.000193312 	0.00152917 	-3.67947e-05
0.616808 	-0.000153881 	0.0015218 	-3.64454e-05
0.618309 	-0.000114451 	0.00151443 	-3.60961e-05
0.61981 	-7.5021e-05 	0.00150706 	-3.57467e-05
0.621311 	-3.55907e-05 	0.00149969 	-3.53974e-05
0.622811 	3.83957e-06 	0.00149233 	-3.50481e-05
0.624312 	4.32698e-05 	0.00148496 	-3.46988e-05
0.625813 	7.85642e-05 	0.00147449 	-3.44881e-05
0.627314 	0.000112831 	0.00146326 	-3.43118e-05
0.628814 	0.000147098 	0.00145202 	-3.41356e-05
0.630315 	0.000181366 	0.00144079 	-3.39593e-05
0.631816 	0.000215633 	0.00142956 	-3.3783e-05
0.633317 	0.0002499 	0.00141832 	-3.36068e-05
0.634817 	0.000284167 	0.00140709 	-3.34305e-05
0.636318 	0.000321926 	0.00139637 	-3.35409e-05
0.637819 	0.000362492 	0.00138606 	-3.38817e-05
0.63932 	0.000403057 	0.00137575 	-3.42224e-05
0.64082 	0.000443622 	0.00136544 	-3.45632e-05
0.642321 	0.000484188 	0.00135513 	-3.49039e-05
0.643822 	0.000524753 	0.00134482 	-3.52447e-05
0.645323 	0.000565318 	0.00133452 	-3.55855e-05
0.646823 	0.000605884 	0.00132421 	-3.59262e-05
0.648324 	0.000646449 	0.0013139 	-3.6267e-05
0.649825 	0.000687014 	0.00130359 	-3.66077e-05
0.651326 	0.00072758 	0.00129328 	-3.69485e-05
0.652826 	0.000768145 	0.00128297 	-3.72892e-05
0.654327 	0.00080871 	0.00127267 	-3.763e-05
0.655828 	0.000849276 	0.00126236 	-3.79708e-05
0.657329 	0.000889841 	0.00125205 	-3.83115e-05
0.658829 	0.000930406 	0.00124174 	-3.86523e-05
0.66033 	0.000974992 	0.00123302 	-3.91952e-05
0.661831 	0.0010198 	0.0012244 	-3.97495e-05
0.663332 	0.00106461 	0.00121577 	-4.03037e-05
0.664832 	0.00110942 	0.00120714 	-4.08579e-05
0.666333 	0.00115423 	0.00119851 	-4.14121e-05
0.667834 	0.00119904 	0.00118988 	-4.19663e-05
0.669335 	0.00124066 	0.00117988 	-4.24135e-05
0.670835 	0.00127951 	0.00116867 	-4.27675e-05
0.672336 	0.00131836 	0.00115746 	-4.31215e-05
0.673837 	0.0013572 	0.00114626 	-4.34755e-05
0.675338 	0.00139605 	0.00113505 	-4.38295e-05
0.676838 	0.0014349 	0.00112384 	-4.41835e-05
0.678339 	0.00147722 	0.00111291 	-4.48012e-05
0.67984 	0.00152318 	0.00110225 	-4.56943e-05
0.681341 	0.00156913 	0.00109159 	-4.65874e-05
0.682841 	0.00161509 	0.00108093 	-4.74805e-05
0.684342 	0.00166104 	0.00107028 	-4.83736e-05
0.685843 	0.001707 	0.00105962 	-4.92668e-05
0.687344 	0.00175295 	0.00104896 	-5.01599e-05
0.688844 	0.00179891 	0.0010383 	-5.1053e-05
0.690345 	0.00184486 	0.00102765 	-5.19461e-05
0.691846 	0.00189082 	0.00101699 	-5.28392e-05
0.693347 	0.00193677 	0.00100633 	-5.37323e-05
0.694847 	0.00198273 	0.000995675 	-5.46254e-05
0.696348 	0.00202868 	0.000985018 	-5.55185e-05
0.697849 	0.00207463 	0.00097436 	-5.64116e-05
0.69935 	0.00212059 	0.000963703 	-5.73047e-05
0.70085 	0.00216654 	0.000953046 	-5.81979e-05
0.702351 	0.0022125 	0.000942389 	-5.9091e-05
0.703852 	0.00225845 	0.000931731 	-5.99841e-05
0.705353 	0.00230441 	0.000921074 	-6.08772e-05
0.706853 	0.00235036 	0.000910417 	-6.17703e-05
0.708354 	0.00239987 	0.000900668 	-6.28549e-05
0.709855 	0.00245062 	0.000891235 	-6.40061e-05
0.711356 	0.00250136 	0.000881802 	-6.51574e-05
0.712856 	0.00255211 	0.00087237 	-6.63087e-05
0.714357 	0.00260285 	0.000862937 	-6.74599e-05
0.715858 	0.002648 	0.000852329 	-6.81868e-05
0.717359 	0.00269176 	0.000841429 	-6.88088e-05
0.718859 	0.00273553 	0.00083053 	-6.94309e-05
0.72036 	0.00277929 	0.000819631 	-7.0053e-05
0.721861 	0.00282445 	0.000808767 	-7.073e-05
0.723362 	0.00287589 	0.00079806 	-7.16538e-05
0.724862 	0.00292732 	0.000787354 	-7.25777e-05
0.726363 	0.00297876 	0.000776647 	-7.35015e-05
0.727864 	0.00303019 	0.000765941 	-7.44254e-05
0.729365 	0.00308163 	0.000755234 	-7.53493e-05
0.730865 	0.00313306 	0.000744527 	-7.62731e-05
0.732366 	0.0031845 	0.000733821 	-7.7197e-05
0.733867 	0.00323594 	0.000723114 	-7.81208e-05
0.735368 	0.00328737 	0.000712407 	-7.90447e-05
0.736868 	0.00333881 	0.000701701 	-7.99686e-05
0.738369 	0.00339024 	0.000690994 	-8.08924e-05
0.73987 	0.00344168 	0.000680288 	-8.18163e-05
0.741371 	0.00349311 	0.000669581 	-8.27401e-05
0.742871 	0.00354455 	0.000658874 	-8.3664e-05
0.744372 	0.00359598 	0.000648168 	-8.45878e-05
0.745873 	0.00364742 	0.000637461 	-8.55117e-05
0.747374 	0.00369885 	0.000626754 	-8.64356e-05
0.748874 	0.00375029 	0.000616048 	-8.73594e-05
0.750375 	0.00380172 	0.000605341 	-8.82833e-05
0.751876 	0.00385316 	0.000594635 	-8.92071e-05
0.753377 	0.00390459 	0.000583928 	-9.0131e-05
0.754877 	0.00395603 	0.000573221 	-9.10549e-05
0.756378 	0.00400746 	0.000562515 	-9.19787e-05
0.757879 	0.0040589 	0.000551808 	-9.29026e-05
0.75938 	0.00411446 	0.000541695 	-9.39745e-05
0.76088 	0.00417102 	0.000531727 	-9.50824e-05
0.762381 	0.00422759 	0.000521759 	-9.61904e-05
0.763882 	0.00427903 	0.000511405 	-9.69367e-05
0.765383 	0.00432723 	0.000500808 	-9.74542e-05
0.766883 	0.00437543 	0.00049021 	-9.79717e-05
0.768384 	0.00442945 	0.000479788 	-9.86764e-05
0.769885 	0.00448659 	0.000469461 	-9.94815e-05
0.771386 	0.00454373 	0.000459134 	-0.000100287
0.772886 	0.00460087 	0.000448807 	-0.000101092
0.774387 	0.004658 	0.00043848 	-0.000101897
0.775888 	0.00471514 	0.000428153 	-0.000102702
0.777389 	0.00477228 	0.000417826 	-0.000103507
0.778889 	0.00482942 	0.000407499 	-0.000104312
0.78039 	0.00488656 	0.000397172 	-0.000105117
0.781891 	0.00494369 	0.000386845 	-0.000105922
0.783392 	0.00500083 	0.000376517 	-0.000106727
0.784892 	0.00505797 	0.00036619 	-0.000107533
0.786393 	0.00511511 	0.000355863 	-0.000108338
0.787894 	0.00517225 	0.000345536 	-0.000109143
0.789395 	0.00522939 	0.000335209 	-0.000109948
0.790895 	0.00528652 	0.000324882 	-0.000110753
0.792396 	0.00534366 	0.000314555 	-0.000111558
0.793897 	0.0054008 	0.000304228 	-0.000112363
0.795398 	0.00545794 	0.000293901 	-0.000113168
0.796898 	0.00551508 	0.000283573 	-0.000113973
0.798399 	0.00557221 	0.000273246 	-0.000114779
0.7999 	0.00562935 	0.000262919 	-0.000115584
0.801401 	0.00568649 	0.000252592 	-0.000116389
0.802901 	0.00574363 	0.000242265 	-0.000117194
0.804402 	0.00580077 	0.000231938 	-0.000117999
0.805903 	0.0058579 	0.000221611 	-0.000118804
0.807404 	0.00591504 	0.000211284 	-0.000119609
0.808904 	0.00597218 	0.000200957 	-0.000120414
0.810405 	0.00602932 	0.00019063 	-0.000121219
0.811906 	0.00608729 	0.000180385 	-0.000122058
0.813407 	0.00615023 	0.000170632 	-0.000123098
0.814907 	0.00620264 	0.000160664 	-0.000123691
0.816408 	0.00625901 	0.000151983 	-0.000124521
0.817909 	0.00631572 	0.00014341 	-0.000125371
0.81941 	0.00637243 	0.000134837 	-0.000126221
0.82091 	0.00642915 	0.000126264 	-0.000127072
0.822411 	0.00648586 	0.000117692 	-0.000127922
0.823912 	0.00654257 	0.000109119 	-0.000128772
0.825413 	0.00659929 	0.000100546 	-0.000129623
0.826913 	0.006656 	9.1973e-05 	-0.000130473
0.828414 	0.00671271 	8.34001e-05 	-0.000131323
0.829915 	0.00676943 	7.48273e-05 	-0.000132174
0.831416 	0.00682614 	6.62544e-05 	-0.000133024
0.832916 	0.00688285 	5.76816e-05 	-0.000133874
0.834417 	0.00693957 	4.91087e-05 	-0.000134725
0.835918 	0.00699628 	4.05359e-05 	-0.000135575
0.837419 	0.007053 	3.1963e-05 	-0.000136425
0.838919 	0.00710971 	2.33902e-05 	-0.000137276
0.84042 	0.00716645 	1.47898e-05 	-0.000138123
0.841921 	0.00722332 	6.08622e-06 	-0.00013896
0.843422 	0.00728018 	-2.61741e-06 	-0.000139797
0.844922 	0.00733705 	-1.1321e-05 	-0.000140634
0.846423 	0.00739391 	-2.00247e-05 	-0.000141471
0.847924 	0.00745078 	-2.87283e-05 	-0.000142308
0.849425 	0.00750764 	-3.74319e-05 	-0.000143144
0.850925 	0.0075645 	-4.61355e-05 	-0.000143981
0.852426 	0.00762137 	-5.48392e-05 	-0.000144818
0.853927 	0.00767823 	-6.35428e-05 	-0.000145655
0.855428 	0.0077351 	-7.22464e-05 	-0.000146492
0.856928 	0.00779196 	-8.095e-05 	-0.000147329
0.858429 	0.00784883 	-8.96537e-05 	-0.000148166
0.85993 	0.00790569 	-9.83573e-05 	-0.000149002
0.861431 	0.00796255 	-0.000107061 	-0.000149839
0.862931 	0.00801942 	-0.000115765 	-0.000150676
0.864432 	0.00807628 	-0.000124468 	-0.000151513
0.865933 	0.00814833 	-0.000134397 	-0.000152551
0.867434 	0.00821543 	-0.000142938 	-0.000153615
0.868934 	0.0082804 	-0.000150901 	-0.000154665
0.870435 	0.00834451 	-0.000158629 	-0.000155707
0.871936 	0.00840863 	-0.000166357 	-0.000156748
0.873437 	0.00847274 	-0.000174084 	-0.00015779
0.874937 	0.00853686 	-0.000181812 	-0.000158832
0.876438 	0.00860097 	-0.00018954 	-0.000159873
0.877939 	0.00866509 	-0.000197268 	-0.000160915
0.87944 	0.0087292 	-0.000204995 	-0.000161956
0.88094 	0.00879332 	-0.000212723 	-0.000162998
0.882441 	0.00885743 	-0.000220451 	-0.000164039
0.883942 	0.00892155 	-0.000228179 	-0.000165081
0.885443 	0.00898566 	-0.000235907 	-0.000166123
0.886943 	0.00904978 	-0.000243634 	-0.000167164
0.888444 	0.00911389 	-0.000251362 	-0.000168206
0.889945 	0.00917801 	-0.00025909 	-0.000169247
0.891446 	0.00924212 	-0.000266818 	-0.000170289
0.892946 	0.00930624 	-0.000274545 	-0.00017133
0.894447 	0.00937035 	-0.000282273 	-0.000172372
0.895948 	0.00943447 	-0.000290001 	-0.000173414
0.897449 	0.00949858 	-0.000297729 	-0.000174455
0.898949 	0.0095627 	-0.000305457 	-0.000175497
0.90045 	0.00962681 	-0.000313184 	-0.000176538
0.901951 	0.00969093 	-0.000320912 	-0.00017758
0.903452 	0.00975504 	-0.00032864 	-0.000178621
0.904952 	0.00981916 	-0.000336368 	-0.000179663
0.906453 	0.00988327 	-0.000344095 	-0.000180705
0.907954 	0.00994739 	-0.000351823 	-0.000181746
0.909455 	0.0100115 	-0.000359551 	-0.000182788
0.910955 	0.0100756 	-0.000367279 	-0.000183829
0.912456 	0.0101397 	-0.000375007 	-0.000184871
0.913957 	0.0102038 	-0.000382734 	-0.000185912
0.915458 	0.010268 	-0.000390462 	-0.000186954
0.916958 	0.0103394 	-0.000397738 	-0.000187759
0.918459 	0.0104125 	-0.000404915 	-0.000188512
0.91996 	0.0104856 	-0.000412092 	-0.000189264
0.921461 	0.0105607 	-0.000419413 	-0.000190147
0.922961 	0.0106388 	-0.000426947 	-0.000191222
0.924462 	0.0107169 	-0.000434481 	-0.000192297
0.925963 	0.0107949 	-0.000442015 	-0.000193372
0.927464 	0.0108717 	-0.000449246 	-0.000194295
0.928964 	0.0109458 	-0.000455877 	-0.000194915
0.930465 	0.01102 	-0.000462509 	-0.000195536
0.931966 	0.0110941 	-0.00046914 	-0.000196156
0.933467 	0.0111682 	-0.000475771 	-0.000196776
0.934967 	0.0112424 	-0.000482402 	-0.000197397
0.936468 	0.0113165 	-0.000489033 	-0.000198017
0.937969 	0.0113906 	-0.000495664 	-0.000198637
0.93947 	0.0114647 	-0.000502296 	-0.000199258
0.94097 	0.0115389 	-0.000508927 	-0.000199878
0.942471 	0.011613 	-0.000515558 	-0.000200498
0.943972 	0.0116871 	-0.000522189 	-0.000201119
0.945473 	0.0117613 	-0.00052882 	-0.000201739
0.946973 	0.0118354 	-0.000535451 	-0.000202359
0.948474 	0.0119095 	-0.000542083 	-0.00020298
0.949975 	0.0119837 	-0.000548714 	-0.0002036
0.951476 	0.0120578 	-0.000555345 	-0.00020422
0.952976 	0.0121319 	-0.000561976 	-0.000204841
0.954477 	0.012206 	-0.000568607 	-0.000205461
0.955978 	0.0122802 	-0.000575238 	-0.000206081
0.957479 	0.0123543 	-0.00058187 	-0.000206701
0.958979 	0.0124284 	-0.000588501 	-0.000207322
0.96048 	0.0125026 	-0.000595132 	-0.000207942
0.961981 	0.0125767 	-0.000601763 	-0.000208562
0.963482 	0.0126508 	-0.000608394 	-0.000209183
0.964982 	0.0127249 	-0.000615026 	-0.000209803
0.966483 	0.0127991 	-0.000621657 	-0.000210423
0.967984 	0.0128732 	-0.000628288 	-0.000211044
0.969485 	0.0129439 	-0.000633603 	-0.000211055
0.970985 	0.0130126 	-0.000638133 	-0.000210704
0.972486 	0.0130812 	-0.000642663 	-0.000210352
0.973987 	0.0131499 	-0.000647194 	-0.00021
0.975488 	0.0132186 	-0.000651724 	-0.000209648
0.976988 	0.0132872 	-0.000656254 	-0.000209297
0.978489 	0.013367 	-0.000661038 	-0.000209037
0.97999 	0.0134536 	-0.000665979 	-0.000208833
0.981491 	0.0135402 	-0.00067092 	-0.00020863
0.982991 	0.0136269 	-0.000675861 	-0.000208426
0.984492 	0.0137135 	-0.000680802 	-0.000208223
0.985993 	0.0138002 	-0.000685743 	-0.00020802
0.987494 	0.0138868 	-0.000690684 	-0.000207816
0.988994 	0.0139686 	-0.000695264 	-0.000207589
0.990495 	0.0140446 	-0.000699405 	-0.000207333
0.991996 	0.0141207 	-0.000703547 	-0.000207077
0.993497 	0.0141967 	-0.000707688 	-0.000206822
0.994997 	0.0142727 	-0.00071183 	-0.000206566
0.996498 	0.0143487 	-0.000715972 	-0.00020631
0.997999 	0.0144247 	-0.000720113 	-0.000206054
0.9995 	0.0145008 	-0.000724255 	-0.000205798
1.001 	0.0145768 	-0.000728397 	-0.000205542
1.0025 	0.0146528 	-0.000732538 	-0.000205286
1.004 	0.0147288 	-0.00073668 	-0.00020503
1.0055 	0.0148048 	-0.000740821 	-0.000204774
1.007 	0.0148809 	-0.000744963 	-0.000204518
1.0085 	0.0149569 	-0.000749105 	-0.000204262
1.01001 	0.0150329 	-0.000753246 	-0.000204006
1.01151 	0.0151089 	-0.000757388 	-0.00020375
1.01301 	0.0151849 	-0.00076153 	-0.000203495
1.01451 	0.015261 	-0.000765671 	-0.000203239
1.01601 	0.015337 	-0.000769813 	-0.000202983
1.01751 	0.015413 	-0.000773954 	-0.000202727
1.01901 	0.015489 	-0.000778096 	-0.000202471
1.02051 	0.015565 	-0.000782238 	-0.000202215
1.02201 	0.015641 	-0.000786379 	-0.000201959
1.02351 	0.0157098 	-0.000789592 	-0.000201611
1.02501 	0.0157695 	-0.000791646 	-0.000201147
1.02651 	0.0158293 	-0.0007937 	-0.000200683
1.02801 	0.015889 	-0.000795754 	-0.000200219
1.02951 	0.0159487 	-0.000797808 	-0.000199755
1.03102 	0.0160084 	-0.000799861 	-0.000199291
1.03252 	0.0160682 	-0.000801915 	-0.000198828
1.03402 	0.0161279 	-0.000803969 	-0.000198364
1.03552 	0.0161876 	-0.000806023 	-0.0001979
1.03702 	0.0162677 	-0.000807952 	-0.000197316
1.03852 	0.0163602 	-0.000809805 	-0.000196658
1.04002 	0.0164528 	-0.000811658 	-0.000196
1.04152 	0.0165453 	-0.000813511 	-0.000195342
1.04302 	0.0166379 	-0.000815364 	-0.000194684
1.04452 	0.0167304 	-0.000817216 	-0.000194026
1.04602 	0.0168229 	-0.000819069 	-0.000193368
1.04752 	0.0169155 	-0.000820922 	-0.00019271
1.04902 	0.017008 	-0.000822775 	-0.000192052
1.05053 	0.0171005 	-0.000824628 	-0.000191394
1.05203 	0.0171914 	-0.000826455 	-0.000190745
1.05353 	0.0172654 	-0.000828017 	-0.000190189
1.05503 	0.0173393 	-0.000829579 	-0.000189633
1.05653 	0.0174133 	-0.000831142 	-0.000189077
1.05803 	0.0174872 	-0.000832704 	-0.000188521
1.05953 	0.0175612 	-0.000834266 	-0.000187965
1.06103 	0.0176351 	-0.000835828 	-0.000187409
1.06253 	0.0177091 	-0.00083739 	-0.000186853
1.06403 	0.017783 	-0.000838952 	-0.000186297
1.06553 	0.017857 	-0.000840514 	-0.000185741
1.06703 	0.0179309 	-0.000842076 	-0.000185185
1.06853 	0.0180049 	-0.000843638 	-0.000184629
1.07004 	0.0180788 	-0.0008452 	-0.000184073
1.07154 	0.0181528 	-0.000846762 	-0.000183517
1.07304 	0.0182267 	-0.000848324 	-0.000182961
1.07454 	0.0183007 	-0.000849886 	-0.000182405
1.07604 	0.0183746 	-0.000851448 	-0.000181849
1.07754 	0.0184486 	-0.00085301 	-0.000181293
1.07904 	0.0185149 	-0.000854049 	-0.000180779
1.08054 	0.018567 	-0.000854112 	-0.000180344
1.08204 	0.0186191 	-0.000854174 	-0.000179909
1.08354 	0.0186712 	-0.000854237 	-0.000179474
1.08504 	0.0187233 	-0.0008543 	-0.000179039
1.08654 	0.0187754 	-0.000854362 	-0.000178604
1.08804 	0.0188275 	-0.000854425 	-0.000178168
1.08954 	0.0188796 	-0.000854488 	-0.000177733
1.09105 	0.0189317 	-0.00085455 	-0.000177298
1.09255 	0.0189838 	-0.000854613 	-0.000176863
1.09405 	0.0190359 	-0.000854676 	-0.000176428
1.09555 	0.019088 	-0.000854738 	-0.000175993
1.09705 	0.0191575 	-0.000854135 	-0.000175445
1.09855 	0.0192441 	-0.000852881 	-0.000174788
1.10005 	0.0193307 	-0.000851627 	-0.000174131
1.10155 	0.0194172 	-0.000850373 	-0.000173473
1.10305 	0.0195038 	-0.000849119 	-0.000172816
1.10455 	0.0195904 	-0.000847865 	-0.000172159
1.10605 	0.0196769 	-0.000846611 	-0.000171501
1.10755 	0.0197635 	-0.000845357 	-0.000170844
1.10905 	0.0198501 	-0.000844104 	-0.000170187
1.11056 	0.0199366 	-0.00084285 	-0.000169529
1.11206 	0.0200232 	-0.000841596 	-0.000168872
1.11356 	0.0201098 	-0.000840342 	-0.000168215
1.11506 	0.0201963 	-0.000839088 	-0.000167557
1.11656 	0.0202829 	-0.000837834 	-0.0001669
1.11806 	0.0203623 	-0.000836775 	-0.000166269
1.11956 	0.0204289 	-0.000836064 	-0.000165683
1.12106 	0.0204955 	-0.000835353 	-0.000165097
1.12256 	0.0205621 	-0.000834642 	-0.000164512
1.12406 	0.0206288 	-0.000833931 	-0.000163926
1.12556 	0.0206954 	-0.00083322 	-0.000163341
1.12706 	0.020762 	-0.000832509 	-0.000162755
1.12856 	0.0208286 	-0.000831798 	-0.000162169
1.13007 	0.0208952 	-0.000831087 	-0.000161584
1.13157 	0.0209618 	-0.000830376 	-0.000160998
1.13307 	0.0210284 	-0.000829664 	-0.000160413
1.13457 	0.021095 	-0.000828953 	-0.000159827
1.13607 	0.0211507 	-0.000828091 	-0.000159253
1.13757 	0.0211911 	-0.000827019 	-0.000158696
1.13907 	0.0212315 	-0.000825948 	-0.000158139
1.14057 	0.0212719 	-0.000824876 	-0.000157581
1.14207 	0.0213124 	-0.000823805 	-0.000157024
1.14357 	0.0213528 	-0.000822733 	-0.000156467
1.14507 	0.0213932 	-0.000821662 	-0.000155909
1.14657 	0.0214337 	-0.00082059 	-0.000155352
1.14807 	0.0214741 	-0.000819519 	-0.000154795
1.14957 	0.0215145 	-0.000818447 	-0.000154237
1.15108 	0.021555 	-0.000817376 	-0.00015368
1.15258 	0.0215954 	-0.000816304 	-0.000153123
1.15408 	0.0216358 	-0.000815233 	-0.000152565
1.15558 	0.0216763 	-0.000814161 	-0.000152008
1.15708 	0.0217167 	-0.000813089 	-0.000151451
1.15858 	0.0217696 	-0.000811071 	-0.000150786
1.16008 	0.0218432 	-0.000807496 	-0.000149944
1.16158 	0.0219167 	-0.00080392 	-0.000149102
1.16308 	0.0219902 	-0.000800345 	-0.000148261
1.16458 	0.0220638 	-0.000796769 	-0.000147419
1.16608 	0.0221373 	-0.000793194 	-0.000146577
1.16758 	0.0222108 	-0.000789618 	-0.000145736
1.16908 	0.0222843 	-0.000786043 	-0.000144894
1.17059 	0.0223579 	-0.000782467 	-0.000144052
1.17209 	0.0224314 	-0.000778892 	-0.00014321
1.17359 	0.0225049 	-0.000775316 	-0.000142369
1.17509 	0.0225785 	-0.000771741 	-0.000141527
1.17659 	0.022652 	-0.000768166 	-0.000140685
1.17809 	0.0227255 	-0.00076459 	-0.000139844
1.17959 	0.0227991 	-0.000761015 	-0.000139002
1.18109 	0.0228726 	-0.000757439 	-0.00013816
1.18259 	0.0229461 	-0.000753864 	-0.000137318
1.18409 	0.0230196 	-0.000750288 	-0.000136477
1.18559 	0.0230855 	-0.000747268 	-0.000135711
1.18709 	0.0231402 	-0.000745057 	-0.000135055
1.18859 	0.0231949 	-0.000742847 	-0.0001344
1.1901 	0.0232497 	-0.000740636 	-0.000133744
1.1916 	0.0233044 	-0.000738426 	-0.000133089
1.1931 	0.0233591 	-0.000736216 	-0.000132433
1.1946 	0.0233936 	-0.000734788 	-0.000131935
1.1961 	0.0234213 	-0.000733627 	-0.000131491
1.1976 	0.023449 	-0.000732466 	-0.000131047
1.1991 	0.0234767 	-0.000731305 	-0.000130603
1.2006 	0.0235044 	-0.000730144 	-0.000130159
1.2021 	0.023532 	-0.000728982 	-0.000129715
1.2036 	0.0235597 	-0.000727821 	-0.000129271
1.2051 	0.0235874 	-0.00072666 	-0.000128827
1.2066 	0.0236151 	-0.000725499 	-0.000128383
1.2081 	0.0236428 	-0.000724338 	-0.000127938
1.2096 	0.0236705 	-0.000723177 	-0.000127494
1.21111 	0.0236982 	-0.000722016 	-0.00012705
1.21261 	0.0237259 	-0.000720854 	-0.000126606
1.21411 	0.0237535 	-0.000719693 	-0.000126162
1.21561 	0.0237812 	-0.000718532 	-0.000125718
1.21711 	0.0238089 	-0.000717371 	-0.000125274
1.21861 	0.0238366 	-0.00071621 	-0.00012483
1.22011 	0.0238643 	-0.000715049 	-0.000124386
1.22161 	0.023902 	-0.000712722 	-0.000123827
1.22311 	0.023958 	-0.000708279 	-0.000123062
1.22461 	0.0240139 	-0.000703837 	-0.000122297
1.22611 	0.0240699 	-0.000699394 	-0.000121531
1.22761 	0.0241259 	-0.000694952 	-0.000120766
1.22911 	0.0241818 	-0.000690509 	-0.00012
1.23062 	0.0242378 	-0.000686066 	-0.000119235
1.23212 	0.0242938 	-0.000681624 	-0.000118469
1.23362 	0.0243498 	-0.000677181 	-0.000117704
1.23512 	0.0244057 	-0.000672738 	-0.000116939
1.23662 	0.0244617 	-0.000668296 	-0.000116173
1.23812 	0.0245177 	-0.000663853 	-0.000115408
1.23962 	0.0245736 	-0.000659411 	-0.000114642
1.24112 	0.0246296 	-0.000654968 	-0.000113877
1.24262 	0.0246856 	-0.000650525 	-0.000113112
1.24412 	0.0247415 	-0.000646083 	-0.000112346
1.24562 	0.0247975 	-0.00064164 	-0.000111581
1.24712 	0.0248535 	-0.000637197 	-0.000110815
1.24862 	0.0249094 	-0.000632755 	-0.00011005
1.25013 	0.0249654 	-0.000628312 	-0.000109284
1.25163 	0.0250214 	-0.00062387 	-0.000108519
1.25313 	0.0250663 	-0.000620333 	-0.000107854
1.25463 	0.0250888 	-0.000618831 	-0.000107418
1.25613 	0.0251009 	-0.000618463 	-0.000107114
1.25763 	0.0251129 	-0.000618096 	-0.00010681
1.25913 	0.025125 	-0.000617729 	-0.000106507
1.26063 	0.0251371 	-0.000617361 	-0.000106203
1.26213 	0.0251492 	-0.000616994 	-0.000105899
1.26363 	0.0251612 	-0.000616627 	-0.000105596
1.26513 	0.0251733 	-0.00061626 	-0.000105292
1.26663 	0.0251854 	-0.000615892 	-0.000104988
1.26813 	0.0251975 	-0.000615525 	-0.000104685
1.26963 	0.0252095 	-0.000615158 	-0.000104381
1.27114 	0.0252216 	-0.00061479 	-0.000104077
1.27264 	0.0252337 	-0.000614423 	-0.000103774
1.27414 	0.0252458 	-0.000614056 	-0.00010347
1.27564 	0.0252578 	-0.000613689 	-0.000103166
1.27714 	0.0252699 	-0.000613321 	-0.000102862
1.27864 	0.025282 	-0.000612954 	-0.000102559
1.28014 	0.0252941 	-0.000612587 	-0.000102255
1.28164 	0.0253061 	-0.000612219 	-0.000101951
1.28314 	0.0253182 	-0.000611852 	-0.000101648
1.28464 	0.0253303 	-0.000611485 	-0.000101344
1.28614 	0.0253492 	-0.000609633 	-0.000101011
1.28764 	0.0253734 	-0.000606653 	-0.000100657
1.28914 	0.0253976 	-0.000603673 	-0.000100302
1.29065 	0.0254218 	-0.000600692 	-9.99471e-05
1.29215 	0.0254459 	-0.000597712 	-9.95923e-05
1.29365 	0.0254701 	-0.000594732 	-9.92376e-05
1.29515 	0.0254943 	-0.000591751 	-9.88828e-05
1.29665 	0.0255185 	-0.000588771 	-9.85281e-05
1.29815 	0.0255426 	-0.000585791 	-9.81733e-05
1.29965 	0.0255668 	-0.00058281 	-9.78186e-05
1.30115 	0.025591 	-0.00057983 	-9.74638e-05
1.30265 	0.0256152 	-0.00057685 	-9.71091e-05
1.30415 	0.0256393 	-0.000573869 	-9.67543e-05
1.30565 	0.0256635 	-0.000570889 	-9.63996e-05
1.30715 	0.0256877 	-0.000567909 	-9.60448e-05
1.30865 	0.0257119 	-0.000564928 	-9.56901e-05
1.31016 	0.025736 	-0.000561948 	-9.53353e-05
1.31166 	0.0257602 	-0.000558968 	-9.49806e-05
1.31316 	0.0257824 	-0.000556531 	-9.44624e-05
1.31466 	0.0258025 	-0.000554642 	-9.37792e-05
1.31616 	0.0258226 	-0.000552754 	-9.3096e-05
1.31766 	0.0258427 	-0.000550866 	-9.24128e-05
1.31916 	0.0258628 	-0.000548977 	-9.17296e-05
1.32066 	0.025883 	-0.000547089 	-9.10464e-05
1.32216 	0.0259031 	-0.000545201 	-9.03632e-05
1.32366 	0.0259232 	-0.000543312 	-8.968e-05
1.32516 	0.0259436 	-0.000541856 	-8.88807e-05
1.32666 	0.0259643 	-0.00054072 	-8.79953e-05
1.32816 	0.025985 	-0.000539584 	-8.711e-05
1.32966 	0.0260057 	-0.000538447 	-8.62247e-05
1.33117 	0.0260264 	-0.000537311 	-8.53393e-05
1.33267 	0.026047 	-0.000536175 	-8.4454e-05
1.33417 	0.0260677 	-0.000535039 	-8.35686e-05
1.33567 	0.0260884 	-0.000533903 	-8.26833e-05
1.33717 	0.0261091 	-0.000532766 	-8.17979e-05
1.33867 	0.0261298 	-0.00053163 	-8.09126e-05
1.34017 	0.0261504 	-0.000530494 	-8.00272e-05
1.34167 	0.0261711 	-0.000529358 	-7.91419e-05
1.34317 	0.0261918 	-0.000528221 	-7.82565e-05
1.34467 	0.0262125 	-0.000527085 	-7.73712e-05
1.34617 	0.0262332 	-0.000525949 	-7.64858e-05
1.34767 	0.0262539 	-0.000524813 	-7.56005e-05
1.34917 	0.0262745 	-0.000523676 	-7.47151e-05
1.35068 	0.0262951 	-0.000522271 	-7.38508e-05
1.35218 	0.026315 	-0.00051942 	-7.30994e-05
1.35368 	0.0263348 	-0.000516569 	-7.2348e-05
1.35518 	0.0263547 	-0.000513718 	-7.15966e-05
1.35668 	0.0263745 	-0.000510867 	-7.08451e-05
1.35818 	0.0263944 	-0.000508016 	-7.00937e-05
1.35968 	0.0264143 	-0.000505165 	-6.93423e-05
1.36118 	0.0264341 	-0.000502314 	-6.85909e-05
1.36268 	0.026454 	-0.000499463 	-6.78395e-05
1.36418 	0.0264738 	-0.000496612 	-6.70881e-05
1.36568 	0.0264937 	-0.000493761 	-6.63366e-05
1.36718 	0.0265135 	-0.00049091 	-6.55852e-05
1.36868 	0.0265334 	-0.000488059 	-6.48338e-05
1.37019 	0.0265533 	-0.000485208 	-6.40824e-05
1.37169 	0.0265731 	-0.000482357 	-6.3331e-05
1.37319 	0.0265922 	-0.000479773 	-6.25947e-05
1.37469 	0.0266061 	-0.000478908 	-6.19555e-05
1.37619 	0.02662 	-0.000478042 	-6.13164e-05
1.37769 	0.0266338 	-0.000477177 	-6.06773e-05
1.37919 	0.0266477 	-0.000476312 	-6.00381e-05
1.38069 	0.0266616 	-0.000475446 	-5.9399e-05
1.38219 	0.0266755 	-0.000474581 	-5.87599e-05
1.38369 	0.0266894 	-0.000473716 	-5.81207e-05
1.38519 	0.0267033 	-0.00047285 	-5.74816e-05
1.38669 	0.0267172 	-0.000471985 	-5.68424e-05
1.38819 	0.026731 	-0.00047112 	-5.62033e-05
1.38969 	0.0267449 	-0.000470254 	-5.55642e-05
1.3912 	0.0267588 	-0.000469389 	-5.4925e-05
1.3927 	0.0267727 	-0.000468524 	-5.42859e-05
1.3942 	0.0267866 	-0.000467658 	-5.36468e-05
1.3957 	0.0268003 	-0.000466881 	-5.30123e-05
1.3972 	0.0268122 	-0.000467378 	-5.24452e-05
1.3987 	0.026824 	-0.000467876 	-5.18782e-05
1.4002 	0.0268358 	-0.000468374 	-5.13112e-05
1.4017 	0.0268476 	-0.000468871 	-5.07441e-05
1.4032 	0.0268594 	-0.000469369 	-5.01771e-05
1.4047 	0.0268712 	-0.000469867 	-4.961e-05
1.4062 	0.0268831 	-0.000470364 	-4.9043e-05
1.4077 	0.0268949 	-0.000470862 	-4.8476e-05
1.4092 	0.0269067 	-0.00047136 	-4.79089e-05
1.41071 	0.0269185 	-0.000471857 	-4.73419e-05
1.41221 	0.0269303 	-0.000472355 	-4.67749e-05
1.41371 	0.0269421 	-0.000472853 	-4.62078e-05
1.41521 	0.026954 	-0.00047335 	-4.56408e-05
1.41671 	0.0269648 	-0.000473906 	-4.51335e-05
1.41821 	0.0269731 	-0.000474615 	-4.4786e-05
1.41971 	0.0269813 	-0.000475325 	-4.44385e-05
1.42121 	0.0269895 	-0.000476035 	-4.4091e-05
1.42271 	0.0269978 	-0.000476745 	-4.37435e-05
1.42421 	0.027006 	-0.000477455 	-4.3396e-05
1.42571 	0.0270143 	-0.000478164 	-4.30485e-05
1.42721 	0.0270225 	-0.000478874 	-4.2701e-05
1.42871 	0.0270308 	-0.000479584 	-4.23535e-05
1.43022 	0.027039 	-0.000480294 	-4.2006e-05
1.43172 	0.0270473 	-0.000481003 	-4.16585e-05
1.43322 	0.0270555 	-0.000481713 	-4.13109e-05
1.43472 	0.0270643 	-0.000481851 	-4.08789e-05
1.43622 	0.0270737 	-0.000481254 	-4.03382e-05
1.43772 	0.0270831 	-0.000480657 	-3.97975e-05
1.43922 	0.0270925 	-0.00048006 	-3.92567e-05
1.44072 	0.0271019 	-0.000479463 	-3.8716e-05
1.44222 	0.0271113 	-0.000478866 	-3.81753e-05
1.44372 	0.0271207 	-0.000478269 	-3.76346e-05
1.44522 	0.0271302 	-0.000477672 	-3.70939e-05
1.44672 	0.0271396 	-0.000477074 	-3.65532e-05
1.44822 	0.027149 	-0.000476477 	-3.60124e-05
1.44972 	0.0271584 	-0.00047588 	-3.54717e-05
1.45123 	0.0271678 	-0.000475283 	-3.4931e-05
1.45273 	0.0271772 	-0.000474686 	-3.43903e-05
1.45423 	0.0271866 	-0.000474089 	-3.38496e-05
1.45573 	0.027196 	-0.000473492 	-3.33088e-05
1.45723 	0.0272055 	-0.000472895 	-3.27681e-05
1.45873 	0.0272149 	-0.000472298 	-3.22274e-05
1.46023 	0.0272243 	-0.000471701 	-3.16867e-05
1.46173 	0.0272337 	-0.000471104 	-3.1146e-05
1.46323 	0.0272431 	-0.000470507 	-3.06052e-05
1.46473 	0.0272525 	-0.00046991 	-3.00645e-05
1.46623 	0.0272619 	-0.000469312 	-2.95238e-05
1.46773 	0.0272716 	-0.000468609 	-2.8965e-05
1.46923 	0.027284 	-0.00046668 	-2.81985e-05
1.47074 	0.0272965 	-0.00046475 	-2.74321e-05
1.47224 	0.0273089 	-0.000462821 	-2.66656e-05
1.47374 	0.0273213 	-0.000460892 	-2.58991e-05
1.47524 	0.0273338 	-0.000458963 	-2.51326e-05
1.47674 	0.0273462 	-0.000457034 	-2.43662e-05
1.47824 	0.0273586 	-0.000455104 	-2.35997e-05
1.47974 	0.0273711 	-0.000453175 	-2.28332e-05
1.48124 	0.0273835 	-0.000451246 	-2.20667e-05
1.48274 	0.0273956 	-0.000449455 	-2.13195e-05
1.48424 	0.0274035 	-0.000449505 	-2.08275e-05
1.48574 	0.0274114 	-0.000449554 	-2.03355e-05
1.48724 	0.0274193 	-0.000449603 	-1.98435e-05
1.48874 	0.0274273 	-0.000449653 	-1.93515e-05
1.49025 	0.0274352 	-0.000449702 	-1.88596e-05
1.49175 	0.0274431 	-0.000449751 	-1.83676e-05
1.49325 	0.027451 	-0.0004498 	-1.78756e-05
1.49475 	0.0274589 	-0.00044985 	-1.73836e-05
1.49625 	0.0274666 	-0.000449533 	-1.68723e-05
1.49775 	0.0274742 	-0.000448878 	-1.6343e-05
1.49925 	0.0274817 	-0.000448223 	-1.58138e-05
1.50075 	0.0274892 	-0.000447568 	-1.52845e-05
1.50225 	0.0274968 	-0.000446913 	-1.47553e-05
1.50375 	0.0275043 	-0.000446258 	-1.4226e-05
1.50525 	0.0275119 	-0.000445603 	-1.36968e-05
1.50675 	0.0275194 	-0.000444948 	-1.31676e-05
1.50825 	0.0275269 	-0.000444293 	-1.26383e-05
1.50975 	0.0275345 	-0.000443638 	-1.21091e-05
1.51126 	0.027542 	-0.000442983 	-1.15798e-05
1.51276 	0.0275496 	-0.000442328 	-1.10506e-05
1.51426 	0.0275571 	-0.000441673 	-1.05213e-05
1.51576 	0.0275646 	-0.000441018 	-9.99209e-06
1.51726 	0.0275722 	-0.000440363 	-9.46284e-06
1.51876 	0.0275797 	-0.000439708 	-8.9336e-06
1.52026 	0.0275873 	-0.000439053 	-8.40436e-06
1.52176 	0.0275948 	-0.000438398 	-7.87511e-06
1.52326 	0.0276023 	-0.000437743 	-7.34587e-06
1.52476 	0.0276099 	-0.000437088 	-6.81662e-06
1.52626 	0.0276174 	-0.000436433 	-6.28738e-06
1.52776 	0.027625 	-0.000435778 	-5.75813e-06
1.52926 	0.0276325 	-0.000435123 	-5.22889e-06
1.53077 	0.02764 	-0.000434468 	-4.69965e-06
1.53227 	0.0276476 	-0.000433813 	-4.1704e-06
1.53377 	0.0276551 	-0.000433158 	-3.64116e-06
1.53527 	0.0276627 	-0.000432503 	-3.11191e-06
1.53677 	0.0276702 	-0.000431848 	-2.58267e-06
1.53827 	0.0276777 	-0.000431193 	-2.05342e-06
1.53977 	0.0276853 	-0.000430538 	-1.52418e-06
1.54127 	0.0276937 	-0.000429227 	-9.14573e-07
1.54277 	0.0277022 	-0.000427792 	-2.89636e-07
1.54427 	0.0277107 	-0.000426356 	3.35302e-07
1.54577 	0.0277193 	-0.000424921 	9.6024e-07
1.54727 	0.0277278 	-0.000423485 	1.58518e-06
1.54877 	0.0277364 	-0.000422049 	2.21012e-06
1.55028 	0.0277435 	-0.00042184 	2.7486e-06
1.55178 	0.0277501 	-0.000422128 	3.252e-06
1.55328 	0.0277567 	-0.000422416 	3.7554e-06
1.55478 	0.0277633 	-0.000422704 	4.2588e-06
1.55628 	0.0277699 	-0.000422992 	4.7622e-06
1.55778 	0.0277766 	-0.000422918 	5.22451e-06
1.55928 	0.0277834 	-0.000422477 	5.64532e-06
1.56078 	0.0277901 	-0.000422036 	6.06612e-06
1.56228 	0.0277969 	-0.000421595 	6.48693e-06
1.56378 	0.0278037 	-0.000421155 	6.90774e-06
1.56528 	0.0278104 	-0.000420714 	7.32855e-06
1.56678 	0.0278172 	-0.000420273 	7.74935e-06
1.56828 	0.027824 	-0.000419832 	8.17016e-06
1.56978 	0.0278307 	-0.000419391 	8.59097e-06
1.57129 	0.0278375 	-0.00041895 	9.01178e-06
1.57279 	0.0278443 	-0.00041851 	9.43259e-06
1.57429 	0.027851 	-0.000418069 	9.85339e-06
1.57579 	0.0278578 	-0.000417628 	1.02742e-05
1.57729 	0.0278646 	-0.000417187 	1.0695e-05
1.57879 	0.0278713 	-0.000416746 	1.11158e-05
1.58029 	0.0278781 	-0.000416306 	1.15366e-05
1.58179 	0.0278849 	-0.000415865 	1.19574e-05
1.58329 	0.0278916 	-0.000415424 	1.23782e-05
1.58479 	0.0278984 	-0.000414983 	1.2799e-05
1.58629 	0.0279052 	-0.000414542 	1.32199e-05
1.58779 	0.0279119 	-0.000414101 	1.36407e-05
1.58929 	0.0279187 	-0.000413661 	1.40615e-05
1.5908 	0.0279255 	-0.00041322 	1.44823e-05
1.5923 	0.0279322 	-0.000412779 	1.49031e-05
1.5938 	0.027939 	-0.000412338 	1.53239e-05
1.5953 	0.0279458 	-0.000411897 	1.57447e-05
1.5968 	0.0279525 	-0.000411457 	1.61655e-05
1.5983 	0.0279593 	-0.000411016 	1.65863e-05
1.5998 	0.0279661 	-0.000410575 	1.70071e-05
1.6013 	0.0279728 	-0.000410134 	1.74279e-05
1.6028 	0.0279796 	-0.000409693 	1.78487e-05
1.6043 	0.0279864 	-0.000409253 	1.82695e-05
1.6058 	0.0279931 	-0.000408812 	1.86904e-05
1.6073 	0.0279999 	-0.000408371 	1.91112e-05
1.6088 	0.0280067 	-0.00040793 	1.9532e-05
1.61031 	0.0280134 	-0.000407489 	1.99528e-05
1.61181 	0.0280202 	-0.000407048 	2.03736e-05
1.61331 	0.0280272 	-0.000406202 	2.07812e-05
1.61481 	0.0280345 	-0.000405047 	2.11788e-05
1.61631 	0.0280413 	-0.000404463 	2.15587e-05
1.61781 	0.0280473 	-0.000404893 	2.1907e-05
1.61931 	0.0280536 	-0.000404956 	2.22365e-05
1.62081 	0.0280601 	-0.000404633 	2.25464e-05
1.62231 	0.0280667 	-0.00040431 	2.28562e-05
1.62381 	0.0280732 	-0.000403986 	2.3166e-05
1.62531 	0.0280798 	-0.000403663 	2.34758e-05
1.62681 	0.0280864 	-0.000403339 	2.37856e-05
1.62831 	0.0280929 	-0.000403016 	2.40955e-05
1.62981 	0.0280995 	-0.000402693 	2.44053e-05
1.63132 	0.0281061 	-0.000402369 	2.47151e-05
1.63282 	0.0281126 	-0.000402046 	2.50249e-05
1.63432 	0.0281192 	-0.000401723 	2.53348e-05
1.63582 	0.0281257 	-0.000401399 	2.56446e-05
1.63732 	0.0281323 	-0.000401076 	2.59544e-05
1.63882 	0.0281389 	-0.000400752 	2.62642e-05
1.64032 	0.0281454 	-0.000400429 	2.65741e-05
1.64182 	0.028152 	-0.000400106 	2.68839e-05
1.64332 	0.0281585 	-0.000399782 	2.71937e-05
1.64482 	0.0281651 	-0.000399459 	2.75035e-05
1.64632 	0.0281717 	-0.000399136 	2.78133e-05
1.64782 	0.0281782 	-0.000398812 	2.81232e-05
1.64932 	0.0281848 	-0.000398489 	2.8433e-05
1.65083 	0.0281914 	-0.000398166 	2.87428e-05
1.65233 	0.0281979 	-0.000397842 	2.90526e-05
1.65383 	0.0282045 	-0.000397517 	2.93645e-05
1.65533 	0.028211 	-0.000397187 	2.96796e-05
1.65683 	0.0282176 	-0.000396858 	2.99948e-05
1.65833 	0.0282241 	-0.000396528 	3.03099e-05
1.65983 	0.0282306 	-0.000396199 	3.06251e-05
1.66133 	0.0282372 	-0.000395869 	3.09402e-05
1.66283 	0.0282437 	-0.00039554 	3.12554e-05
1.66433 	0.0282503 	-0.000395211 	3.15705e-05
1.66583 	0.0282568 	-0.000394881 	3.18857e-05
1.66733 	0.0282633 	-0.000394552 	3.22008e-05
1.66883 	0.0282699 	-0.000394222 	3.2516e-05
1.67034 	0.0282764 	-0.000393893 	3.28311e-05
1.67184 	0.028283 	-0.000393564 	3.31463e-05
1.67334 	0.0282895 	-0.000393234 	3.34614e-05
1.67484 	0.0282961 	-0.000392905 	3.37766e-05
1.67634 	0.0283026 	-0.000392575 	3.40918e-05
1.67784 	0.0283091 	-0.000392246 	3.44069e-05
1.67934 	0.0283157 	-0.000391916 	3.47221e-05
1.68084 	0.0283225 	-0.000391893 	3.50121e-05
1.68234 	0.0283293 	-0.000391946 	3.52815e-05
1.68384 	0.0283357 	-0.000391303 	3.55255e-05
1.68534 	0.0283422 	-0.000390807 	3.57838e-05
1.68684 	0.0283489 	-0.000390499 	3.60601e-05
1.68834 	0.0283556 	-0.00039019 	3.63364e-05
1.68984 	0.0283623 	-0.000389882 	3.66128e-05
1.69135 	0.028369 	-0.000389573 	3.68891e-05
1.69285 	0.0283757 	-0.000389265 	3.71654e-05
1.69435 	0.0283824 	-0.000388956 	3.74417e-05
1.69585 	0.0283891 	-0.000388648 	3.77181e-05
1.69735 	0.0283958 	-0.000388339 	3.79944e-05
1.69885 	0.0284025 	-0.00038803 	3.82707e-05
1.70035 	0.0284092 	-0.000387722 	3.85471e-05
1.70185 	0.0284159 	-0.000387413 	3.88234e-05
1.70335 	0.0284226 	-0.000387105 	3.90997e-05
1.70485 	0.0284293 	-0.000386796 	3.9376e-05
1.70635 	0.028436 	-0.000386488 	3.96524e-05
1.70785 	0.0284427 	-0.000386179 	3.99287e-05
1.70935 	0.0284494 	-0.000385871 	4.0205e-05
1.71086 	0.0284561 	-0.000385562 	4.04814e-05
1.71236 	0.0284628 	-0.000385254 	4.07577e-05
1.71386 	0.0284695 	-0.000384945 	4.1034e-05
1.71536 	0.0284762 	-0.000384637 	4.13103e-05
1.71686 	0.0284829 	-0.000384328 	4.15867e-05
1.71836 	0.0284895 	-0.000384019 	4.1863e-05
1.71986 	0.0284962 	-0.000383711 	4.21393e-05
1.72136 	0.0285029 	-0.000383402 	4.24157e-05
1.72286 	0.0285096 	-0.000383094 	4.2692e-05
1.72436 	0.0285163 	-0.000382785 	4.29683e-05
1.72586 	0.028523 	-0.000382477 	4.32446e-05
1.72736 	0.0285297 	-0.000382168 	4.3521e-05
1.72886 	0.0285364 	-0.00038186 	4.37973e-05
1.73037 	0.0285431 	-0.000381551 	4.40736e-05
1.73187 	0.0285498 	-0.000381243 	4.435e-05
1.73337 	0.0285565 	-0.000380934 	4.46263e-05
1.73487 	0.0285632 	-0.000380626 	4.49026e-05
1.73637 	0.0285699 	-0.000380317 	4.51789e-05
1.73787 	0.0285766 	-0.000380009 	4.54553e-05
1.73937 	0.0285833 	-0.0003797 	4.57316e-05
1.74087 	0.02859 	-0.000379391 	4.60079e-05
1.74237 	0.0285961 	-0.000379914 	4.62808e-05
1.74387 	0.0286022 	-0.000380445 	4.65537e-05
1.74537 	0.0286082 	-0.000380975 	4.68266e-05
1.74687 	0.0286143 	-0.000381505 	4.70994e-05
1.74837 	0.0286207 	-0.000381682 	4.73757e-05
1.74987 	0.0286281 	-0.000380702 	4.76631e-05
1.75138 	0.0286355 	-0.000379722 	4.79504e-05
1.75288 	0.0286429 	-0.000378742 	4.82378e-05
1.75438 	0.0286503 	-0.000377762 	4.85252e-05
1.75588 	0.0286577 	-0.000376781 	4.88126e-05
1.75738 	0.0286647 	-0.00037625 	4.90646e-05
1.75888 	0.0286715 	-0.000375918 	4.9301e-05
1.76038 	0.0286784 	-0.000375585 	4.95373e-05
1.76188 	0.0286853 	-0.000375253 	4.97737e-05
1.76338 	0.0286921 	-0.00037492 	5.00101e-05
1.76488 	0.028699 	-0.000374588 	5.02465e-05
1.76638 	0.0287058 	-0.000374255 	5.04829e-05
1.76788 	0.0287127 	-0.000373923 	5.07193e-05
1.76938 	0.0287195 	-0.00037359 	5.09557e-05
1.77089 	0.0287264 	-0.000373258 	5.11921e-05
1.77239 	0.0287332 	-0.000372925 	5.14284e-05
1.77389 	0.0287401 	-0.000372593 	5.16648e-05
1.77539 	0.0287469 	-0.00037226 	5.19012e-05
1.77689 	0.0287538 	-0.000371928 	5.21376e-05
1.77839 	0.0287606 	-0.000371595 	5.2374e-05
1.77989 	0.0287675 	-0.000371263 	5.26104e-05
1.78139 	0.0287743 	-0.00037093 	5.28468e-05
1.78289 	0.0287812 	-0.000370598 	5.30832e-05
1.78439 	0.0287881 	-0.000370265 	5.33195e-05
1.78589 	0.0287949 	-0.000369933 	5.35559e-05
1.78739 	0.0288018 	-0.0003696 	5.37923e-05
1.78889 	0.0288086 	-0.000369268 	5.40287e-05
1.7904 	0.0288155 	-0.000368935 	5.42651e-05
1.7919 	0.0288223 	-0.000368602 	5.45015e-05
1.7934 	0.0288292 	-0.00036827 	5.47379e-05
1.7949 	0.028836 	-0.000367937 	5.49743e-05
1.7964 	0.0288429 	-0.000367605 	5.52106e-05
1.7979 	0.0288497 	-0.000367272 	5.5447e-05
1.7994 	0.0288566 	-0.00036694 	5.56834e-05
1.8009 	0.0288634 	-0.000366607 	5.59198e-05
1.8024 	0.02887 	-0.000366897 	5.60949e-05
1.8039 	0.0288764 	-0.000367385 	5.62505e-05
1.8054 	0.0288828 	-0.000367874 	5.6406e-05
1.8069 	0.0288892 	-0.000368362 	5.65616e-05
1.8084 	0.0288956 	-0.000368851 	5.67171e-05
1.8099 	0.028902 	-0.000369339 	5.68727e-05
1.81141 	0.0289084 	-0.000369828 	5.70283e-05
1.81291 	0.0289148 	-0.000370316 	5.71838e-05
1.81441 	0.0289222 	-0.000369597 	5.73337e-05
1.81591 	0.0289299 	-0.000368604 	5.74823e-05
1.81741 	0.0289375 	-0.000367611 	5.76309e-05
1.81891 	0.0289452 	-0.000366618 	5.77795e-05
1.82041 	0.0289528 	-0.000365625 	5.79282e-05
1.82191 	0.0289605 	-0.000364631 	5.80768e-05
1.82341 	0.0289682 	-0.000363638 	5.82254e-05
1.82491 	0.0289758 	-0.000362645 	5.8374e-05
1.82641 	0.0289835 	-0.000361652 	5.85226e-05
1.82791 	0.0289908 	-0.000361043 	5.86112e-05
1.82941 	0.028998 	-0.00036067 	5.8663e-05
1.83092 	0.0290051 	-0.000360298 	5.87148e-05
1.83242 	0.0290122 	-0.000359925 	5.87666e-05
1.83392 	0.0290194 	-0.000359552 	5.88183e-05
1.83542 	0.0290265 	-0.000359179 	5.88701e-05
1.83692 	0.0290337 	-0.000358806 	5.89219e-05
1.83842 	0.0290408 	-0.000358434 	5.89737e-05
1.83992 	0.0290479 	-0.000358061 	5.90254e-05
1.84142 	0.0290551 	-0.000357688 	5.90772e-05
1.84292 	0.0290622 	-0.000357315 	5.9129e-05
1.84442 	0.0290694 	-0.000356942 	5.91808e-05
1.84592 	0.0290765 	-0.000356569 	5.92325e-05
1.84742 	0.0290837 	-0.000356197 	5.92843e-05
1.84892 	0.0290908 	-0.000355824 	5.93361e-05
1.85043 	0.0290979 	-0.000355451 	5.93878e-05
1.85193 	0.0291051 	-0.000355078 	5.94396e-05
1.85343 	0.0291122 	-0.000354705 	5.94914e-05
1.85493 	0.0291194 	-0.000354333 	5.95432e-05
1.85643 	0.0291265 	-0.00035396 	5.95949e-05
1.85793 	0.0291336 	-0.000353587 	5.96467e-05
1.85943 	0.0291408 	-0.000353214 	5.96985e-05
1.86093 	0.0291479 	-0.000352853 	5.97483e-05
1.86243 	0.0291546 	-0.000353264 	5.96665e-05
1.86393 	0.0291613 	-0.000353675 	5.95848e-05
1.86543 	0.0291679 	-0.000354086 	5.9503e-05
1.86693 	0.0291746 	-0.000354496 	5.94212e-05
1.86843 	0.0291813 	-0.000354907 	5.93395e-05
1.86993 	0.0291879 	-0.000355318 	5.92577e-05
1.87144 	0.0291946 	-0.000355729 	5.91759e-05
1.87294 	0.0292013 	-0.00035614 	5.90942e-05
1.87444 	0.0292079 	-0.000356551 	5.90124e-05
1.87594 	0.0292146 	-0.000356962 	5.89306e-05
1.87744 	0.0292213 	-0.000357315 	5.88481e-05
1.87894 	0.0292292 	-0.000356311 	5.87464e-05
1.88044 	0.0292371 	-0.000355306 	5.86448e-05
1.88194 	0.029245 	-0.000354301 	5.85432e-05
1.88344 	0.0292529 	-0.000353297 	5.84415e-05
1.88494 	0.0292608 	-0.000352292 	5.83399e-05
1.88644 	0.0292687 	-0.000351288 	5.82383e-05
1.88794 	0.0292765 	-0.000350283 	5.81366e-05
1.88944 	0.0292844 	-0.000349278 	5.8035e-05
1.89095 	0.0292923 	-0.000348274 	5.79334e-05
1.89245 	0.0293002 	-0.000347269 	5.78317e-05
1.89395 	0.0293081 	-0.000346265 	5.77301e-05
1.89545 	0.029316 	-0.00034526 	5.76285e-05
1.89695 	0.0293236 	-0.000344505 	5.75513e-05
1.89845 	0.0293309 	-0.000344101 	5.75086e-05
1.89995 	0.0293382 	-0.000343697 	5.7466e-05
1.90145 	0.0293455 	-0.000343294 	5.74233e-05
1.90295 	0.0293528 	-0.00034289 	5.73807e-05
1.90445 	0.0293601 	-0.000342487 	5.7338e-05
1.90595 	0.0293674 	-0.000342083 	5.72954e-05
1.90745 	0.0293747 	-0.000341679 	5.72527e-05
1.90895 	0.029382 	-0.000341276 	5.72101e-05
1.91046 	0.0293893 	-0.000340872 	5.71674e-05
1.91196 	0.0293966 	-0.000340469 	5.71248e-05
1.91346 	0.0294039 	-0.000340065 	5.70821e-05
1.91496 	0.0294112 	-0.000339661 	5.70394e-05
1.91646 	0.0294185 	-0.000339258 	5.69968e-05
1.91796 	0.0294258 	-0.000338854 	5.69541e-05
1.91946 	0.0294331 	-0.000338451 	5.69115e-05
1.92096 	0.0294399 	-0.000338707 	5.69473e-05
1.92246 	0.0294465 	-0.000339065 	5.69953e-05
1.92396 	0.0294532 	-0.000339424 	5.70433e-05
1.92546 	0.0294598 	-0.000339782 	5.70913e-05
1.92696 	0.0294665 	-0.00034014 	5.71393e-05
1.92846 	0.0294732 	-0.000340499 	5.71872e-05
1.92996 	0.0294798 	-0.000340857 	5.72352e-05
1.93147 	0.0294865 	-0.000341215 	5.72832e-05
1.93297 	0.0294931 	-0.000341573 	5.73312e-05
1.93447 	0.0294998 	-0.000341932 	5.73792e-05
1.93597 	0.0295065 	-0.00034229 	5.74271e-05
1.93747 	0.0295131 	-0.000342648 	5.74751e-05
1.93897 	0.0295198 	-0.000343006 	5.75231e-05
1.94047 	0.0295265 	-0.0003433 	5.75712e-05
1.94197 	0.0295344 	-0.00034234 	5.76205e-05
1.94347 	0.0295423 	-0.00034138 	5.76698e-05
1.94497 	0.0295502 	-0.000340419 	5.77191e-05
1.94647 	0.0295581 	-0.000339459 	5.77685e-05
1.94797 	0.029566 	-0.000338499 	5.78178e-05
1.94947 	0.0295739 	-0.000337539 	5.78671e-05
1.95098 	0.0295818 	-0.000336579 	5.79164e-05
1.95248 	0.0295897 	-0.000335619 	5.79657e-05
1.95398 	0.0295976 	-0.000334659 	5.80151e-05
1.95548 	0.0296055 	-0.000333699 	5.80644e-05
1.95698 	0.0296134 	-0.000332739 	5.81137e-05
1.95848 	0.0296213 	-0.000331779 	5.8163e-05
1.95998 	0.0296292 	-0.000330819 	5.82124e-05
1.96148 	0.0296371 	-0.000329859 	5.82617e-05
1.96298 	0.029645 	-0.000328899 	5.8311e-05
1.96448 	0.0296526 	-0.000328152 	5.83729e-05
1.96598 	0.0296596 	-0.00032801 	5.84704e-05
1.96748 	0.0296666 	-0.000327868 	5.8568e-05
1.96898 	0.0296736 	-0.000327725 	5.86655e-05
1.97049 	0.0296807 	-0.000327583 	5.8763e-05
1.97199 	0.0296877 	-0.000327441 	5.88606e-05
1.97349 	0.0296947 	-0.000327299 	5.89581e-05
1.97499 	0.0297017 	-0.000327156 	5.90556e-05
1.97649 	0.0297087 	-0.000327014 	5.91532e-05
1.97799 	0.0297153 	-0.000327292 	5.92794e-05
1.97949 	0.0297212 	-0.000328173 	5.94469e-05
1.98099 	0.0297272 	-0.000329054 	5.96144e-05
1.98249 	0.0297332 	-0.000329935 	5.9782e-05
1.98399 	0.0297392 	-0.000330815 	5.99495e-05
1.98549 	0.0297452 	-0.000331696 	6.0117e-05
1.98699 	0.0297511 	-0.000332577 	6.02845e-05
1.98849 	0.0297571 	-0.000333458 	6.0452e-05
1.98999 	0.0297631 	-0.000334339 	6.06195e-05
1.9915 	0.0297691 	-0.00033522 	6.0787e-05
1.993 	0.029775 	-0.000336101 	6.09545e-05
1.9945 	0.029781 	-0.000336981 	6.1122e-05
1.996 	0.029787 	-0.000337862 	6.12895e-05
1.9975 	0.029793 	-0.000338743 	6.14571e-05
1.999 	0.0297989 	-0.000339624 	6.16246e-05
2.0005 	0.0298049 	-0.000340505 	6.17921e-05
2.002 	0.0298109 	-0.000341386 	6.19596e-05
2.0035 	0.0298172 	-0.000342246 	6.21427e-05
2.005 	0.0298235 	-0.000343106 	6.23262e-05
2.0065 	0.0298298 	-0.000343966 	6.25098e-05
2.008 	0.0298361 	-0.000344826 	6.26933e-05
2.0095 	0.0298423 	-0.000345685 	6.28769e-05
2.01101 	0.0298486 	-0.000346545 	6.30604e-05
2.01251 	0.0298549 	-0.000347405 	6.3244e-05
2.01401 	0.0298612 	-0.000348265 	6.34275e-05
2.01551 	0.0298675 	-0.000349124 	6.36111e-05
2.01701 	0.0298738 	-0.000349984 	6.37947e-05
2.01851 	0.0298801 	-0.000350844 	6.39782e-05
2.02001 	0.0298864 	-0.000351704 	6.41618e-05
2.02151 	0.0298927 	-0.000352564 	6.43453e-05
2.02301 	0.029899 	-0.000353423 	6.45289e-05
2.02451 	0.0299052 	-0.000354283 	6.47124e-05
2.02601 	0.0299115 	-0.000355143 	6.4896e-05
2.02751 	0.0299178 	-0.000356003 	6.50795e-05
2.02901 	0.0299241 	-0.000356862 	6.52631e-05
2.03052 	0.0299305 	-0.000357447 	6.54295e-05
2.03202 	0.0299372 	-0.000357446 	6.55594e-05
2.03352 	0.0299439 	-0.000357445 	6.56893e-05
2.03502 	0.029951 	-0.000356714 	6.57672e-05
2.03652 	0.0299581 	-0.000355724 	6.58266e-05
2.03802 	0.0299653 	-0.000354735 	6.5886e-05
2.03952 	0.0299725 	-0.000353746 	6.59455e-05
2.04102 	0.0299796 	-0.000352757 	6.60049e-05
2.04252 	0.0299868 	-0.000351768 	6.60643e-05
2.04402 	0.029994 	-0.000350779 	6.61238e-05
2.04552 	0.0300011 	-0.00034979 	6.61832e-05
2.04702 	0.0300083 	-0.000348801 	6.62426e-05
2.04852 	0.0300154 	-0.000347812 	6.63021e-05
2.05003 	0.0300226 	-0.000346823 	6.63615e-05
2.05153 	0.0300298 	-0.000345834 	6.6421e-05
2.05303 	0.0300369 	-0.000344844 	6.64804e-05
2.05453 	0.0300441 	-0.000343855 	6.65398e-05
2.05603 	0.0300513 	-0.000342866 	6.65993e-05
2.05753 	0.0300584 	-0.000341877 	6.66587e-05
2.05903 	0.0300656 	-0.000340888 	6.67181e-05
2.06053 	0.0300728 	-0.000339899 	6.67776e-05
2.06203 	0.0300799 	-0.00033891 	6.6837e-05
2.06353 	0.0300865 	-0.000339058 	6.68953e-05
2.06503 	0.030093 	-0.000339301 	6.69536e-05
2.06653 	0.0300995 	-0.000339545 	6.70119e-05
2.06803 	0.030106 	-0.000339789 	6.70701e-05
2.06953 	0.0301124 	-0.000340032 	6.71284e-05
2.07104 	0.0301189 	-0.000340276 	6.71866e-05
2.07254 	0.0301254 	-0.000340519 	6.72449e-05
2.07404 	0.0301319 	-0.000340763 	6.73031e-05
2.07554 	0.0301384 	-0.000341006 	6.73614e-05
2.07704 	0.0301449 	-0.00034125 	6.74197e-05
2.07854 	0.0301514 	-0.000341494 	6.74779e-05
2.08004 	0.0301579 	-0.000341737 	6.75362e-05
2.08154 	0.0301644 	-0.000341981 	6.75944e-05
2.08304 	0.0301709 	-0.000342224 	6.76527e-05
2.08454 	0.0301774 	-0.000342468 	6.7711e-05
2.08604 	0.0301838 	-0.000342711 	6.77692e-05
2.08754 	0.0301903 	-0.000342955 	6.78275e-05
2.08904 	0.0301968 	-0.000343199 	6.78857e-05
2.09055 	0.0302035 	-0.000342803 	6.79064e-05
2.09205 	0.0302101 	-0.000342348 	6.79236e-05
2.09355 	0.0302167 	-0.000341894 	6.79408e-05
2.09505 	0.0302231 	-0.000340983 	6.79305e-05
2.09655 	0.0302293 	-0.000339934 	6.7912e-05
2.09805 	0.0302355 	-0.000338886 	6.78935e-05
2.09955 	0.0302418 	-0.000337837 	6.78749e-05
2.10105 	0.030248 	-0.000336789 	6.78564e-05
2.10255 	0.0302542 	-0.00033574 	6.78379e-05
2.10405 	0.0302605 	-0.000334691 	6.78193e-05
2.10555 	0.0302667 	-0.000333643 	6.78008e-05
2.10705 	0.030273 	-0.000332594 	6.77823e-05
2.10855 	0.0302792 	-0.000331545 	6.77637e-05
2.11006 	0.0302854 	-0.000330497 	6.77452e-05
2.11156 	0.0302917 	-0.000329448 	6.77267e-05
2.11306 	0.0302979 	-0.0003284 	6.77081e-05
2.11456 	0.0303042 	-0.000327351 	6.76896e-05
2.11606 	0.0303104 	-0.000326302 	6.76711e-05
2.11756 	0.0303166 	-0.000325254 	6.76525e-05
2.11906 	0.0303229 	-0.000324205 	6.7634e-05
2.12056 	0.0303291 	-0.000323165 	6.76153e-05
2.12206 	0.0303359 	-0.000323314 	6.75753e-05
2.12356 	0.0303427 	-0.000323464 	6.75352e-05
2.12506 	0.0303496 	-0.000323614 	6.74951e-05
2.12656 	0.0303564 	-0.000323764 	6.74551e-05
2.12806 	0.0303632 	-0.000323914 	6.7415e-05
2.12956 	0.03037 	-0.000324064 	6.73749e-05
2.13107 	0.0303768 	-0.000324214 	6.73349e-05
2.13257 	0.0303836 	-0.000324364 	6.72948e-05
2.13407 	0.0303905 	-0.000324514 	6.72547e-05
2.13557 	0.0303973 	-0.000324664 	6.72147e-05
2.13707 	0.0304041 	-0.000324814 	6.71746e-05
2.13857 	0.0304109 	-0.000324964 	6.71346e-05
2.14007 	0.0304177 	-0.000325114 	6.70945e-05
2.14157 	0.0304245 	-0.000325264 	6.70544e-05
2.14307 	0.0304313 	-0.0003254 	6.70149e-05
2.14457 	0.0304365 	-0.000324975 	6.69952e-05
2.14607 	0.0304416 	-0.000324551 	6.69755e-05
2.14757 	0.0304468 	-0.000324126 	6.69559e-05
2.14907 	0.0304519 	-0.000323702 	6.69362e-05
2.15058 	0.0304571 	-0.000323277 	6.69165e-05
2.15208 	0.0304623 	-0.000322853 	6.68969e-05
2.15358 	0.0304674 	-0.000322428 	6.68772e-05
2.15508 	0.0304726 	-0.000322004 	6.68575e-05
2.15658 	0.0304767 	-0.000321212 	6.68521e-05
2.15808 	0.0304804 	-0.000320269 	6.68525e-05
2.15958 	0.0304841 	-0.000319326 	6.68529e-05
2.16108 	0.0304877 	-0.000318384 	6.68534e-05
2.16258 	0.0304914 	-0.000317441 	6.68538e-05
2.16408 	0.0304951 	-0.000316498 	6.68542e-05
2.16558 	0.0304988 	-0.000315555 	6.68546e-05
2.16708 	0.0305025 	-0.000314613 	6.6855e-05
2.16858 	0.0305062 	-0.00031367 	6.68554e-05
2.17009 	0.0305099 	-0.000312727 	6.68558e-05
2.17159 	0.0305135 	-0.000311785 	6.68562e-05
2.17309 	0.0305172 	-0.000310842 	6.68566e-05
2.17459 	0.0305209 	-0.000309899 	6.6857e-05
2.17609 	0.0305246 	-0.000308956 	6.68574e-05
2.17759 	0.0305284 	-0.000308398 	6.68547e-05
2.17909 	0.0305325 	-0.00030868 	6.68452e-05
2.18059 	0.0305365 	-0.000308961 	6.68357e-05
2.18209 	0.0305406 	-0.000309242 	6.68262e-05
2.18359 	0.0305447 	-0.000309523 	6.68167e-05
2.18509 	0.0305487 	-0.000309804 	6.68072e-05
2.18659 	0.0305528 	-0.000310085 	6.67977e-05
2.18809 	0.0305569 	-0.000310366 	6.67882e-05
2.18959 	0.0305609 	-0.000310647 	6.67786e-05
2.1911 	0.030565 	-0.000310928 	6.67691e-05
2.1926 	0.0305691 	-0.000311209 	6.67596e-05
2.1941 	0.0305731 	-0.00031149 	6.67501e-05
2.1956 	0.0305773 	-0.000311661 	6.6731e-05
2.1971 	0.0305822 	-0.000311216 	6.66586e-05
2.1986 	0.030587 	-0.000310772 	6.65862e-05
2.2001 	0.0305919 	-0.000310327 	6.65139e-05
2.2016 	0.0305967 	-0.000309883 	6.64415e-05
2.2031 	0.0306016 	-0.000309439 	6.63691e-05
2.2046 	0.0306065 	-0.000308994 	6.62967e-05
2.2061 	0.0306113 	-0.00030855 	6.62244e-05
2.2076 	0.0306162 	-0.000308105 	6.6152e-05
2.2091 	0.030621 	-0.000307661 	6.60796e-05
2.21061 	0.0306259 	-0.000307217 	6.60072e-05
2.21211 	0.0306307 	-0.000306772 	6.59349e-05
2.21361 	0.0306356 	-0.000306328 	6.58625e-05
2.21511 	0.0306407 	-0.000305735 	6.57811e-05
2.21661 	0.0306468 	-0.000304601 	6.56669e-05
2.21811 	0.030653 	-0.000303468 	6.55528e-05
2.21961 	0.0306591 	-0.000302334 	6.54386e-05
2.22111 	0.0306652 	-0.0003012 	6.53244e-05
2.22261 	0.0306713 	-0.000300066 	6.52102e-05
2.22411 	0.0306774 	-0.000298932 	6.5096e-05
2.22561 	0.0306835 	-0.000297799 	6.49819e-05
2.22711 	0.0306897 	-0.000296665 	6.48677e-05
2.22861 	0.0306958 	-0.000295531 	6.47535e-05
2.23012 	0.0307019 	-0.000294397 	6.46393e-05
2.23162 	0.030708 	-0.000293264 	6.45251e-05
2.23312 	0.0307134 	-0.000293309 	6.44144e-05
2.23462 	0.0307187 	-0.000293456 	6.4304e-05
2.23612 	0.030724 	-0.000293603 	6.41936e-05
2.23762 	0.0307293 	-0.000293751 	6.40832e-05
2.23912 	0.0307346 	-0.000293898 	6.39727e-05
2.24062 	0.0307399 	-0.000294045 	6.38623e-05
2.24212 	0.0307452 	-0.000294192 	6.37519e-05
2.24362 	0.0307505 	-0.000294339 	6.36415e-05
2.24512 	0.0307558 	-0.000294486 	6.35311e-05
2.24662 	0.0307611 	-0.000294403 	6.34461e-05
2.24812 	0.0307663 	-0.000293913 	6.34059e-05
2.24962 	0.0307715 	-0.000293423 	6.33658e-05
2.25113 	0.0307768 	-0.000292933 	6.33257e-05
2.25263 	0.030782 	-0.000292443 	6.32855e-05
2.25413 	0.0307873 	-0.000291953 	6.32454e-05
2.25563 	0.0307925 	-0.000291463 	6.32052e-05
2.25713 	0.0307977 	-0.000290973 	6.31651e-05
2.25863 	0.030803 	-0.000290483 	6.31249e-05
2.26013 	0.0308082 	-0.000289993 	6.30848e-05
2.26163 	0.0308135 	-0.000289503 	6.30447e-05
2.26313 	0.0308187 	-0.000289013 	6.30045e-05
2.26463 	0.0308239 	-0.000288523 	6.29644e-05
2.26613 	0.0308292 	-0.000288034 	6.29242e-05
2.26763 	0.0308344 	-0.000287544 	6.28841e-05
2.26913 	0.0308397 	-0.000287054 	6.28439e-05
2.27064 	0.0308449 	-0.000286564 	6.28038e-05
2.27214 	0.0308501 	-0.00028595 	6.27821e-05
2.27364 	0.0308552 	-0.000285114 	6.27937e-05
2.27514 	0.0308603 	-0.000284278 	6.28053e-05
2.27664 	0.0308654 	-0.000283442 	6.28169e-05
2.27814 	0.0308705 	-0.000282606 	6.28285e-05
2.27964 	0.0308756 	-0.00028177 	6.28401e-05
2.28114 	0.0308807 	-0.000280934 	6.28517e-05
2.28264 	0.0308858 	-0.000280098 	6.28633e-05
2.28414 	0.0308909 	-0.000279262 	6.28749e-05
2.28564 	0.0308959 	-0.000279035 	6.28847e-05
2.28714 	0.0309008 	-0.000278885 	6.28943e-05
2.28864 	0.0309057 	-0.000278736 	6.29038e-05
2.29015 	0.0309106 	-0.000278587 	6.29134e-05
2.29165 	0.0309155 	-0.000278438 	6.29229e-05
2.29315 	0.0309204 	-0.000278288 	6.29324e-05
2.29465 	0.0309253 	-0.000278139 	6.2942e-05
2.29615 	0.03093 	-0.000277753 	6.30249e-05
2.29765 	0.0309345 	-0.000277267 	6.31386e-05
2.29915 	0.0309391 	-0.000276781 	6.32524e-05
2.30065 	0.0309437 	-0.000276295 	6.33662e-05
2.30215 	0.0309483 	-0.000275809 	6.34799e-05
2.30365 	0.0309529 	-0.000275323 	6.35937e-05
2.30515 	0.0309575 	-0.000274838 	6.37074e-05
2.30665 	0.0309621 	-0.000274352 	6.38212e-05
2.30815 	0.0309667 	-0.000273866 	6.3935e-05
2.30965 	0.0309713 	-0.00027338 	6.40487e-05
2.31116 	0.0309759 	-0.000272894 	6.41625e-05
2.31266 	0.0309805 	-0.000272408 	6.42763e-05
2.31416 	0.0309851 	-0.000271922 	6.439e-05
2.31566 	0.0309897 	-0.000271436 	6.45038e-05
2.31716 	0.0309943 	-0.000270951 	6.46176e-05
2.31866 	0.0309989 	-0.000270465 	6.47313e-05
2.32016 	0.0310035 	-0.000269979 	6.48451e-05
2.32166 	0.0310081 	-0.000269493 	6.49589e-05
2.32316 	0.0310127 	-0.000269007 	6.50726e-05
2.32466 	0.0310173 	-0.000268521 	6.51864e-05
2.32616 	0.0310218 	-0.000268017 	6.53137e-05
2.32766 	0.0310261 	-0.000267432 	6.54998e-05
2.32916 	0.0310303 	-0.000266847 	6.56859e-05
2.33067 	0.0310345 	-0.000266262 	6.58719e-05
2.33217 	0.0310387 	-0.000265678 	6.6058e-05
2.33367 	0.0310429 	-0.000265093 	6.62441e-05
2.33517 	0.0310472 	-0.000264533 	6.64298e-05
2.33667 	0.0310517 	-0.000264046 	6.66147e-05
2.33817 	0.0310561 	-0.000263559 	6.67997e-05
2.33967 	0.0310606 	-0.000263072 	6.69846e-05
2.34117 	0.0310651 	-0.000262584 	6.71695e-05
2.34267 	0.0310694 	-0.000262095 	6.73624e-05
2.34417 	0.0310733 	-0.000261599 	6.75833e-05
2.34567 	0.0310771 	-0.000261103 	6.78042e-05
2.34717 	0.031081 	-0.000260607 	6.80251e-05
2.34867 	0.0310848 	-0.000260111 	6.82461e-05
2.35018 	0.0310886 	-0.000259614 	6.8467e-05
2.35168 	0.0310925 	-0.000259118 	6.86879e-05
2.35318 	0.0310963 	-0.000258622 	6.89088e-05
2.35468 	0.0311002 	-0.000258126 	6.91298e-05
2.35618 	0.031104 	-0.00025763 	6.93507e-05
2.35768 	0.0311079 	-0.000257133 	6.95716e-05
2.35918 	0.0311117 	-0.000256637 	6.97925e-05
2.36068 	0.0311156 	-0.000256141 	7.00134e-05
2.36218 	0.0311194 	-0.000255645 	7.02344e-05
2.36368 	0.0311233 	-0.000255149 	7.04553e-05
2.36518 	0.0311271 	-0.000254653 	7.06762e-05
2.36668 	0.031131 	-0.000254156 	7.08971e-05
2.36818 	0.0311348 	-0.00025366 	7.11181e-05
2.36968 	0.0311386 	-0.000253164 	7.1339e-05
2.37119 	0.0311425 	-0.000252668 	7.15599e-05
2.37269 	0.0311463 	-0.000252172 	7.17808e-05
2.37419 	0.0311502 	-0.000251676 	7.20017e-05
2.37569 	0.031154 	-0.000251179 	7.22227e-05
2.37719 	0.0311579 	-0.000250683 	7.24436e-05
2.37869 	0.0311614 	-0.000250124 	7.26823e-05
2.38019 	0.0311648 	-0.000249544 	7.29272e-05
2.38169 	0.0311682 	-0.000248963 	7.3172e-05
2.38319 	0.0311716 	-0.000248387 	7.34157e-05
2.38469 	0.0311752 	-0.000247871 	7.36443e-05
2.38619 	0.0311787 	-0.000247354 	7.3873e-05
2.38769 	0.0311823 	-0.000246838 	7.41016e-05
2.38919 	0.0311849 	-0.00024641 	7.43094e-05
2.3907 	0.0311874 	-0.000245988 	7.4516e-05
2.3922 	0.0311899 	-0.000245565 	7.47226e-05
2.3937 	0.0311924 	-0.000245143 	7.49293e-05
2.3952 	0.0311949 	-0.00024472 	7.51359e-05
2.3967 	0.0311974 	-0.000244298 	7.53425e-05
2.3982 	0.0311999 	-0.000243875 	7.55492e-05
2.3997 	0.0312024 	-0.000243453 	7.57558e-05
2.4012 	0.0312049 	-0.00024303 	7.59624e-05
2.4027 	0.0312074 	-0.000242608 	7.61691e-05
2.4042 	0.0312099 	-0.000242185 	7.63757e-05
2.4057 	0.0312124 	-0.000241763 	7.65823e-05
2.4072 	0.0312149 	-0.00024134 	7.6789e-05
2.4087 	0.0312174 	-0.000240917 	7.69956e-05
2.41021 	0.0312199 	-0.000240495 	7.72022e-05
2.41171 	0.0312224 	-0.000240072 	7.74088e-05
2.41321 	0.0312249 	-0.00023965 	7.76155e-05
2.41471 	0.0312274 	-0.000239227 	7.78221e-05
2.41621 	0.0312299 	-0.000238805 	7.80287e-05
2.41771 	0.0312324 	-0.000238382 	7.82354e-05
2.41921 	0.031235 	-0.00023796 	7.8442e-05
2.42071 	0.0312375 	-0.000237537 	7.86486e-05
2.42221 	0.03124 	-0.000237115 	7.88553e-05
2.42371 	0.0312425 	-0.000236692 	7.90619e-05
2.42521 	0.031245 	-0.00023627 	7.92685e-05
2.42671 	0.0312474 	-0.000235848 	7.94742e-05
2.42821 	0.0312491 	-0.000235441 	7.96531e-05
2.42971 	0.0312509 	-0.000235034 	7.98277e-05
2.43122 	0.0312528 	-0.000234623 	7.99944e-05
2.43272 	0.0312543 	-0.0002342 	8.01427e-05
2.43422 	0.0312558 	-0.000233775 	8.02892e-05
2.43572 	0.0312573 	-0.000233349 	8.04356e-05
2.43722 	0.0312588 	-0.000232924 	8.05821e-05
2.43872 	0.0312603 	-0.000232499 	8.07285e-05
2.44022 	0.0312618 	-0.000232074 	8.0875e-05
2.44172 	0.0312633 	-0.000231649 	8.10214e-05
2.44322 	0.0312648 	-0.000231224 	8.11679e-05
2.44472 	0.0312663 	-0.000230799 	8.13143e-05
2.44622 	0.0312678 	-0.000230374 	8.14608e-05
2.44772 	0.0312693 	-0.000229949 	8.16072e-05
2.44922 	0.0312708 	-0.000229524 	8.17537e-05
2.45073 	0.0312723 	-0.000229099 	8.19001e-05
2.45223 	0.0312738 	-0.000228674 	8.20466e-05
2.45373 	0.0312753 	-0.000228249 	8.21931e-05
2.45523 	0.0312767 	-0.000227824 	8.23395e-05
2.45673 	0.0312782 	-0.000227399 	8.2486e-05
2.45823 	0.0312797 	-0.000226974 	8.26324e-05
2.45973 	0.0312812 	-0.000226549 	8.27789e-05
2.46123 	0.0312827 	-0.000226124 	8.29253e-05
2.46273 	0.0312842 	-0.000225699 	8.30718e-05
2.46423 	0.0312857 	-0.000225274 	8.32182e-05
2.46573 	0.0312872 	-0.000224849 	8.33647e-05
2.46723 	0.0312887 	-0.000224424 	8.35111e-05
2.46873 	0.0312902 	-0.000223999 	8.36576e-05
2.47024 	0.0312917 	-0.000223574 	8.3804e-05
2.47174 	0.0312932 	-0.000223149 	8.39505e-05
2.47324 	0.0312946 	-0.000222722 	8.40911e-05
2.47474 	0.0312954 	-0.000222227 	8.41609e-05
2.47624 	0.0312961 	-0.000221732 	8.42307e-05
2.47774 	0.0312968 	-0.000221237 	8.43005e-05
2.47924 	0.0312976 	-0.000220742 	8.43703e-05
2.48074 	0.0312983 	-0.000220247 	8.44402e-05
2.48224 	0.0312991 	-0.000219752 	8.451e-05
2.48374 	0.0312998 	-0.000219257 	8.45798e-05
2.48524 	0.0313005 	-0.000218762 	8.46496e-05
2.48674 	0.0313013 	-0.000218267 	8.47194e-05
2.48824 	0.031302 	-0.000217772 	8.47893e-05
2.48974 	0.0313028 	-0.000217277 	8.48591e-05
2.49125 	0.0313035 	-0.000216782 	8.49289e-05
2.49275 	0.0313042 	-0.000216287 	8.49987e-05
2.49425 	0.031305 	-0.000215792 	8.50685e-05
2.49575 	0.0313057 	-0.000215297 	8.51384e-05
2.49725 	0.0313065 	-0.000214803 	8.52082e-05
2.49875 	0.0313072 	-0.000214308 	8.5278e-05
2.50025 	0.0313079 	-0.000213813 	8.53478e-05
2.50175 	0.0313087 	-0.000213318 	8.54176e-05
2.50325 	0.0313094 	-0.000212823 	8.54875e-05
2.50475 	0.0313102 	-0.000212328 	8.55573e-05
2.50625 	0.0313109 	-0.000211833 	8.56271e-05
2.50775 	0.0313116 	-0.000211338 	8.56969e-05
2.50925 	0.0313124 	-0.000210843 	8.57667e-05
2.51076 	0.0313131 	-0.000210348 	8.58365e-05
2.51226 	0.0313138 	-0.000209853 	8.59064e-05
2.51376 	0.0313138 	-0.000209791 	8.59275e-05
2.51526 	0.0313136 	-0.000209609 	8.59205e-05
2.51676 	0.0313137 	-0.000208613 	8.5906e-05
2.51826 	0.0313131 	-0.000208265 	8.59115e-05
2.51976 	0.0313122 	-0.000208017 	8.59201e-05
2.52126 	0.0313114 	-0.000207769 	8.59287e-05
2.52276 	0.0313106 	-0.000207522 	8.59372e-05
2.52426 	0.0313098 	-0.000207274 	8.59458e-05
2.52576 	0.031309 	-0.000207027 	8.59544e-05
2.52726 	0.0313082 	-0.000206779 	8.5963e-05
2.52876 	0.0313074 	-0.000206531 	8.59716e-05
2.53027 	0.0313065 	-0.000206284 	8.59802e-05
2.53177 	0.0313057 	-0.000206036 	8.59888e-05
2.53327 	0.0313049 	-0.000205788 	8.59973e-05
2.53477 	0.0313041 	-0.000205541 	8.60059e-05
2.53627 	0.0313033 	-0.000205293 	8.60145e-05
2.53777 	0.0313025 	-0.000205045 	8.60231e-05
2.53927 	0.0313017 	-0.000204798 	8.60317e-05
2.54077 	0.0313008 	-0.00020455 	8.60403e-05
2.54227 	0.0313 	-0.000204303 	8.60489e-05
2.54377 	0.0312992 	-0.000204055 	8.60574e-05
2.54527 	0.0312984 	-0.000203807 	8.6066e-05
2.54677 	0.0312976 	-0.00020356 	8.60746e-05
2.54827 	0.0312968 	-0.000203312 	8.60832e-05
2.54977 	0.0312959 	-0.000203064 	8.60918e-05
2.55128 	0.0312946 	-0.000203222 	8.61102e-05
2.55278 	0.0312925 	-0.000203865 	8.61405e-05
2.55428 	0.0312904 	-0.000204508 	8.61707e-05
2.55578 	0.0312883 	-0.00020514 	8.62032e-05
2.55728 	0.0312861 	-0.00020577 	8.62359e-05
2.55878 	0.0312841 	-0.000206149 	8.62591e-05
2.56028 	0.0312824 	-0.000206073 	8.62652e-05
2.56178 	0.0312807 	-0.000205997 	8.62714e-05
2.56328 	0.031279 	-0.000205921 	8.62776e-05
2.56478 	0.0312773 	-0.000205845 	8.62837e-05
2.56628 	0.0312756 	-0.000205769 	8.62899e-05
2.56778 	0.0312739 	-0.000205693 	8.62961e-05
2.56928 	0.0312722 	-0.000205617 	8.63023e-05
2.57079 	0.0312705 	-0.000205541 	8.63084e-05
2.57229 	0.0312687 	-0.000205465 	8.63146e-05
2.57379 	0.031267 	-0.000205389 	8.63208e-05
2.57529 	0.0312653 	-0.000205313 	8.63269e-05
2.57679 	0.0312636 	-0.000205237 	8.63331e-05
2.57829 	0.0312619 	-0.000205161 	8.63393e-05
2.57979 	0.0312602 	-0.000205085 	8.63455e-05
2.58129 	0.0312585 	-0.000205009 	8.63516e-05
2.58279 	0.0312568 	-0.000204932 	8.63578e-05
2.58429 	0.0312551 	-0.000204856 	8.6364e-05
2.58579 	0.0312533 	-0.00020478 	8.63701e-05
2.58729 	0.0312516 	-0.000204331 	8.63574e-05
2.58879 	0.0312499 	-0.0002035 	8.63253e-05
2.5903 	0.0312481 	-0.000202669 	8.62932e-05
2.5918 	0.0312464 	-0.000201892 	8.6263e-05
2.5933 	0.031245 	-0.000202226 	8.62697e-05
2.5948 	0.0312435 	-0.000202559 	8.62765e-05
2.5963 	0.0312421 	-0.000202893 	8.62833e-05
2.5978 	0.0312399 	-0.00020289 	8.62559e-05
2.5993 	0.031237 	-0.000202541 	8.61935e-05
2.6008 	0.0312341 	-0.000202191 	8.6131e-05
2.6023 	0.0312313 	-0.000201842 	8.60685e-05
2.6038 	0.0312284 	-0.000201492 	8.6006e-05
2.6053 	0.0312255 	-0.000201143 	8.59435e-05
2.6068 	0.0312226 	-0.000200793 	8.5881e-05
2.6083 	0.0312197 	-0.000200444 	8.58185e-05
2.6098 	0.0312168 	-0.000200094 	8.5756e-05
2.61131 	0.031214 	-0.000199745 	8.56935e-05
2.61281 	0.0312111 	-0.000199395 	8.5631e-05
2.61431 	0.0312082 	-0.000199046 	8.55685e-05
2.61581 	0.0312053 	-0.000198696 	8.5506e-05
2.61731 	0.0312024 	-0.000198346 	8.54436e-05
2.61881 	0.0311996 	-0.000197997 	8.53811e-05
2.62031 	0.0311967 	-0.000197647 	8.53186e-05
2.62181 	0.0311925 	-0.000196761 	8.51928e-05
2.62331 	0.0311878 	-0.00019571 	8.50477e-05
2.62481 	0.0311832 	-0.000194659 	8.49026e-05
2.62631 	0.0311786 	-0.000193608 	8.47575e-05
2.62781 	0.0311742 	-0.000193217 	8.4635e-05
2.62931 	0.03117 	-0.000193377 	8.45312e-05
2.63082 	0.0311657 	-0.000193538 	8.44275e-05
2.63232 	0.0311615 	-0.000193698 	8.43238e-05
2.63382 	0.0311571 	-0.000193724 	8.42057e-05
2.63532 	0.0311519 	-0.000193283 	8.40376e-05
2.63682 	0.0311467 	-0.000192841 	8.38695e-05
2.63832 	0.0311415 	-0.000192399 	8.37014e-05
2.63982 	0.0311363 	-0.000191958 	8.35333e-05
2.64132 	0.0311311 	-0.000191516 	8.33652e-05
2.64282 	0.0311259 	-0.000191075 	8.31971e-05
2.64432 	0.0311208 	-0.000190633 	8.3029e-05
2.64582 	0.0311156 	-0.000190191 	8.28609e-05
2.64732 	0.0311104 	-0.00018975 	8.26928e-05
2.64882 	0.0311052 	-0.000189308 	8.25247e-05
2.65033 	0.0311 	-0.000188866 	8.23566e-05
2.65183 	0.0310948 	-0.000188425 	8.21885e-05
2.65333 	0.0310894 	-0.000187843 	8.20041e-05
2.65483 	0.0310834 	-0.000186841 	8.17708e-05
2.65633 	0.0310774 	-0.000185838 	8.15375e-05
2.65783 	0.0310714 	-0.000184836 	8.13041e-05
2.65933 	0.0310654 	-0.000183833 	8.10708e-05
2.66083 	0.0310592 	-0.000183303 	8.08442e-05
2.66233 	0.0310526 	-0.000183447 	8.06271e-05
2.66383 	0.0310461 	-0.000183591 	8.041e-05
2.66533 	0.0310396 	-0.000183735 	8.0193e-05
2.66683 	0.031033 	-0.000183878 	7.99759e-05
2.66833 	0.0310262 	-0.000183744 	7.97383e-05
2.66983 	0.0310191 	-0.000183322 	7.94795e-05
2.67134 	0.031012 	-0.000182899 	7.92208e-05
2.67284 	0.0310049 	-0.000182477 	7.8962e-05
2.67434 	0.0309977 	-0.000182055 	7.87032e-05
2.67584 	0.0309906 	-0.000181633 	7.84445e-05
2.67734 	0.0309835 	-0.000181211 	7.81857e-05
2.67884 	0.0309764 	-0.000180789 	7.7927e-05
2.68034 	0.0309693 	-0.000180367 	7.76682e-05
2.68184 	0.0309622 	-0.000179945 	7.74094e-05
2.68334 	0.030955 	-0.000179523 	7.71507e-05
2.68484 	0.0309473 	-0.0001786 	7.68597e-05
2.68634 	0.0309395 	-0.000177634 	7.65658e-05
2.68784 	0.0309317 	-0.000176668 	7.6272e-05
2.68934 	0.0309239 	-0.000175702 	7.59782e-05
2.69085 	0.0309162 	-0.000174736 	7.56844e-05
2.69235 	0.0309079 	-0.000174457 	7.53851e-05
2.69385 	0.0308993 	-0.000174623 	7.50822e-05
2.69535 	0.0308906 	-0.000174789 	7.47794e-05
2.69685 	0.030882 	-0.000174955 	7.44765e-05
2.69835 	0.0308734 	-0.000175121 	7.41736e-05
2.69985 	0.0308652 	-0.000175173 	7.38888e-05
2.70135 	0.0308583 	-0.000174859 	7.36612e-05
2.70285 	0.0308514 	-0.000174544 	7.34336e-05
2.70435 	0.0308445 	-0.00017423 	7.3206e-05
2.70585 	0.0308375 	-0.000173916 	7.29784e-05
2.70735 	0.0308306 	-0.000173602 	7.27507e-05
2.70885 	0.0308237 	-0.000173288 	7.25231e-05
2.71036 	0.0308168 	-0.000172974 	7.22955e-05
2.71186 	0.0308099 	-0.00017266 	7.20679e-05
2.71336 	0.0308041 	-0.000171993 	7.19075e-05
2.71486 	0.0307986 	-0.000171207 	7.17699e-05
2.71636 	0.0307932 	-0.000170421 	7.16322e-05
2.71786 	0.0307878 	-0.000169635 	7.14946e-05
2.71936 	0.0307823 	-0.000168849 	7.1357e-05
2.72086 	0.0307768 	-0.000168158 	7.1218e-05
2.72236 	0.030771 	-0.000168522 	7.10642e-05
2.72386 	0.0307652 	-0.000168885 	7.09105e-05
2.72536 	0.0307593 	-0.000169248 	7.07568e-05
2.72686 	0.0307535 	-0.000169612 	7.0603e-05
2.72836 	0.0307477 	-0.000169975 	7.04493e-05
2.72986 	0.0307408 	-0.000170084 	7.02869e-05
2.73137 	0.0307322 	-0.000169811 	7.01116e-05
2.73287 	0.0307237 	-0.000169537 	6.99362e-05
2.73437 	0.0307152 	-0.000169263 	6.97609e-05
2.73587 	0.0307067 	-0.00016899 	6.95855e-05
2.73737 	0.0306981 	-0.000168716 	6.94102e-05
2.73887 	0.0306896 	-0.000168442 	6.92349e-05
2.74037 	0.0306788 	-0.000167727 	6.90468e-05
2.74187 	0.0306671 	-0.000166818 	6.88531e-05
2.74337 	0.0306553 	-0.000165909 	6.86594e-05
2.74487 	0.0306436 	-0.000165001 	6.84658e-05
2.74637 	0.0306318 	-0.000164092 	6.82721e-05
2.74787 	0.03062 	-0.000163183 	6.80784e-05
2.74937 	0.0306079 	-0.000163175 	6.78631e-05
2.75088 	0.0305957 	-0.000163403 	6.76421e-05
2.75238 	0.0305835 	-0.000163631 	6.74211e-05
2.75388 	0.0305713 	-0.000163859 	6.72001e-05
2.75538 	0.0305591 	-0.000164087 	6.69791e-05
2.75688 	0.0305469 	-0.000164315 	6.6758e-05
2.75838 	0.0305353 	-0.000164073 	6.65647e-05
2.75988 	0.0305238 	-0.00016378 	6.63744e-05
2.76138 	0.0305123 	-0.000163487 	6.61841e-05
2.76288 	0.0305008 	-0.000163195 	6.59937e-05
2.76438 	0.0304893 	-0.000162902 	6.58034e-05
2.76588 	0.030477 	-0.000162235 	6.56185e-05
2.76738 	0.0304645 	-0.00016143 	6.54355e-05
2.76888 	0.030452 	-0.000160624 	6.52526e-05
2.77039 	0.0304394 	-0.000159819 	6.50697e-05
2.77189 	0.0304269 	-0.000159013 	6.48867e-05
2.77339 	0.0304144 	-0.000158208 	6.47038e-05
2.77489 	0.030399 	-0.000158104 	6.44657e-05
2.77639 	0.0303822 	-0.000158325 	6.4202e-05
2.77789 	0.0303655 	-0.000158547 	6.39382e-05
2.77939 	0.0303488 	-0.000158768 	6.36745e-05
2.78089 	0.030332 	-0.00015899 	6.34108e-05
2.78239 	0.0303153 	-0.000159211 	6.31471e-05
2.78389 	0.0303016 	-0.000159265 	6.29356e-05
2.78539 	0.0302893 	-0.000159242 	6.27483e-05
2.78689 	0.030277 	-0.000159219 	6.2561e-05
2.78839 	0.0302647 	-0.000159196 	6.23737e-05
2.78989 	0.0302558 	-0.000158827 	6.22433e-05
2.7914 	0.0302478 	-0.000158376 	6.21265e-05
2.7929 	0.0302398 	-0.000157925 	6.20096e-05
2.7944 	0.0302317 	-0.000157474 	6.18928e-05
2.7959 	0.0302237 	-0.000157023 	6.17759e-05
2.7974 	0.0302157 	-0.000156571 	6.16591e-05
2.7989 	0.0302046 	-0.000156503 	6.14919e-05
2.8004 	0.0301922 	-0.000156599 	6.13032e-05
2.8019 	0.0301799 	-0.000156696 	6.11145e-05
2.8034 	0.0301675 	-0.000156792 	6.09258e-05
2.8049 	0.0301551 	-0.000156888 	6.07371e-05
2.8064 	0.0301428 	-0.000156984 	6.05484e-05
2.8079 	0.0301275 	-0.000156969 	6.031e-05
2.8094 	0.0301109 	-0.0001569 	6.00476e-05
2.81091 	0.0300943 	-0.000156832 	5.97852e-05
2.81241 	0.0300751 	-0.000156504 	5.94752e-05
2.81391 	0.0300556 	-0.000156145 	5.91592e-05
2.81541 	0.030036 	-0.000155785 	5.88433e-05
2.81691 	0.0300165 	-0.000155426 	5.85273e-05
2.81841 	0.0299969 	-0.000155066 	5.82114e-05
2.81991 	0.0299774 	-0.000154706 	5.78954e-05
2.82141 	0.0299572 	-0.000154436 	5.75675e-05
2.82291 	0.0299369 	-0.000154189 	5.72364e-05
2.82441 	0.0299166 	-0.000153942 	5.69052e-05
2.82591 	0.0298962 	-0.000153695 	5.65741e-05
2.82741 	0.0298759 	-0.000153448 	5.6243e-05
2.82891 	0.0298555 	-0.000153201 	5.59119e-05
2.83042 	0.0298378 	-0.000152912 	5.56243e-05
2.83192 	0.0298207 	-0.000152613 	5.53476e-05
2.83342 	0.0298065 	-0.000152359 	5.51178e-05
2.83492 	0.0297925 	-0.000152109 	5.48915e-05
2.83642 	0.0297785 	-0.00015186 	5.46653e-05
2.83792 	0.0297644 	-0.00015161 	5.4439e-05
2.83942 	0.0297504 	-0.00015136 	5.42127e-05
2.84092 	0.0297364 	-0.00015111 	5.39865e-05
2.84242 	0.0297215 	-0.000150941 	5.37423e-05
2.84392 	0.0297064 	-0.000150781 	5.34962e-05
2.84542 	0.0296913 	-0.000150621 	5.325e-05
2.84692 	0.0296762 	-0.000150461 	5.30038e-05
2.84842 	0.0296611 	-0.000150301 	5.27576e-05
2.84992 	0.029646 	-0.00015014 	5.25113e-05
2.85143 	0.0296252 	-0.000149813 	5.22267e-05
2.85293 	0.0295988 	-0.000149429 	5.18969e-05
2.85443 	0.0295716 	-0.000149037 	5.15615e-05
2.85593 	0.0295444 	-0.000148645 	5.1226e-05
2.85743 	0.0295173 	-0.000148253 	5.08906e-05
2.85893 	0.0294901 	-0.000147862 	5.05551e-05
2.86043 	0.0294629 	-0.00014747 	5.02196e-05
2.86193 	0.0294339 	-0.000147135 	4.98474e-05
2.86343 	0.0294048 	-0.000146801 	4.9474e-05
2.86493 	0.0293757 	-0.000146468 	4.91006e-05
2.86643 	0.0293465 	-0.000146134 	4.87272e-05
2.86793 	0.0293174 	-0.000145801 	4.83538e-05
2.86943 	0.0292892 	-0.000145458 	4.80027e-05
2.87094 	0.0292671 	-0.000145134 	4.78091e-05
2.87244 	0.0292463 	-0.000144831 	4.76454e-05
2.87394 	0.0292254 	-0.000144529 	4.74817e-05
2.87544 	0.0292045 	-0.000144226 	4.7318e-05
2.87694 	0.0291836 	-0.000143923 	4.71543e-05
2.87844 	0.0291627 	-0.000143621 	4.69906e-05
2.87994 	0.0291391 	-0.000143349 	4.67958e-05
2.88144 	0.0291153 	-0.00014308 	4.65995e-05
2.88294 	0.0290915 	-0.00014281 	4.64031e-05
2.88444 	0.0290677 	-0.00014254 	4.62068e-05
2.88594 	0.0290439 	-0.00014227 	4.60105e-05
2.88744 	0.029014 	-0.000141903 	4.58025e-05
2.88894 	0.0289736 	-0.000141367 	4.55745e-05
2.89045 	0.0289332 	-0.000140831 	4.53466e-05
2.89195 	0.0288929 	-0.000140295 	4.51187e-05
2.89345 	0.0288525 	-0.000139759 	4.48908e-05
2.89495 	0.0288121 	-0.000139223 	4.46629e-05
2.89645 	0.0287687 	-0.000138698 	4.44044e-05
2.89795 	0.0287245 	-0.000138175 	4.41378e-05
2.89945 	0.0286803 	-0.000137653 	4.38712e-05
2.90095 	0.028636 	-0.00013713 	4.36045e-05
2.90245 	0.0285918 	-0.000136608 	4.33379e-05
2.90395 	0.0285539 	-0.000136153 	4.31348e-05
2.90545 	0.02852 	-0.000135696 	4.29755e-05
2.90695 	0.0284862 	-0.000135238 	4.28162e-05
2.90845 	0.0284523 	-0.000134781 	4.26569e-05
2.90995 	0.0284184 	-0.000134323 	4.24976e-05
2.91146 	0.0283827 	-0.000133864 	4.23233e-05
2.91296 	0.0283443 	-0.0001334 	4.21294e-05
2.91446 	0.028306 	-0.000132937 	4.19354e-05
2.91596 	0.0282677 	-0.000132474 	4.17415e-05
2.91746 	0.0282294 	-0.000132011 	4.15476e-05
2.91896 	0.028172 	-0.000131344 	4.12544e-05
2.92046 	0.0281038 	-0.000130476 	4.09174e-05
2.92196 	0.0280355 	-0.000129608 	4.05804e-05
2.92346 	0.0279672 	-0.000128741 	4.02434e-05
2.92496 	0.0278989 	-0.000127873 	3.99064e-05
2.92646 	0.0278263 	-0.000126977 	3.95393e-05
2.92796 	0.0277528 	-0.000126076 	3.91662e-05
2.92946 	0.0276793 	-0.000125174 	3.8793e-05
2.93097 	0.0276058 	-0.000124273 	3.84198e-05
2.93247 	0.0275385 	-0.00012351 	3.80698e-05
2.93397 	0.0274789 	-0.000122779 	3.77656e-05
2.93547 	0.02742 	-0.000122049 	3.74659e-05
2.93697 	0.0273611 	-0.000121319 	3.71661e-05
2.93847 	0.0273022 	-0.000120589 	3.68664e-05
2.93997 	0.0272419 	-0.000119854 	3.65438e-05
2.94147 	0.0271815 	-0.000119118 	3.62195e-05
2.94297 	0.0271211 	-0.000118382 	3.58953e-05
2.94447 	0.027047 	-0.000117527 	3.55373e-05
2.94597 	0.0269414 	-0.000116354 	3.51002e-05
2.94747 	0.0268092 	-0.00011483 	3.45949e-05
2.94897 	0.026677 	-0.000113306 	3.40897e-05
2.95048 	0.0265448 	-0.000111783 	3.35845e-05
2.95198 	0.0264162 	-0.000110296 	3.30643e-05
2.95348 	0.0262892 	-0.000108825 	3.25379e-05
2.95498 	0.0261622 	-0.000107354 	3.20114e-05
2.95648 	0.0260351 	-0.000105955 	3.15565e-05
2.95798 	0.0259078 	-0.000104616 	3.11999e-05
2.95948 	0.0257802 	-0.000103251 	3.09312e-05
2.96098 	0.0256526 	-0.000101886 	3.06624e-05
2.96248 	0.0255261 	-0.000100531 	3.03951e-05
2.96398 	0.0254101 	-9.92846e-05 	3.01414e-05
2.96548 	0.0252942 	-9.80378e-05 	2.98877e-05
2.96698 	0.0251746 	-9.67843e-05 	2.96517e-05
2.96848 	0.0250427 	-9.55087e-05 	2.94746e-05
2.96998 	0.024897 	-9.41016e-05 	2.93462e-05
2.97149 	0.0247497 	-9.26785e-05 	2.92237e-05
2.97299 	0.0246012 	-9.12447e-05 	2.91e-05
2.97449 	0.0244323 	-8.96101e-05 	2.89525e-05
2.97599 	0.0242634 	-8.79756e-05 	2.88051e-05
2.97749 	0.0240505 	-8.60757e-05 	2.86828e-05
2.97899 	0.0237833 	-8.38338e-05 	2.85903e-05
2.98049 	0.0234381 	-8.09761e-05 	2.85294e-05
2.98199 	0.0230928 	-7.81184e-05 	2.84684e-05
2.98349 	0.02274 	-7.51795e-05 	2.83986e-05
2.98499 	0.022381 	-7.21733e-05 	2.83216e-05
2.98649 	0.0220262 	-6.9283e-05 	2.82423e-05
2.98799 	0.0216848 	-6.67461e-05 	2.81564e-05
2.98949 	0.0213593 	-6.44728e-05 	2.80616e-05
2.991 	0.0210372 	-6.22547e-05 	2.79649e-05
2.9925 	0.0207236 	-6.0104e-05 	2.78634e-05
2.994 	0.0204173 	-5.80102e-05 	2.77577e-05
2.9955 	0.0184369 	-5.16487e-05 	2.52723e-05
2.997 	0.0144333 	-4.01114e-05 	1.99095e-05
2.9985 	0.00721665 	-2.00557e-05 	9.95477e-06
3 	0 	0 	0
