0 	0 	0 	0
0.00150075 	-0.000328171 	8.31261e-08 	-3.50129e-06
0.0030015 	-0.000656341 	1.66252e-07 	-7.00257e-06
0.00450225 	-0.00100496 	4.0576e-07 	-1.07086e-05
0.006003 	-0.00136802 	6.65193e-07 	-1.46069e-05
0.00750375 	-0.00175821 	8.28974e-07 	-1.8937e-05
0.0090045 	-0.00214827 	9.92246e-07 	-2.32663e-05
0.0105053 	-0.0024966 	9.86399e-07 	-2.73284e-05
0.012006 	-0.00284493 	9.80551e-07 	-3.13906e-05
0.0135068 	-0.00316832 	1.16073e-06 	-3.53439e-05
0.0150075 	-0.00347658 	1.45374e-06 	-3.92312e-05
0.0165083 	-0.00374011 	1.37931e-06 	-4.29148e-05
0.018009 	-0.00399728 	1.25258e-06 	-4.65693e-05
0.0195098 	-0.00424494 	9.19435e-07 	-5.02534e-05
0.0210105 	-0.00448335 	3.8547e-07 	-5.39662e-05
0.0225113 	-0.00472177 	-1.48494e-07 	-5.76789e-05
0.024012 	-0.00489439 	-2.85532e-07 	-6.04749e-05
0.0255128 	-0.00506561 	-4.14117e-07 	-6.32513e-05
0.0270135 	-0.00516307 	-1.01572e-06 	-6.50017e-05
0.0285143 	-0.00525952 	-1.62377e-06 	-6.67381e-05
0.030015 	-0.00535497 	-2.44923e-06 	-6.86276e-05
0.0315158 	-0.0054493 	-3.51623e-06 	-7.06872e-05
0.0330165 	-0.00554362 	-4.58324e-06 	-7.27469e-05
0.0345173 	-0.00562225 	-5.4077e-06 	-7.44687e-05
0.036018 	-0.00569686 	-6.17025e-06 	-7.61044e-05
0.0375188 	-0.00575991 	-7.19143e-06 	-7.74971e-05
0.0390195 	-0.00581238 	-8.44937e-06 	-7.86674e-05
0.0405203 	-0.00586484 	-9.7073e-06 	-7.98377e-05
0.042021 	-0.00591659 	-1.11905e-05 	-8.13668e-05
0.0435218 	-0.00596823 	-1.27093e-05 	-8.29527e-05
0.0450225 	-0.0060194 	-1.42223e-05 	-8.45238e-05
0.0465233 	-0.0060584 	-1.55801e-05 	-8.57034e-05
0.048024 	-0.0060974 	-1.69378e-05 	-8.68829e-05
0.0495248 	-0.00612993 	-1.86435e-05 	-8.78834e-05
0.0510255 	-0.00615413 	-2.07954e-05 	-8.86542e-05
0.0525263 	-0.00617834 	-2.29473e-05 	-8.9425e-05
0.054027 	-0.00620247 	-2.48868e-05 	-9.05065e-05
0.0555278 	-0.00622655 	-2.67036e-05 	-9.17675e-05
0.0570285 	-0.00625063 	-2.85203e-05 	-9.30285e-05
0.0585293 	-0.00626932 	-3.06239e-05 	-9.40888e-05
0.06003 	-0.0062852 	-3.28766e-05 	-9.50447e-05
0.0615308 	-0.00630109 	-3.51294e-05 	-9.60006e-05
0.0630315 	-0.00630946 	-3.82885e-05 	-9.67563e-05
0.0645323 	-0.00631443 	-4.18589e-05 	-9.74212e-05
0.066033 	-0.00631939 	-4.54294e-05 	-9.80861e-05
0.0675338 	-0.00632552 	-4.92524e-05 	-9.94108e-05
0.0690345 	-0.00633207 	-5.31641e-05 	-0.000100967
0.0705353 	-0.00633861 	-5.70758e-05 	-0.000102524
0.072036 	-0.00634145 	-6.02704e-05 	-0.000103577
0.0735368 	-0.00634202 	-6.30235e-05 	-0.000104319
0.0750375 	-0.00634258 	-6.57765e-05 	-0.000105062
0.0765383 	-0.00634105 	-6.84183e-05 	-0.000105623
0.078039 	-0.0063322 	-7.0671e-05 	-0.000105548
0.0795398 	-0.00632336 	-7.29238e-05 	-0.000105472
0.0810405 	-0.00631474 	-7.54003e-05 	-0.000105567
0.0825413 	-0.00630757 	-7.92987e-05 	-0.000106742
0.084042 	-0.00630041 	-8.31971e-05 	-0.000107918
0.0855428 	-0.00629324 	-8.70955e-05 	-0.000109094
0.0870435 	-0.00628449 	-9.01107e-05 	-0.00010962
0.0885443 	-0.00627551 	-9.30003e-05 	-0.000110054
0.090045 	-0.00626653 	-9.58898e-05 	-0.000110488
0.0915458 	-0.00625755 	-9.87794e-05 	-0.000110922
0.0930465 	-0.00624419 	-0.000101261 	-0.000110614
0.0945473 	-0.00623079 	-0.000103739 	-0.000110298
0.096048 	-0.00621739 	-0.000106216 	-0.000109982
0.0975488 	-0.00620295 	-0.000110122 	-0.000110487
0.0990495 	-0.0061882 	-0.000114448 	-0.000111234
0.10055 	-0.00617345 	-0.000118774 	-0.000111981
0.102051 	-0.00615886 	-0.000122665 	-0.000112471
0.103552 	-0.00614451 	-0.000125851 	-0.000112547
0.105053 	-0.00613015 	-0.000129038 	-0.000112623
0.106553 	-0.0061158 	-0.000132225 	-0.000112699
0.108054 	-0.00610145 	-0.000135412 	-0.000112775
0.109555 	-0.00608565 	-0.000138092 	-0.000112233
0.111056 	-0.00606976 	-0.000140737 	-0.000111649
0.112556 	-0.00605387 	-0.000143383 	-0.000111064
0.114057 	-0.00603599 	-0.000147297 	-0.000110892
0.115558 	-0.00601679 	-0.000152061 	-0.000110996
0.117059 	-0.00599758 	-0.000156825 	-0.0001111
0.118559 	-0.00597852 	-0.000161465 	-0.000111167
0.12006 	-0.00596089 	-0.000164879 	-0.000110863
0.121561 	-0.00594327 	-0.000168293 	-0.00011056
0.123062 	-0.00592564 	-0.000171706 	-0.000110256
0.124562 	-0.00590801 	-0.00017512 	-0.000109952
0.126063 	-0.00589039 	-0.00017853 	-0.000109647
0.127564 	-0.00587299 	-0.000181214 	-0.00010906
0.129065 	-0.00585558 	-0.000183897 	-0.000108473
0.130565 	-0.00583818 	-0.000186581 	-0.000107887
0.132066 	-0.00581832 	-0.000190663 	-0.000107364
0.133567 	-0.00579655 	-0.000195833 	-0.000106892
0.135068 	-0.00577478 	-0.000201002 	-0.00010642
0.136568 	-0.00575302 	-0.000206171 	-0.000105948
0.138069 	-0.00573324 	-0.000209842 	-0.000105412
0.13957 	-0.00571356 	-0.000213444 	-0.000104874
0.141071 	-0.00569387 	-0.000217046 	-0.000104336
0.142571 	-0.00567419 	-0.000220648 	-0.000103797
0.144072 	-0.0056545 	-0.00022425 	-0.000103259
0.145573 	-0.00563497 	-0.000227724 	-0.000102761
0.147074 	-0.00561644 	-0.000230384 	-0.00010252
0.148574 	-0.0055979 	-0.000233043 	-0.00010228
0.150075 	-0.00557936 	-0.000235702 	-0.000102039
0.151576 	-0.0055578 	-0.000240079 	-0.000101514
0.153077 	-0.0055343 	-0.000245555 	-0.000100809
0.154577 	-0.00551079 	-0.000251031 	-0.000100103
0.156078 	-0.00548729 	-0.000256506 	-9.93969e-05
0.157579 	-0.00546598 	-0.000260392 	-9.87733e-05
0.15908 	-0.00544485 	-0.000264153 	-9.81562e-05
0.16058 	-0.00542371 	-0.000267913 	-9.75392e-05
0.162081 	-0.00540258 	-0.000271674 	-9.69221e-05
0.163582 	-0.00538144 	-0.000275434 	-9.6305e-05
0.165083 	-0.00536031 	-0.000279195 	-9.56879e-05
0.166583 	-0.00533964 	-0.000282654 	-9.52573e-05
0.168084 	-0.00532024 	-0.000285294 	-9.53334e-05
0.169585 	-0.00530084 	-0.000287933 	-9.54094e-05
0.171086 	-0.00528145 	-0.000290573 	-9.54855e-05
0.172586 	-0.0052583 	-0.000295241 	-9.51089e-05
0.174087 	-0.00523344 	-0.00030084 	-9.45245e-05
0.175588 	-0.00520857 	-0.000306438 	-9.39401e-05
0.177089 	-0.00518371 	-0.000312036 	-9.33557e-05
0.178589 	-0.00516139 	-0.000315984 	-9.28322e-05
0.18009 	-0.00513918 	-0.000319853 	-9.23117e-05
0.181591 	-0.00511698 	-0.000323721 	-9.17912e-05
0.183092 	-0.00509478 	-0.00032759 	-9.12707e-05
0.184592 	-0.00507258 	-0.000331458 	-9.07501e-05
0.186093 	-0.00505038 	-0.000335327 	-9.02296e-05
0.187594 	-0.00502818 	-0.000339195 	-8.97091e-05
0.189095 	-0.00500677 	-0.000342663 	-8.94291e-05
0.190595 	-0.0049869 	-0.000345361 	-8.9612e-05
0.192096 	-0.00496702 	-0.000348058 	-8.97948e-05
0.193597 	-0.00494715 	-0.000350756 	-8.99776e-05
0.195098 	-0.00492298 	-0.000355556 	-8.99091e-05
0.196598 	-0.00489726 	-0.000361122 	-8.97489e-05
0.198099 	-0.00487153 	-0.000366688 	-8.95887e-05
0.1996 	-0.00484581 	-0.000372255 	-8.94286e-05
0.201101 	-0.00482533 	-0.000375746 	-8.91664e-05
0.202601 	-0.00480491 	-0.000379212 	-8.8903e-05
0.204102 	-0.00478449 	-0.000382679 	-8.86396e-05
0.205603 	-0.00476407 	-0.000386145 	-8.83762e-05
0.207104 	-0.00474365 	-0.000389612 	-8.81128e-05
0.208604 	-0.00472323 	-0.000393078 	-8.78494e-05
0.210105 	-0.00470281 	-0.000396545 	-8.7586e-05
0.211606 	-0.00468239 	-0.000400011 	-8.73226e-05
0.213107 	-0.00466345 	-0.000403032 	-8.71762e-05
0.214607 	-0.00464816 	-0.000404966 	-8.73153e-05
0.216108 	-0.00463286 	-0.0004069 	-8.74544e-05
0.217609 	-0.00461756 	-0.000408834 	-8.75934e-05
0.21911 	-0.00460434 	-0.00041148 	-8.77203e-05
0.22061 	-0.00459203 	-0.000414438 	-8.78417e-05
0.222111 	-0.00457972 	-0.000417395 	-8.79632e-05
0.223612 	-0.00456741 	-0.000420352 	-8.80846e-05
0.225113 	-0.00454644 	-0.000423872 	-8.81294e-05
0.226613 	-0.00452529 	-0.000427405 	-8.81725e-05
0.228114 	-0.00450413 	-0.000430937 	-8.82157e-05
0.229615 	-0.00448298 	-0.000434469 	-8.82589e-05
0.231116 	-0.00446183 	-0.000438001 	-8.83021e-05
0.232616 	-0.00444068 	-0.000441534 	-8.83452e-05
0.234117 	-0.00441953 	-0.000445066 	-8.83884e-05
0.235618 	-0.00439838 	-0.000448598 	-8.84316e-05
0.237119 	-0.00437722 	-0.00045213 	-8.84748e-05
0.238619 	-0.00435565 	-0.000455716 	-8.85317e-05
0.24012 	-0.00432607 	-0.000460309 	-8.88468e-05
0.241621 	-0.00429649 	-0.000464901 	-8.91619e-05
0.243122 	-0.0042669 	-0.000469493 	-8.9477e-05
0.244622 	-0.00424374 	-0.000473675 	-8.98387e-05
0.246123 	-0.00422654 	-0.000477476 	-9.02437e-05
0.247624 	-0.00420934 	-0.000481277 	-9.06488e-05
0.249125 	-0.00419213 	-0.000485077 	-9.10538e-05
0.250625 	-0.0041691 	-0.000488997 	-9.13256e-05
0.252126 	-0.00414528 	-0.000492934 	-9.15792e-05
0.253627 	-0.00412145 	-0.00049687 	-9.18328e-05
0.255128 	-0.00409763 	-0.000500807 	-9.20864e-05
0.256628 	-0.0040738 	-0.000504743 	-9.234e-05
0.258129 	-0.00404998 	-0.000508679 	-9.25937e-05
0.25963 	-0.00402615 	-0.000512616 	-9.28473e-05
0.261131 	-0.00400232 	-0.000516552 	-9.31009e-05
0.262631 	-0.0039785 	-0.000520489 	-9.33545e-05
0.264132 	-0.00395467 	-0.000524425 	-9.36081e-05
0.265633 	-0.00393085 	-0.000528362 	-9.38617e-05
0.267134 	-0.00390361 	-0.000532631 	-9.41039e-05
0.268634 	-0.00387367 	-0.000537167 	-9.43368e-05
0.270135 	-0.00384372 	-0.000541703 	-9.45698e-05
0.271636 	-0.00381551 	-0.000546138 	-9.48251e-05
0.273137 	-0.0037977 	-0.000549974 	-9.52141e-05
0.274637 	-0.00377989 	-0.00055381 	-9.56031e-05
0.276138 	-0.00376208 	-0.000557646 	-9.59921e-05
0.277639 	-0.00373982 	-0.000561546 	-9.63404e-05
0.27914 	-0.00371508 	-0.000565482 	-9.66659e-05
0.28064 	-0.00369035 	-0.000569418 	-9.69915e-05
0.282141 	-0.00366562 	-0.000573354 	-9.73171e-05
0.283642 	-0.00364088 	-0.00057729 	-9.76426e-05
0.285143 	-0.00361615 	-0.000581226 	-9.79682e-05
0.286643 	-0.00359142 	-0.000585162 	-9.82938e-05
0.288144 	-0.00356668 	-0.000589098 	-9.86193e-05
0.289645 	-0.00354195 	-0.000593033 	-9.89449e-05
0.291146 	-0.00351722 	-0.000596969 	-9.92705e-05
0.292646 	-0.00349248 	-0.000600905 	-9.9596e-05
0.294147 	-0.00346775 	-0.000604841 	-9.99216e-05
0.295648 	-0.00344302 	-0.000608777 	-0.000100247
0.297149 	-0.00341508 	-0.000612828 	-0.000100429
0.298649 	-0.00338604 	-0.000616919 	-0.000100562
0.30015 	-0.003357 	-0.000621009 	-0.000100695
0.301651 	-0.00333221 	-0.000625151 	-0.000100907
0.303152 	-0.0033114 	-0.00062934 	-0.00010119
0.304652 	-0.0032906 	-0.000633529 	-0.000101474
0.306153 	-0.00326859 	-0.000637662 	-0.000101761
0.307654 	-0.00324242 	-0.0006416 	-0.000102057
0.309155 	-0.00321624 	-0.000645538 	-0.000102354
0.310655 	-0.00319007 	-0.000649476 	-0.000102651
0.312156 	-0.0031639 	-0.000653414 	-0.000102947
0.313657 	-0.00313772 	-0.000657352 	-0.000103244
0.315158 	-0.00311155 	-0.00066129 	-0.000103541
0.316658 	-0.00308537 	-0.000665228 	-0.000103837
0.318159 	-0.0030592 	-0.000669166 	-0.000104134
0.31966 	-0.00303302 	-0.000673104 	-0.000104431
0.321161 	-0.00300685 	-0.000677042 	-0.000104727
0.322661 	-0.00298068 	-0.00068098 	-0.000105024
0.324162 	-0.0029545 	-0.000684918 	-0.000105321
0.325663 	-0.00292833 	-0.000688856 	-0.000105617
0.327164 	-0.00290215 	-0.000692794 	-0.000105914
0.328664 	-0.00287451 	-0.000696609 	-0.00010607
0.330165 	-0.00284567 	-0.000700324 	-0.00010611
0.331666 	-0.00281683 	-0.000704039 	-0.000106151
0.333167 	-0.0027906 	-0.000708237 	-0.00010624
0.334667 	-0.00276619 	-0.000712772 	-0.000106361
0.336168 	-0.00274177 	-0.000717307 	-0.000106482
0.337669 	-0.00271536 	-0.000721513 	-0.00010662
0.33917 	-0.00268747 	-0.000725477 	-0.000106769
0.34067 	-0.00265958 	-0.00072944 	-0.000106918
0.342171 	-0.00263169 	-0.000733403 	-0.000107068
0.343672 	-0.0026038 	-0.000737367 	-0.000107217
0.345173 	-0.00257591 	-0.00074133 	-0.000107367
0.346673 	-0.00254802 	-0.000745294 	-0.000107516
0.348174 	-0.00252013 	-0.000749257 	-0.000107666
0.349675 	-0.00249224 	-0.000753221 	-0.000107815
0.351176 	-0.00246436 	-0.000757184 	-0.000107965
0.352676 	-0.00243647 	-0.000761148 	-0.000108114
0.354177 	-0.00240858 	-0.000765111 	-0.000108263
0.355678 	-0.00238069 	-0.000769075 	-0.000108413
0.357179 	-0.0023528 	-0.000773038 	-0.000108562
0.358679 	-0.00232491 	-0.000777001 	-0.000108712
0.36018 	-0.00229702 	-0.000780965 	-0.000108861
0.361681 	-0.00226913 	-0.000784928 	-0.000109011
0.363182 	-0.0022388 	-0.000788683 	-0.000108859
0.364682 	-0.00220825 	-0.00079242 	-0.000108679
0.366183 	-0.00217898 	-0.000796397 	-0.000108457
0.367684 	-0.00215258 	-0.000800919 	-0.000108139
0.369185 	-0.00212618 	-0.00080544 	-0.000107821
0.370685 	-0.00209743 	-0.000809643 	-0.000107823
0.372186 	-0.00206752 	-0.000813688 	-0.000107984
0.373687 	-0.0020376 	-0.000817732 	-0.000108145
0.375188 	-0.00200769 	-0.000821776 	-0.000108307
0.376688 	-0.00197778 	-0.00082582 	-0.000108468
0.378189 	-0.00194786 	-0.000829864 	-0.000108629
0.37969 	-0.00191795 	-0.000833908 	-0.00010879
0.381191 	-0.00188804 	-0.000837952 	-0.000108951
0.382691 	-0.00185812 	-0.000841996 	-0.000109112
0.384192 	-0.00182821 	-0.00084604 	-0.000109273
0.385693 	-0.0017983 	-0.000850084 	-0.000109434
0.387194 	-0.00176838 	-0.000854128 	-0.000109595
0.388694 	-0.00173847 	-0.000858173 	-0.000109756
0.390195 	-0.00170856 	-0.000862217 	-0.000109917
0.391696 	-0.00167864 	-0.000866261 	-0.000110079
0.393197 	-0.00164873 	-0.000870305 	-0.00011024
0.394697 	-0.00161882 	-0.000874349 	-0.000110401
0.396198 	-0.0015889 	-0.000878393 	-0.000110562
0.397699 	-0.00155899 	-0.000882437 	-0.000110723
0.3992 	-0.00152687 	-0.000886364 	-0.00011082
0.4007 	-0.00149415 	-0.000890258 	-0.000110899
0.402201 	-0.00146398 	-0.000894592 	-0.000110792
0.403702 	-0.00143531 	-0.000899186 	-0.000110574
0.405203 	-0.00140677 	-0.000903351 	-0.000110555
0.406703 	-0.00137839 	-0.000907015 	-0.000110769
0.408204 	-0.00135002 	-0.000910678 	-0.000110983
0.409705 	-0.00132164 	-0.000914342 	-0.000111197
0.411206 	-0.00129326 	-0.000918006 	-0.000111411
0.412706 	-0.00126489 	-0.000921669 	-0.000111625
0.414207 	-0.00123651 	-0.000925333 	-0.000111839
0.415708 	-0.00120813 	-0.000928996 	-0.000112053
0.417209 	-0.00117976 	-0.00093266 	-0.000112267
0.418709 	-0.00115138 	-0.000936323 	-0.000112481
0.42021 	-0.00112301 	-0.000939987 	-0.000112695
0.421711 	-0.00109463 	-0.00094365 	-0.000112909
0.423212 	-0.00106625 	-0.000947314 	-0.000113123
0.424712 	-0.00103788 	-0.000950978 	-0.000113337
0.426213 	-0.0010095 	-0.000954641 	-0.000113552
0.427714 	-0.000981124 	-0.000958305 	-0.000113766
0.429215 	-0.000952747 	-0.000961968 	-0.00011398
0.430715 	-0.000924371 	-0.000965632 	-0.000114194
0.432216 	-0.000895995 	-0.000969295 	-0.000114408
0.433717 	-0.000867618 	-0.000972959 	-0.000114622
0.435218 	-0.000839242 	-0.000976623 	-0.000114836
0.436718 	-0.000810554 	-0.000980274 	-0.000115037
0.438219 	-0.000779107 	-0.000983818 	-0.000115123
0.43972 	-0.000745691 	-0.000988203 	-0.000115131
0.441221 	-0.00071042 	-0.000993378 	-0.000115066
0.442721 	-0.000679232 	-0.000997261 	-0.00011524
0.444222 	-0.000648368 	-0.00100104 	-0.000115433
0.445723 	-0.000617505 	-0.00100482 	-0.000115626
0.447224 	-0.000586642 	-0.0010086 	-0.000115819
0.448724 	-0.000555778 	-0.00101238 	-0.000116012
0.450225 	-0.000524915 	-0.00101616 	-0.000116205
0.451726 	-0.000494051 	-0.00101994 	-0.000116399
0.453227 	-0.000463188 	-0.00102372 	-0.000116592
0.454727 	-0.000432325 	-0.0010275 	-0.000116785
0.456228 	-0.000401461 	-0.00103128 	-0.000116978
0.457729 	-0.000370598 	-0.00103506 	-0.000117171
0.45923 	-0.000339734 	-0.00103884 	-0.000117364
0.46073 	-0.000308871 	-0.00104262 	-0.000117558
0.462231 	-0.000278007 	-0.0010464 	-0.000117751
0.463732 	-0.000247144 	-0.00105018 	-0.000117944
0.465233 	-0.000216281 	-0.00105396 	-0.000118137
0.466733 	-0.000185417 	-0.00105774 	-0.00011833
0.468234 	-0.000154554 	-0.00106152 	-0.000118523
0.469735 	-0.00012369 	-0.0010653 	-0.000118717
0.471236 	-9.2827e-05 	-0.00106908 	-0.00011891
0.472736 	-6.19636e-05 	-0.00107286 	-0.000119103
0.474237 	-3.11001e-05 	-0.00107664 	-0.000119296
0.475738 	-2.36734e-07 	-0.00108042 	-0.000119489
0.477239 	3.06267e-05 	-0.0010842 	-0.000119682
0.478739 	6.08786e-05 	-0.00108744 	-0.000119778
0.48024 	0.000101843 	-0.00109287 	-0.000119824
0.481741 	0.00013458 	-0.00109671 	-0.000120054
0.483242 	0.000167317 	-0.00110055 	-0.000120283
0.484742 	0.000200054 	-0.00110438 	-0.000120513
0.486243 	0.000232791 	-0.00110822 	-0.000120743
0.487744 	0.000265528 	-0.00111206 	-0.000120973
0.489245 	0.000298265 	-0.00111589 	-0.000121203
0.490745 	0.000331002 	-0.00111973 	-0.000121433
0.492246 	0.000363739 	-0.00112357 	-0.000121662
0.493747 	0.000396475 	-0.0011274 	-0.000121892
0.495248 	0.000429212 	-0.00113124 	-0.000122122
0.496748 	0.000461949 	-0.00113508 	-0.000122352
0.498249 	0.000494686 	-0.00113891 	-0.000122582
0.49975 	0.000527423 	-0.00114275 	-0.000122812
0.501251 	0.00056016 	-0.00114658 	-0.000123042
0.502751 	0.000592897 	-0.00115042 	-0.000123271
0.504252 	0.000625634 	-0.00115426 	-0.000123501
0.505753 	0.000658371 	-0.00115809 	-0.000123731
0.507254 	0.000691107 	-0.00116193 	-0.000123961
0.508754 	0.000723844 	-0.00116577 	-0.000124191
0.510255 	0.000756581 	-0.0011696 	-0.000124421
0.511756 	0.000789318 	-0.00117344 	-0.00012465
0.513257 	0.000822055 	-0.00117728 	-0.00012488
0.514757 	0.000854792 	-0.00118111 	-0.00012511
0.516258 	0.000887529 	-0.00118495 	-0.00012534
0.517759 	0.000920266 	-0.00118879 	-0.00012557
0.51926 	0.000953003 	-0.00119262 	-0.0001258
0.52076 	0.000985739 	-0.00119646 	-0.00012603
0.522261 	0.00101999 	-0.00120024 	-0.000126238
0.523762 	0.00105605 	-0.00120419 	-0.000126453
0.525263 	0.00109173 	-0.00120811 	-0.000126668
0.526763 	0.00112741 	-0.00121203 	-0.000126884
0.528264 	0.00116309 	-0.00121595 	-0.0001271
0.529765 	0.00119877 	-0.00121987 	-0.000127315
0.531266 	0.00123445 	-0.00122378 	-0.000127531
0.532766 	0.00127013 	-0.0012277 	-0.000127747
0.534267 	0.00130581 	-0.00123162 	-0.000127963
0.535768 	0.00134149 	-0.00123554 	-0.000128178
0.537269 	0.00137717 	-0.00123946 	-0.000128394
0.538769 	0.00141285 	-0.00124338 	-0.00012861
0.54027 	0.00144853 	-0.0012473 	-0.000128825
0.541771 	0.00148421 	-0.00125122 	-0.000129041
0.543272 	0.00151989 	-0.00125513 	-0.000129257
0.544772 	0.00155557 	-0.00125905 	-0.000129473
0.546273 	0.00159126 	-0.00126297 	-0.000129688
0.547774 	0.00162694 	-0.00126689 	-0.000129904
0.549275 	0.00166262 	-0.00127081 	-0.00013012
0.550775 	0.0016983 	-0.00127473 	-0.000130335
0.552276 	0.00173398 	-0.00127865 	-0.000130551
0.553777 	0.00176966 	-0.00128256 	-0.000130767
0.555278 	0.00180534 	-0.00128648 	-0.000130983
0.556778 	0.00184102 	-0.0012904 	-0.000131198
0.558279 	0.0018767 	-0.00129432 	-0.000131414
0.55978 	0.00191238 	-0.00129824 	-0.00013163
0.561281 	0.00194806 	-0.00130216 	-0.000131845
0.562781 	0.00198374 	-0.00130608 	-0.000132061
0.564282 	0.00202046 	-0.00131032 	-0.00013224
0.565783 	0.00206298 	-0.00131573 	-0.000132258
0.567284 	0.00210322 	-0.00131886 	-0.000132482
0.568784 	0.00214559 	-0.00132322 	-0.000132645
0.570285 	0.00218795 	-0.00132758 	-0.000132808
0.571786 	0.00223032 	-0.00133194 	-0.000132971
0.573287 	0.00227268 	-0.0013363 	-0.000133134
0.574787 	0.00231505 	-0.00134066 	-0.000133297
0.576288 	0.00235742 	-0.00134502 	-0.00013346
0.577789 	0.00239978 	-0.00134938 	-0.000133623
0.57929 	0.00244215 	-0.00135374 	-0.000133786
0.58079 	0.00248452 	-0.0013581 	-0.000133949
0.582291 	0.00252688 	-0.00136246 	-0.000134112
0.583792 	0.00256925 	-0.00136682 	-0.000134275
0.585293 	0.00261161 	-0.00137118 	-0.000134438
0.586793 	0.00265398 	-0.00137554 	-0.000134601
0.588294 	0.00269635 	-0.0013799 	-0.000134764
0.589795 	0.00273871 	-0.00138426 	-0.000134927
0.591296 	0.00278108 	-0.00138862 	-0.00013509
0.592796 	0.00282345 	-0.00139298 	-0.000135253
0.594297 	0.00286581 	-0.00139734 	-0.000135416
0.595798 	0.00290818 	-0.0014017 	-0.000135579
0.597299 	0.00295054 	-0.00140606 	-0.000135742
0.598799 	0.00299291 	-0.00141042 	-0.000135906
0.6003 	0.00303528 	-0.00141478 	-0.000136069
0.601801 	0.00307764 	-0.00141914 	-0.000136232
0.603302 	0.00312001 	-0.0014235 	-0.000136395
0.604802 	0.00316238 	-0.00142786 	-0.000136558
0.606303 	0.00320474 	-0.00143222 	-0.000136721
0.607804 	0.00324711 	-0.00143658 	-0.000136884
0.609305 	0.00328983 	-0.00144111 	-0.000137023
0.610805 	0.00333598 	-0.00144731 	-0.00013693
0.612306 	0.00338165 	-0.00145301 	-0.000136866
0.613807 	0.00342451 	-0.00145571 	-0.000136973
0.615308 	0.00346736 	-0.00145841 	-0.000137079
0.616808 	0.00351262 	-0.0014626 	-0.000137258
0.618309 	0.00355801 	-0.00146687 	-0.00013744
0.61981 	0.00360341 	-0.00147115 	-0.000137623
0.621311 	0.00364881 	-0.00147542 	-0.000137805
0.622811 	0.0036942 	-0.00147969 	-0.000137988
0.624312 	0.0037396 	-0.00148397 	-0.000138171
0.625813 	0.00378499 	-0.00148824 	-0.000138353
0.627314 	0.00383039 	-0.00149251 	-0.000138536
0.628814 	0.00387578 	-0.00149679 	-0.000138719
0.630315 	0.00392118 	-0.00150106 	-0.000138901
0.631816 	0.00396657 	-0.00150533 	-0.000139084
0.633317 	0.00401197 	-0.00150961 	-0.000139266
0.634817 	0.00405736 	-0.00151388 	-0.000139449
0.636318 	0.00410276 	-0.00151815 	-0.000139632
0.637819 	0.00414816 	-0.00152243 	-0.000139814
0.63932 	0.00419355 	-0.0015267 	-0.000139997
0.64082 	0.00423895 	-0.00153097 	-0.000140179
0.642321 	0.00428434 	-0.00153525 	-0.000140362
0.643822 	0.00432974 	-0.00153952 	-0.000140545
0.645323 	0.00437513 	-0.00154379 	-0.000140727
0.646823 	0.00442053 	-0.00154807 	-0.00014091
0.648324 	0.00446592 	-0.00155234 	-0.000141093
0.649825 	0.00451132 	-0.00155661 	-0.000141275
0.651326 	0.00455671 	-0.00156089 	-0.000141458
0.652826 	0.00460211 	-0.00156516 	-0.00014164
0.654327 	0.00464751 	-0.00156943 	-0.000141823
0.655828 	0.0046929 	-0.0015737 	-0.000142006
0.657329 	0.00473669 	-0.0015788 	-0.000142114
0.658829 	0.00477977 	-0.00158426 	-0.000142189
0.66033 	0.00482285 	-0.00158971 	-0.000142264
0.661831 	0.00487031 	-0.00159399 	-0.000142403
0.663332 	0.00492195 	-0.00159714 	-0.000142602
0.664832 	0.00497359 	-0.0016003 	-0.000142801
0.666333 	0.00502523 	-0.00160345 	-0.000143
0.667834 	0.00507388 	-0.0016074 	-0.000143142
0.669335 	0.00512231 	-0.00161141 	-0.000143281
0.670835 	0.00517073 	-0.00161542 	-0.00014342
0.672336 	0.00521916 	-0.00161944 	-0.000143558
0.673837 	0.00526759 	-0.00162345 	-0.000143697
0.675338 	0.00531601 	-0.00162746 	-0.000143836
0.676838 	0.00536444 	-0.00163147 	-0.000143974
0.678339 	0.00541286 	-0.00163548 	-0.000144113
0.67984 	0.00546129 	-0.00163949 	-0.000144252
0.681341 	0.00550972 	-0.00164351 	-0.00014439
0.682841 	0.00555814 	-0.00164752 	-0.000144529
0.684342 	0.00560657 	-0.00165153 	-0.000144668
0.685843 	0.00565499 	-0.00165554 	-0.000144806
0.687344 	0.00570342 	-0.00165955 	-0.000144945
0.688844 	0.00575185 	-0.00166357 	-0.000145084
0.690345 	0.00580027 	-0.00166758 	-0.000145222
0.691846 	0.0058487 	-0.00167159 	-0.000145361
0.693347 	0.00589712 	-0.0016756 	-0.000145499
0.694847 	0.00594555 	-0.00167961 	-0.000145638
0.696348 	0.00599398 	-0.00168363 	-0.000145777
0.697849 	0.0060424 	-0.00168764 	-0.000145915
0.69935 	0.00609083 	-0.00169165 	-0.000146054
0.70085 	0.00613925 	-0.00169566 	-0.000146193
0.702351 	0.00618768 	-0.00169967 	-0.000146331
0.703852 	0.00623611 	-0.00170368 	-0.00014647
0.705353 	0.00628453 	-0.0017077 	-0.000146609
0.706853 	0.00632488 	-0.00171224 	-0.000146623
0.708354 	0.00636477 	-0.0017168 	-0.000146631
0.709855 	0.00640465 	-0.00172137 	-0.000146638
0.711356 	0.00644454 	-0.00172594 	-0.000146646
0.712856 	0.00649226 	-0.00173007 	-0.000146676
0.714357 	0.00655268 	-0.00173348 	-0.000146744
0.715858 	0.0066131 	-0.00173689 	-0.000146811
0.717359 	0.00667352 	-0.0017403 	-0.000146878
0.718859 	0.00673395 	-0.00174371 	-0.000146945
0.72036 	0.00679075 	-0.00174723 	-0.000146975
0.721861 	0.00683565 	-0.00175111 	-0.000146884
0.723362 	0.00688055 	-0.00175498 	-0.000146792
0.724862 	0.00692545 	-0.00175886 	-0.000146701
0.726363 	0.00697035 	-0.00176273 	-0.000146609
0.727864 	0.00701525 	-0.00176661 	-0.000146518
0.729365 	0.00706015 	-0.00177048 	-0.000146426
0.730865 	0.00710506 	-0.00177436 	-0.000146335
0.732366 	0.00714996 	-0.00177823 	-0.000146243
0.733867 	0.00719486 	-0.00178211 	-0.000146152
0.735368 	0.00723976 	-0.00178598 	-0.000146061
0.736868 	0.00728466 	-0.00178986 	-0.000145969
0.738369 	0.00732956 	-0.00179373 	-0.000145878
0.73987 	0.00737446 	-0.00179761 	-0.000145786
0.741371 	0.00741936 	-0.00180148 	-0.000145695
0.742871 	0.00746426 	-0.00180536 	-0.000145603
0.744372 	0.00750917 	-0.00180924 	-0.000145512
0.745873 	0.00755407 	-0.00181311 	-0.00014542
0.747374 	0.00759897 	-0.00181699 	-0.000145329
0.748874 	0.00764387 	-0.00182086 	-0.000145237
0.750375 	0.00768877 	-0.00182474 	-0.000145146
0.751876 	0.00773367 	-0.00182861 	-0.000145054
0.753377 	0.00777857 	-0.00183249 	-0.000144963
0.754877 	0.00782347 	-0.00183636 	-0.000144871
0.756378 	0.00786838 	-0.00184024 	-0.00014478
0.757879 	0.00789844 	-0.00184474 	-0.000144603
0.75938 	0.00792662 	-0.00184932 	-0.000144415
0.76088 	0.0079548 	-0.0018539 	-0.000144228
0.762381 	0.00798298 	-0.00185848 	-0.00014404
0.763882 	0.00801116 	-0.00186306 	-0.000143852
0.765383 	0.00803935 	-0.00186764 	-0.000143665
0.766883 	0.00806626 	-0.00187223 	-0.000143506
0.768384 	0.00809282 	-0.00187683 	-0.000143355
0.769885 	0.00811937 	-0.00188142 	-0.000143204
0.771386 	0.00814593 	-0.00188602 	-0.000143053
0.772886 	0.00817248 	-0.00189061 	-0.000142902
0.774387 	0.00819904 	-0.00189521 	-0.000142751
0.775888 	0.00822559 	-0.0018998 	-0.0001426
0.777389 	0.00826415 	-0.00190309 	-0.000142388
0.778889 	0.00830428 	-0.0019062 	-0.000142167
0.78039 	0.0083444 	-0.00190932 	-0.000141947
0.781891 	0.00838453 	-0.00191243 	-0.000141727
0.783392 	0.00842466 	-0.00191555 	-0.000141506
0.784892 	0.00846479 	-0.00191866 	-0.000141286
0.786393 	0.00850491 	-0.00192178 	-0.000141066
0.787894 	0.00854504 	-0.00192489 	-0.000140846
0.789395 	0.00858517 	-0.00192801 	-0.000140625
0.790895 	0.00862529 	-0.00193113 	-0.000140405
0.792396 	0.00866542 	-0.00193424 	-0.000140185
0.793897 	0.00870555 	-0.00193736 	-0.000139965
0.795398 	0.00874568 	-0.00194047 	-0.000139744
0.796898 	0.0087858 	-0.00194359 	-0.000139524
0.798399 	0.00882593 	-0.0019467 	-0.000139304
0.7999 	0.00886606 	-0.00194982 	-0.000139083
0.801401 	0.00890619 	-0.00195293 	-0.000138863
0.802901 	0.00894631 	-0.00195605 	-0.000138643
0.804402 	0.00898644 	-0.00195916 	-0.000138423
0.805903 	0.00902657 	-0.00196228 	-0.000138202
0.807404 	0.00906669 	-0.00196539 	-0.000137982
0.808904 	0.00910682 	-0.00196851 	-0.000137762
0.810405 	0.0091584 	-0.00197104 	-0.000137549
0.811906 	0.00921903 	-0.0019731 	-0.000137342
0.813407 	0.00927965 	-0.00197517 	-0.000137135
0.814907 	0.00934028 	-0.00197724 	-0.000136928
0.816408 	0.0094009 	-0.0019793 	-0.000136721
0.817909 	0.00946153 	-0.00198137 	-0.000136514
0.81941 	0.00952215 	-0.00198344 	-0.000136307
0.82091 	0.00958277 	-0.0019855 	-0.0001361
0.822411 	0.00963222 	-0.00198884 	-0.000135845
0.823912 	0.00967786 	-0.00199262 	-0.000135572
0.825413 	0.00972351 	-0.00199639 	-0.0001353
0.826913 	0.00976915 	-0.00200017 	-0.000135028
0.828414 	0.00981479 	-0.00200395 	-0.000134755
0.829915 	0.00986043 	-0.00200772 	-0.000134483
0.831416 	0.00990607 	-0.0020115 	-0.000134211
0.832916 	0.00995171 	-0.00201527 	-0.000133938
0.834417 	0.00999735 	-0.00201905 	-0.000133666
0.835918 	0.010045 	-0.00202135 	-0.000133613
0.837419 	0.0100928 	-0.00202353 	-0.000133578
0.838919 	0.0101406 	-0.00202572 	-0.000133542
0.84042 	0.0101884 	-0.0020279 	-0.000133507
0.841921 	0.0102362 	-0.00203009 	-0.000133471
0.843422 	0.010284 	-0.00203227 	-0.000133436
0.844922 	0.0103318 	-0.00203445 	-0.0001334
0.846423 	0.0103796 	-0.00203664 	-0.000133365
0.847924 	0.0104273 	-0.00203882 	-0.000133329
0.849425 	0.0104751 	-0.00204101 	-0.000133294
0.850925 	0.0105229 	-0.00204319 	-0.000133258
0.852426 	0.0105707 	-0.00204538 	-0.000133223
0.853927 	0.0106185 	-0.00204756 	-0.000133187
0.855428 	0.0106663 	-0.00204975 	-0.000133152
0.856928 	0.0107141 	-0.00205193 	-0.000133116
0.858429 	0.0107619 	-0.00205411 	-0.000133081
0.85993 	0.0108097 	-0.0020563 	-0.000133045
0.861431 	0.0108575 	-0.00205848 	-0.00013301
0.862931 	0.0109053 	-0.00206067 	-0.000132974
0.864432 	0.0109532 	-0.00206284 	-0.000132942
0.865933 	0.0110096 	-0.00206385 	-0.00013317
0.867434 	0.0110661 	-0.00206487 	-0.000133398
0.868934 	0.0111225 	-0.00206588 	-0.000133626
0.870435 	0.0111789 	-0.0020669 	-0.000133853
0.871936 	0.0112353 	-0.00206792 	-0.000134081
0.873437 	0.0112918 	-0.00206893 	-0.000134309
0.874937 	0.0113482 	-0.00206995 	-0.000134537
0.876438 	0.0114046 	-0.00207097 	-0.000134765
0.877939 	0.0114611 	-0.00207198 	-0.000134993
0.87944 	0.0115161 	-0.00207372 	-0.000135164
0.88094 	0.0115684 	-0.00207687 	-0.000135227
0.882441 	0.0116208 	-0.00208001 	-0.000135289
0.883942 	0.0116731 	-0.00208315 	-0.000135352
0.885443 	0.0117254 	-0.0020863 	-0.000135414
0.886943 	0.0117778 	-0.00208944 	-0.000135477
0.888444 	0.0118301 	-0.00209258 	-0.000135539
0.889945 	0.0118825 	-0.00209573 	-0.000135602
0.891446 	0.0119348 	-0.00209887 	-0.000135664
0.892946 	0.0119872 	-0.00210201 	-0.000135727
0.894447 	0.0120395 	-0.00210516 	-0.000135789
0.895948 	0.0120925 	-0.0021077 	-0.000136001
0.897449 	0.0121464 	-0.00210944 	-0.000136413
0.898949 	0.0122003 	-0.00211118 	-0.000136826
0.90045 	0.0122543 	-0.00211292 	-0.000137239
0.901951 	0.0123082 	-0.00211465 	-0.000137651
0.903452 	0.0123621 	-0.00211639 	-0.000138064
0.904952 	0.012416 	-0.00211813 	-0.000138477
0.906453 	0.0124699 	-0.00211987 	-0.000138889
0.907954 	0.0125239 	-0.0021216 	-0.000139302
0.909455 	0.0125778 	-0.00212334 	-0.000139715
0.910955 	0.0126317 	-0.00212508 	-0.000140127
0.912456 	0.0126856 	-0.00212682 	-0.00014054
0.913957 	0.0127395 	-0.00212855 	-0.000140953
0.915458 	0.0127935 	-0.00213029 	-0.000141366
0.916958 	0.0128474 	-0.00213203 	-0.000141778
0.918459 	0.0129013 	-0.00213377 	-0.000142191
0.91996 	0.0129552 	-0.0021355 	-0.000142604
0.921461 	0.0130098 	-0.00213683 	-0.00014311
0.922961 	0.013066 	-0.00213724 	-0.000143821
0.924462 	0.0131222 	-0.00213766 	-0.000144532
0.925963 	0.0131784 	-0.00213808 	-0.000145243
0.927464 	0.0132346 	-0.00213849 	-0.000145954
0.928964 	0.0132908 	-0.00213891 	-0.000146665
0.930465 	0.013347 	-0.00213933 	-0.000147376
0.931966 	0.0134032 	-0.00213974 	-0.000148087
0.933467 	0.0134594 	-0.00214016 	-0.000148797
0.934967 	0.0135156 	-0.00214058 	-0.000149508
0.936468 	0.0135718 	-0.002141 	-0.000150219
0.937969 	0.013628 	-0.00214141 	-0.00015093
0.93947 	0.0136817 	-0.00214302 	-0.000151582
0.94097 	0.013734 	-0.0021453 	-0.000152201
0.942471 	0.0137862 	-0.00214758 	-0.000152819
0.943972 	0.0138385 	-0.00214986 	-0.000153438
0.945473 	0.0138907 	-0.00215214 	-0.000154056
0.946973 	0.013943 	-0.00215442 	-0.000154675
0.948474 	0.0139952 	-0.0021567 	-0.000155293
0.949975 	0.0140475 	-0.00215898 	-0.000155911
0.951476 	0.0140997 	-0.00216126 	-0.00015653
0.952976 	0.014152 	-0.00216354 	-0.000157148
0.954477 	0.0142042 	-0.00216582 	-0.000157767
0.955978 	0.0142565 	-0.0021681 	-0.000158385
0.957479 	0.0143087 	-0.00217038 	-0.000159004
0.958979 	0.0143611 	-0.00217219 	-0.000159538
0.96048 	0.0144136 	-0.00217344 	-0.000159973
0.961981 	0.0144661 	-0.00217469 	-0.000160408
0.963482 	0.0145187 	-0.00217594 	-0.000160843
0.964982 	0.0145712 	-0.00217719 	-0.000161278
0.966483 	0.0146237 	-0.00217844 	-0.000161714
0.967984 	0.0146763 	-0.00217969 	-0.000162149
0.969485 	0.0147288 	-0.00218094 	-0.000162584
0.970985 	0.0147813 	-0.00218219 	-0.000163019
0.972486 	0.0148338 	-0.00218344 	-0.000163454
0.973987 	0.0148864 	-0.0021847 	-0.000163889
0.975488 	0.0149389 	-0.00218595 	-0.000164324
0.976988 	0.0149914 	-0.0021872 	-0.000164759
0.978489 	0.015044 	-0.00218845 	-0.000165194
0.97999 	0.0150947 	-0.00218895 	-0.000165485
0.981491 	0.0151439 	-0.00218881 	-0.000165652
0.982991 	0.015193 	-0.00218867 	-0.000165819
0.984492 	0.0152422 	-0.00218853 	-0.000165986
0.985993 	0.0152914 	-0.00218839 	-0.000166152
0.987494 	0.0153406 	-0.00218824 	-0.000166319
0.988994 	0.0153897 	-0.0021881 	-0.000166486
0.990495 	0.0154389 	-0.00218796 	-0.000166653
0.991996 	0.0154881 	-0.00218782 	-0.00016682
0.993497 	0.0155373 	-0.00218768 	-0.000166987
0.994997 	0.0155864 	-0.00218754 	-0.000167154
0.996498 	0.0156356 	-0.0021874 	-0.000167321
0.997999 	0.0156848 	-0.00218726 	-0.000167488
0.9995 	0.015734 	-0.00218712 	-0.000167655
1.001 	0.0157884 	-0.00218777 	-0.000167791
1.0025 	0.0158449 	-0.00218873 	-0.000167915
1.004 	0.0159014 	-0.0021897 	-0.000168039
1.0055 	0.0159579 	-0.00219066 	-0.000168164
1.007 	0.0160144 	-0.00219162 	-0.000168288
1.0085 	0.0160709 	-0.00219259 	-0.000168412
1.01001 	0.0161274 	-0.00219355 	-0.000168537
1.01151 	0.0161839 	-0.00219451 	-0.000168661
1.01301 	0.0162404 	-0.00219548 	-0.000168785
1.01451 	0.0162969 	-0.00219644 	-0.00016891
1.01601 	0.0163534 	-0.00219741 	-0.000169034
1.01751 	0.0164099 	-0.00219837 	-0.000169158
1.01901 	0.0164664 	-0.00219933 	-0.000169283
1.02051 	0.0165228 	-0.0022003 	-0.000169407
1.02201 	0.0165793 	-0.00220126 	-0.000169531
1.02351 	0.0166351 	-0.00220212 	-0.000169623
1.02501 	0.0166858 	-0.00220235 	-0.000169497
1.02651 	0.0167366 	-0.00220258 	-0.000169371
1.02801 	0.0167873 	-0.00220281 	-0.000169245
1.02951 	0.0168381 	-0.00220304 	-0.000169119
1.03102 	0.0168888 	-0.00220327 	-0.000168993
1.03252 	0.0169396 	-0.0022035 	-0.000168868
1.03402 	0.0169903 	-0.00220373 	-0.000168742
1.03552 	0.0170411 	-0.00220396 	-0.000168616
1.03702 	0.0170918 	-0.00220419 	-0.00016849
1.03852 	0.0171426 	-0.00220442 	-0.000168364
1.04002 	0.0171861 	-0.00220384 	-0.000168008
1.04152 	0.0172276 	-0.00220302 	-0.000167583
1.04302 	0.017269 	-0.00220219 	-0.000167159
1.04452 	0.0173105 	-0.00220137 	-0.000166734
1.04602 	0.0173519 	-0.00220055 	-0.000166309
1.04752 	0.0173934 	-0.00219973 	-0.000165885
1.04902 	0.0174348 	-0.0021989 	-0.00016546
1.05053 	0.0174763 	-0.00219808 	-0.000165036
1.05203 	0.0175177 	-0.00219726 	-0.000164611
1.05353 	0.0175592 	-0.00219644 	-0.000164187
1.05503 	0.0176006 	-0.00219561 	-0.000163762
1.05653 	0.0176421 	-0.00219479 	-0.000163338
1.05803 	0.0176835 	-0.00219397 	-0.000162913
1.05953 	0.017725 	-0.00219315 	-0.000162488
1.06103 	0.0177664 	-0.00219232 	-0.000162064
1.06253 	0.0178079 	-0.0021915 	-0.000161639
1.06403 	0.0178612 	-0.00219081 	-0.000161143
1.06553 	0.0179199 	-0.00219017 	-0.000160615
1.06703 	0.0179786 	-0.00218953 	-0.000160087
1.06853 	0.0180373 	-0.00218889 	-0.000159559
1.07004 	0.018096 	-0.00218825 	-0.00015903
1.07154 	0.0181548 	-0.00218762 	-0.000158502
1.07304 	0.0182135 	-0.00218698 	-0.000157974
1.07454 	0.0182722 	-0.00218634 	-0.000157446
1.07604 	0.0183309 	-0.0021857 	-0.000156918
1.07754 	0.0183896 	-0.00218506 	-0.000156389
1.07904 	0.0184483 	-0.00218443 	-0.000155861
1.08054 	0.018507 	-0.00218379 	-0.000155333
1.08204 	0.0185657 	-0.00218315 	-0.000154805
1.08354 	0.0186244 	-0.00218251 	-0.000154277
1.08504 	0.0186831 	-0.00218187 	-0.000153748
1.08654 	0.0187418 	-0.00218124 	-0.00015322
1.08804 	0.0188005 	-0.0021806 	-0.000152692
1.08954 	0.0188592 	-0.00217996 	-0.000152164
1.09105 	0.0189097 	-0.00217912 	-0.000151642
1.09255 	0.0189539 	-0.00217813 	-0.000151125
1.09405 	0.0189981 	-0.00217714 	-0.000150607
1.09555 	0.0190423 	-0.00217614 	-0.00015009
1.09705 	0.0190865 	-0.00217515 	-0.000149573
1.09855 	0.0191307 	-0.00217416 	-0.000149056
1.10005 	0.0191732 	-0.00217314 	-0.000148542
1.10155 	0.0192028 	-0.00217191 	-0.000148052
1.10305 	0.0192324 	-0.00217068 	-0.000147562
1.10455 	0.019262 	-0.00216945 	-0.000147072
1.10605 	0.0192916 	-0.00216821 	-0.000146582
1.10755 	0.0193212 	-0.00216698 	-0.000146092
1.10905 	0.0193508 	-0.00216575 	-0.000145602
1.11056 	0.0193804 	-0.00216452 	-0.000145112
1.11206 	0.01941 	-0.00216329 	-0.000144622
1.11356 	0.0194396 	-0.00216206 	-0.000144132
1.11506 	0.0194692 	-0.00216083 	-0.000143642
1.11656 	0.0194988 	-0.0021596 	-0.000143152
1.11806 	0.0195284 	-0.00215837 	-0.000142662
1.11956 	0.019558 	-0.00215714 	-0.000142172
1.12106 	0.0195876 	-0.00215591 	-0.000141682
1.12256 	0.0196172 	-0.00215468 	-0.000141192
1.12406 	0.0196468 	-0.00215344 	-0.000140702
1.12556 	0.0196764 	-0.00215221 	-0.000140212
1.12706 	0.019706 	-0.00215098 	-0.000139722
1.12856 	0.0197351 	-0.00215005 	-0.000139261
1.13007 	0.0197641 	-0.00214926 	-0.000138815
1.13157 	0.019793 	-0.00214847 	-0.000138369
1.13307 	0.019822 	-0.00214768 	-0.000137923
1.13457 	0.0198509 	-0.00214689 	-0.000137476
1.13607 	0.0198799 	-0.0021461 	-0.00013703
1.13757 	0.0199088 	-0.00214531 	-0.000136584
1.13907 	0.0199378 	-0.00214452 	-0.000136138
1.14057 	0.0199667 	-0.00214374 	-0.000135691
1.14207 	0.0199957 	-0.00214295 	-0.000135245
1.14357 	0.0200246 	-0.00214216 	-0.000134799
1.14507 	0.0200536 	-0.00214137 	-0.000134353
1.14657 	0.0200825 	-0.00214058 	-0.000133906
1.14807 	0.0201115 	-0.00213979 	-0.00013346
1.14957 	0.0201404 	-0.002139 	-0.000133014
1.15108 	0.0201694 	-0.00213821 	-0.000132568
1.15258 	0.0201983 	-0.00213743 	-0.000132121
1.15408 	0.0202273 	-0.00213664 	-0.000131675
1.15558 	0.0202562 	-0.00213585 	-0.000131229
1.15708 	0.0202852 	-0.00213506 	-0.000130782
1.15858 	0.0203141 	-0.00213427 	-0.000130336
1.16008 	0.0203519 	-0.00213264 	-0.000129876
1.16158 	0.0203905 	-0.00213092 	-0.000129415
1.16308 	0.0204369 	-0.00212859 	-0.000128934
1.16458 	0.0204873 	-0.00212593 	-0.000128443
1.16608 	0.0205377 	-0.00212327 	-0.000127951
1.16758 	0.0205881 	-0.00212062 	-0.00012746
1.16908 	0.0206385 	-0.00211796 	-0.000126968
1.17059 	0.0206889 	-0.00211531 	-0.000126477
1.17209 	0.0207392 	-0.00211265 	-0.000125985
1.17359 	0.0207896 	-0.00211 	-0.000125493
1.17509 	0.02084 	-0.00210734 	-0.000125002
1.17659 	0.0208904 	-0.00210468 	-0.00012451
1.17809 	0.0209408 	-0.00210203 	-0.000124019
1.17959 	0.0209912 	-0.00209937 	-0.000123527
1.18109 	0.0210416 	-0.00209672 	-0.000123036
1.18259 	0.021092 	-0.00209406 	-0.000122544
1.18409 	0.0211423 	-0.0020914 	-0.000122053
1.18559 	0.0211927 	-0.00208875 	-0.000121561
1.18709 	0.0212431 	-0.00208609 	-0.00012107
1.18859 	0.0212935 	-0.00208344 	-0.000120578
1.1901 	0.0213439 	-0.00208078 	-0.000120087
1.1916 	0.0213943 	-0.00207812 	-0.000119595
1.1931 	0.0214447 	-0.00207547 	-0.000119104
1.1946 	0.0214824 	-0.00207361 	-0.000118706
1.1961 	0.0215164 	-0.00207198 	-0.000118335
1.1976 	0.0215504 	-0.00207035 	-0.000117964
1.1991 	0.0215844 	-0.00206872 	-0.000117594
1.2006 	0.0216184 	-0.00206709 	-0.000117223
1.2021 	0.0216524 	-0.00206546 	-0.000116852
1.2036 	0.0216864 	-0.00206384 	-0.000116482
1.2051 	0.0217204 	-0.00206221 	-0.000116111
1.2066 	0.0217544 	-0.00206058 	-0.00011574
1.2081 	0.0217884 	-0.00205895 	-0.000115369
1.2096 	0.0218224 	-0.00205732 	-0.000114999
1.21111 	0.0218564 	-0.00205569 	-0.000114628
1.21261 	0.0218904 	-0.00205406 	-0.000114257
1.21411 	0.0219244 	-0.00205244 	-0.000113887
1.21561 	0.0219584 	-0.00205081 	-0.000113516
1.21711 	0.0219924 	-0.00204918 	-0.000113145
1.21861 	0.0220264 	-0.00204755 	-0.000112775
1.22011 	0.0220604 	-0.00204592 	-0.000112404
1.22161 	0.0220944 	-0.00204429 	-0.000112033
1.22311 	0.0221284 	-0.00204266 	-0.000111663
1.22461 	0.0221624 	-0.00204104 	-0.000111292
1.22611 	0.0221988 	-0.002039 	-0.00011101
1.22761 	0.0222373 	-0.00203659 	-0.00011081
1.22911 	0.022276 	-0.00203402 	-0.000110663
1.23062 	0.022315 	-0.0020311 	-0.000110642
1.23212 	0.022354 	-0.00202817 	-0.000110621
1.23362 	0.022393 	-0.00202524 	-0.0001106
1.23512 	0.022432 	-0.00202231 	-0.000110579
1.23662 	0.022471 	-0.00201939 	-0.000110558
1.23812 	0.0225099 	-0.00201646 	-0.000110537
1.23962 	0.0225489 	-0.00201353 	-0.000110516
1.24112 	0.0225879 	-0.0020106 	-0.000110495
1.24262 	0.0226269 	-0.00200768 	-0.000110474
1.24412 	0.0226659 	-0.00200475 	-0.000110453
1.24562 	0.0227048 	-0.00200182 	-0.000110433
1.24712 	0.0227438 	-0.00199889 	-0.000110412
1.24862 	0.0227828 	-0.00199597 	-0.000110391
1.25013 	0.0228218 	-0.00199304 	-0.00011037
1.25163 	0.0228608 	-0.00199011 	-0.000110349
1.25313 	0.0228998 	-0.00198718 	-0.000110328
1.25463 	0.0229387 	-0.00198426 	-0.000110307
1.25613 	0.0229777 	-0.00198133 	-0.000110286
1.25763 	0.0230167 	-0.0019784 	-0.000110265
1.25913 	0.0230557 	-0.00197548 	-0.000110244
1.26063 	0.0230935 	-0.00197265 	-0.000110219
1.26213 	0.0231249 	-0.00197037 	-0.000110173
1.26363 	0.0231563 	-0.00196809 	-0.000110126
1.26513 	0.0231876 	-0.00196582 	-0.00011008
1.26663 	0.023219 	-0.00196354 	-0.000110033
1.26813 	0.0232504 	-0.00196126 	-0.000109986
1.26963 	0.0232818 	-0.00195898 	-0.00010994
1.27114 	0.0233132 	-0.00195671 	-0.000109893
1.27264 	0.0233445 	-0.00195443 	-0.000109847
1.27414 	0.0233759 	-0.00195215 	-0.0001098
1.27564 	0.0234073 	-0.00194987 	-0.000109754
1.27714 	0.0234387 	-0.0019476 	-0.000109707
1.27864 	0.0234701 	-0.00194532 	-0.000109661
1.28014 	0.0235014 	-0.00194304 	-0.000109614
1.28164 	0.0235328 	-0.00194076 	-0.000109568
1.28314 	0.0235642 	-0.00193849 	-0.000109521
1.28464 	0.0235956 	-0.00193621 	-0.000109474
1.28614 	0.023627 	-0.00193393 	-0.000109428
1.28764 	0.0236583 	-0.00193165 	-0.000109381
1.28914 	0.0236897 	-0.00192938 	-0.000109335
1.29065 	0.0237208 	-0.00192673 	-0.000109221
1.29215 	0.0237518 	-0.00192401 	-0.000109094
1.29365 	0.0237828 	-0.00192129 	-0.000108967
1.29515 	0.0238138 	-0.00191857 	-0.00010884
1.29665 	0.0238448 	-0.00191584 	-0.000108713
1.29815 	0.0238759 	-0.00191312 	-0.000108586
1.29965 	0.0239069 	-0.0019104 	-0.000108459
1.30115 	0.0239349 	-0.00190749 	-0.000108261
1.30265 	0.0239626 	-0.00190457 	-0.000108057
1.30415 	0.0239904 	-0.00190165 	-0.000107853
1.30565 	0.0240181 	-0.00189873 	-0.000107649
1.30715 	0.0240459 	-0.00189581 	-0.000107445
1.30865 	0.0240737 	-0.00189289 	-0.000107241
1.31016 	0.0241014 	-0.00188996 	-0.000107038
1.31166 	0.0241292 	-0.00188704 	-0.000106834
1.31316 	0.024157 	-0.00188412 	-0.00010663
1.31466 	0.0241847 	-0.0018812 	-0.000106426
1.31616 	0.0242125 	-0.00187828 	-0.000106222
1.31766 	0.0242402 	-0.00187536 	-0.000106018
1.31916 	0.024268 	-0.00187243 	-0.000105814
1.32066 	0.0242958 	-0.00186951 	-0.00010561
1.32216 	0.0243235 	-0.00186659 	-0.000105407
1.32366 	0.0243513 	-0.00186367 	-0.000105203
1.32516 	0.0243791 	-0.00186075 	-0.000104999
1.32666 	0.0244068 	-0.00185783 	-0.000104795
1.32816 	0.0244346 	-0.0018549 	-0.000104591
1.32966 	0.0244621 	-0.00185218 	-0.00010438
1.33117 	0.0244897 	-0.00184945 	-0.000104169
1.33267 	0.0245172 	-0.00184673 	-0.000103957
1.33417 	0.0245447 	-0.00184401 	-0.000103746
1.33567 	0.0245723 	-0.00184129 	-0.000103535
1.33717 	0.0245998 	-0.00183857 	-0.000103324
1.33867 	0.0246274 	-0.00183585 	-0.000103112
1.34017 	0.0246549 	-0.00183313 	-0.000102901
1.34167 	0.0246824 	-0.00183041 	-0.00010269
1.34317 	0.02471 	-0.00182769 	-0.000102478
1.34467 	0.0247375 	-0.00182497 	-0.000102267
1.34617 	0.0247651 	-0.00182225 	-0.000102056
1.34767 	0.0247926 	-0.00181953 	-0.000101844
1.34917 	0.0248201 	-0.00181681 	-0.000101633
1.35068 	0.0248477 	-0.00181408 	-0.000101422
1.35218 	0.0248752 	-0.00181136 	-0.000101211
1.35368 	0.0249027 	-0.00180864 	-0.000100999
1.35518 	0.0249273 	-0.00180589 	-0.00010056
1.35668 	0.0249506 	-0.00180312 	-0.000100028
1.35818 	0.0249739 	-0.00180036 	-9.94967e-05
1.35968 	0.0249972 	-0.00179759 	-9.89652e-05
1.36118 	0.0250205 	-0.00179482 	-9.84336e-05
1.36268 	0.0250438 	-0.00179206 	-9.79021e-05
1.36418 	0.0250671 	-0.00178929 	-9.73705e-05
1.36568 	0.0250904 	-0.00178652 	-9.6839e-05
1.36718 	0.0251137 	-0.00178376 	-9.63074e-05
1.36868 	0.0251371 	-0.00178099 	-9.57759e-05
1.37019 	0.0251604 	-0.00177822 	-9.52443e-05
1.37169 	0.0251837 	-0.00177546 	-9.47128e-05
1.37319 	0.0252041 	-0.00177259 	-9.39322e-05
1.37469 	0.0252245 	-0.00176972 	-9.31455e-05
1.37619 	0.0252449 	-0.00176685 	-9.23588e-05
1.37769 	0.0252652 	-0.00176398 	-9.1572e-05
1.37919 	0.0252856 	-0.0017611 	-9.07853e-05
1.38069 	0.025306 	-0.00175823 	-8.99986e-05
1.38219 	0.0253264 	-0.00175536 	-8.92119e-05
1.38369 	0.0253467 	-0.00175249 	-8.84252e-05
1.38519 	0.0253671 	-0.00174962 	-8.76384e-05
1.38669 	0.0253875 	-0.00174675 	-8.68517e-05
1.38819 	0.0254079 	-0.00174388 	-8.6065e-05
1.38969 	0.0254282 	-0.00174101 	-8.52783e-05
1.3912 	0.0254486 	-0.00173814 	-8.44916e-05
1.3927 	0.025469 	-0.00173527 	-8.37049e-05
1.3942 	0.0254894 	-0.0017324 	-8.29181e-05
1.3957 	0.0255097 	-0.00172953 	-8.21314e-05
1.3972 	0.0255302 	-0.00172672 	-8.13523e-05
1.3987 	0.0255507 	-0.00172401 	-8.05876e-05
1.4002 	0.0255712 	-0.00172131 	-7.98229e-05
1.4017 	0.0255917 	-0.00171861 	-7.90582e-05
1.4032 	0.0256122 	-0.0017159 	-7.82935e-05
1.4047 	0.0256328 	-0.0017132 	-7.75289e-05
1.4062 	0.0256533 	-0.0017105 	-7.67642e-05
1.4077 	0.0256738 	-0.0017078 	-7.59995e-05
1.4092 	0.0256943 	-0.00170509 	-7.52348e-05
1.41071 	0.0257149 	-0.00170239 	-7.44701e-05
1.41221 	0.0257354 	-0.00169969 	-7.37055e-05
1.41371 	0.0257559 	-0.00169698 	-7.29408e-05
1.41521 	0.0257764 	-0.00169428 	-7.21761e-05
1.41671 	0.025797 	-0.00169158 	-7.14114e-05
1.41821 	0.0258175 	-0.00168888 	-7.06467e-05
1.41971 	0.0258367 	-0.00168626 	-6.98853e-05
1.42121 	0.0258526 	-0.00168383 	-6.91316e-05
1.42271 	0.0258686 	-0.00168141 	-6.83779e-05
1.42421 	0.0258846 	-0.00167899 	-6.76242e-05
1.42571 	0.0259005 	-0.00167657 	-6.68706e-05
1.42721 	0.0259165 	-0.00167415 	-6.61169e-05
1.42871 	0.0259324 	-0.00167172 	-6.53632e-05
1.43022 	0.0259484 	-0.0016693 	-6.46095e-05
1.43172 	0.0259644 	-0.00166688 	-6.38558e-05
1.43322 	0.0259803 	-0.00166446 	-6.31022e-05
1.43472 	0.0259963 	-0.00166204 	-6.23485e-05
1.43622 	0.0260122 	-0.00165961 	-6.15948e-05
1.43772 	0.0260282 	-0.00165719 	-6.08411e-05
1.43922 	0.0260441 	-0.00165477 	-6.00874e-05
1.44072 	0.0260601 	-0.00165235 	-5.93338e-05
1.44222 	0.0260761 	-0.00164993 	-5.85801e-05
1.44372 	0.026092 	-0.00164751 	-5.78264e-05
1.44522 	0.0261064 	-0.00164509 	-5.70533e-05
1.44672 	0.02612 	-0.00164267 	-5.62695e-05
1.44822 	0.0261336 	-0.00164025 	-5.54857e-05
1.44972 	0.0261472 	-0.00163783 	-5.47019e-05
1.45123 	0.0261608 	-0.00163541 	-5.39182e-05
1.45273 	0.0261744 	-0.001633 	-5.31344e-05
1.45423 	0.026188 	-0.00163058 	-5.23506e-05
1.45573 	0.0262015 	-0.00162816 	-5.15668e-05
1.45723 	0.0262151 	-0.00162574 	-5.0783e-05
1.45873 	0.0262287 	-0.00162332 	-4.99993e-05
1.46023 	0.0262423 	-0.00162091 	-4.92155e-05
1.46173 	0.0262559 	-0.00161849 	-4.84317e-05
1.46323 	0.0262695 	-0.00161607 	-4.76479e-05
1.46473 	0.0262831 	-0.00161365 	-4.68641e-05
1.46623 	0.0262977 	-0.00161114 	-4.60289e-05
1.46773 	0.0263135 	-0.00160853 	-4.51371e-05
1.46923 	0.0263294 	-0.00160592 	-4.42452e-05
1.47074 	0.0263452 	-0.0016033 	-4.33534e-05
1.47224 	0.0263611 	-0.00160069 	-4.24615e-05
1.47374 	0.0263769 	-0.00159808 	-4.15697e-05
1.47524 	0.0263927 	-0.00159546 	-4.06778e-05
1.47674 	0.0264086 	-0.00159285 	-3.9786e-05
1.47824 	0.0264244 	-0.00159024 	-3.88941e-05
1.47974 	0.0264402 	-0.00158762 	-3.80023e-05
1.48124 	0.0264561 	-0.00158501 	-3.71104e-05
1.48274 	0.0264719 	-0.0015824 	-3.62186e-05
1.48424 	0.0264878 	-0.00157978 	-3.53267e-05
1.48574 	0.0265003 	-0.0015776 	-3.45951e-05
1.48724 	0.0265114 	-0.00157559 	-3.39291e-05
1.48874 	0.0265226 	-0.00157358 	-3.32631e-05
1.49025 	0.0265337 	-0.00157157 	-3.25971e-05
1.49175 	0.0265448 	-0.00156956 	-3.19312e-05
1.49325 	0.026556 	-0.00156755 	-3.12652e-05
1.49475 	0.0265671 	-0.00156554 	-3.05992e-05
1.49625 	0.0265783 	-0.00156354 	-2.99333e-05
1.49775 	0.0265894 	-0.00156153 	-2.92673e-05
1.49925 	0.0266006 	-0.00155952 	-2.86013e-05
1.50075 	0.0266117 	-0.00155751 	-2.79353e-05
1.50225 	0.0266229 	-0.0015555 	-2.72694e-05
1.50375 	0.026634 	-0.00155349 	-2.66034e-05
1.50525 	0.0266451 	-0.00155148 	-2.59374e-05
1.50675 	0.0266563 	-0.00154947 	-2.52714e-05
1.50825 	0.0266674 	-0.00154746 	-2.46055e-05
1.50975 	0.0266786 	-0.00154545 	-2.39395e-05
1.51126 	0.0266897 	-0.00154344 	-2.32735e-05
1.51276 	0.0267009 	-0.00154143 	-2.26076e-05
1.51426 	0.026712 	-0.00153942 	-2.19416e-05
1.51576 	0.0267232 	-0.00153742 	-2.12756e-05
1.51726 	0.0267339 	-0.00153545 	-2.06312e-05
1.51876 	0.0267421 	-0.00153375 	-2.01185e-05
1.52026 	0.0267503 	-0.00153206 	-1.96058e-05
1.52176 	0.0267585 	-0.00153036 	-1.90931e-05
1.52326 	0.0267667 	-0.00152867 	-1.85804e-05
1.52476 	0.0267749 	-0.00152697 	-1.80678e-05
1.52626 	0.0267831 	-0.00152527 	-1.75551e-05
1.52776 	0.0267913 	-0.00152358 	-1.70424e-05
1.52926 	0.0267994 	-0.00152188 	-1.65297e-05
1.53077 	0.0268076 	-0.00152018 	-1.6017e-05
1.53227 	0.0268158 	-0.00151849 	-1.55044e-05
1.53377 	0.026824 	-0.00151679 	-1.49917e-05
1.53527 	0.0268325 	-0.00151516 	-1.44641e-05
1.53677 	0.0268411 	-0.00151359 	-1.3923e-05
1.53827 	0.0268498 	-0.00151202 	-1.33819e-05
1.53977 	0.0268585 	-0.00151045 	-1.28408e-05
1.54127 	0.0268671 	-0.00150888 	-1.22997e-05
1.54277 	0.0268758 	-0.00150731 	-1.17586e-05
1.54427 	0.0268845 	-0.00150574 	-1.12174e-05
1.54577 	0.0268931 	-0.00150417 	-1.06763e-05
1.54727 	0.0269018 	-0.0015026 	-1.01352e-05
1.54877 	0.0269105 	-0.00150103 	-9.59411e-06
1.55028 	0.0269193 	-0.00149942 	-9.04285e-06
1.55178 	0.0269294 	-0.00149744 	-8.39782e-06
1.55328 	0.0269396 	-0.00149546 	-7.75279e-06
1.55478 	0.0269497 	-0.00149349 	-7.10777e-06
1.55628 	0.0269599 	-0.00149151 	-6.46274e-06
1.55778 	0.02697 	-0.00148953 	-5.81771e-06
1.55928 	0.0269801 	-0.00148756 	-5.17268e-06
1.56078 	0.0269903 	-0.00148558 	-4.52765e-06
1.56228 	0.0270004 	-0.00148361 	-3.88262e-06
1.56378 	0.0270106 	-0.00148163 	-3.23759e-06
1.56528 	0.0270207 	-0.00147965 	-2.59256e-06
1.56678 	0.0270309 	-0.00147768 	-1.94753e-06
1.56828 	0.027041 	-0.0014757 	-1.3025e-06
1.56978 	0.0270511 	-0.00147373 	-6.57471e-07
1.57129 	0.0270613 	-0.00147175 	-1.24415e-08
1.57279 	0.0270714 	-0.00146977 	6.32588e-07
1.57429 	0.0270816 	-0.0014678 	1.27762e-06
1.57579 	0.0270917 	-0.00146582 	1.92265e-06
1.57729 	0.0271018 	-0.00146384 	2.56768e-06
1.57879 	0.027112 	-0.00146187 	3.21271e-06
1.58029 	0.0271221 	-0.00145989 	3.85774e-06
1.58179 	0.0271323 	-0.00145792 	4.50276e-06
1.58329 	0.0271424 	-0.00145594 	5.14779e-06
1.58479 	0.0271526 	-0.00145396 	5.79282e-06
1.58629 	0.0271627 	-0.00145199 	6.43785e-06
1.58779 	0.0271728 	-0.00145001 	7.08288e-06
1.58929 	0.027183 	-0.00144804 	7.72791e-06
1.5908 	0.0271937 	-0.00144586 	8.3992e-06
1.5923 	0.0272046 	-0.00144359 	9.08343e-06
1.5938 	0.0272156 	-0.00144132 	9.76766e-06
1.5953 	0.0272265 	-0.00143905 	1.04519e-05
1.5968 	0.0272375 	-0.00143678 	1.11361e-05
1.5983 	0.0272485 	-0.00143451 	1.18203e-05
1.5998 	0.0272594 	-0.00143224 	1.25046e-05
1.6013 	0.0272704 	-0.00142997 	1.31888e-05
1.6028 	0.0272813 	-0.0014277 	1.3873e-05
1.6043 	0.0272912 	-0.00142574 	1.44961e-05
1.6058 	0.0273006 	-0.00142394 	1.5087e-05
1.6073 	0.02731 	-0.00142213 	1.5678e-05
1.6088 	0.0273194 	-0.00142033 	1.6269e-05
1.61031 	0.0273288 	-0.00141852 	1.686e-05
1.61181 	0.0273382 	-0.00141672 	1.74509e-05
1.61331 	0.0273475 	-0.00141492 	1.80419e-05
1.61481 	0.0273569 	-0.00141311 	1.86329e-05
1.61631 	0.0273663 	-0.00141125 	1.92102e-05
1.61781 	0.0273757 	-0.00140934 	1.97781e-05
1.61931 	0.0273851 	-0.00140743 	2.0346e-05
1.62081 	0.0273945 	-0.00140553 	2.0914e-05
1.62231 	0.0274039 	-0.00140362 	2.14819e-05
1.62381 	0.0274133 	-0.00140172 	2.20499e-05
1.62531 	0.0274227 	-0.00139981 	2.26178e-05
1.62681 	0.0274321 	-0.0013979 	2.31857e-05
1.62831 	0.0274415 	-0.001396 	2.37537e-05
1.62981 	0.0274509 	-0.00139409 	2.43216e-05
1.63132 	0.0274603 	-0.00139218 	2.48896e-05
1.63282 	0.0274697 	-0.00139028 	2.54575e-05
1.63432 	0.0274791 	-0.00138837 	2.60254e-05
1.63582 	0.0274884 	-0.00138646 	2.65934e-05
1.63732 	0.0274978 	-0.00138456 	2.71613e-05
1.63882 	0.0275072 	-0.00138265 	2.77293e-05
1.64032 	0.0275166 	-0.00138074 	2.82972e-05
1.64182 	0.027526 	-0.00137884 	2.88651e-05
1.64332 	0.0275354 	-0.00137693 	2.94331e-05
1.64482 	0.0275448 	-0.00137502 	3.0001e-05
1.64632 	0.0275542 	-0.00137312 	3.0569e-05
1.64782 	0.0275636 	-0.00137121 	3.11369e-05
1.64932 	0.027573 	-0.0013693 	3.17048e-05
1.65083 	0.0275824 	-0.0013674 	3.22728e-05
1.65233 	0.0275918 	-0.00136549 	3.28407e-05
1.65383 	0.0276012 	-0.00136359 	3.34086e-05
1.65533 	0.0276106 	-0.00136168 	3.39766e-05
1.65683 	0.02762 	-0.00135977 	3.45445e-05
1.65833 	0.0276294 	-0.00135787 	3.51125e-05
1.65983 	0.0276388 	-0.00135596 	3.56804e-05
1.66133 	0.0276482 	-0.00135405 	3.62483e-05
1.66283 	0.0276573 	-0.00135214 	3.67966e-05
1.66433 	0.0276662 	-0.00135021 	3.73201e-05
1.66583 	0.0276751 	-0.00134827 	3.78436e-05
1.66733 	0.027684 	-0.00134634 	3.83671e-05
1.66883 	0.0276929 	-0.00134441 	3.88906e-05
1.67034 	0.0277018 	-0.00134248 	3.94141e-05
1.67184 	0.0277107 	-0.00134056 	3.99374e-05
1.67334 	0.0277196 	-0.00133875 	4.04574e-05
1.67484 	0.0277286 	-0.00133694 	4.09774e-05
1.67634 	0.0277375 	-0.00133514 	4.14973e-05
1.67784 	0.0277465 	-0.00133333 	4.20173e-05
1.67934 	0.0277554 	-0.00133152 	4.25373e-05
1.68084 	0.0277641 	-0.00132974 	4.30052e-05
1.68234 	0.0277723 	-0.00132802 	4.33704e-05
1.68384 	0.0277805 	-0.0013263 	4.37356e-05
1.68534 	0.0277887 	-0.00132458 	4.41009e-05
1.68684 	0.0277969 	-0.00132286 	4.44661e-05
1.68834 	0.0278051 	-0.00132113 	4.48313e-05
1.68984 	0.0278133 	-0.00131941 	4.51965e-05
1.69135 	0.0278215 	-0.00131769 	4.55617e-05
1.69285 	0.0278297 	-0.00131597 	4.59269e-05
1.69435 	0.0278379 	-0.00131425 	4.62921e-05
1.69585 	0.0278461 	-0.00131253 	4.66573e-05
1.69735 	0.0278543 	-0.0013108 	4.70225e-05
1.69885 	0.0278625 	-0.00130908 	4.73877e-05
1.70035 	0.0278707 	-0.00130736 	4.77529e-05
1.70185 	0.0278789 	-0.00130564 	4.81181e-05
1.70335 	0.0278871 	-0.00130392 	4.84834e-05
1.70485 	0.0278953 	-0.0013022 	4.88486e-05
1.70635 	0.0279035 	-0.00130047 	4.92138e-05
1.70785 	0.0279117 	-0.00129875 	4.9579e-05
1.70935 	0.0279199 	-0.00129703 	4.99442e-05
1.71086 	0.0279281 	-0.00129531 	5.03094e-05
1.71236 	0.0279363 	-0.00129359 	5.06746e-05
1.71386 	0.0279445 	-0.00129187 	5.10398e-05
1.71536 	0.0279527 	-0.00129015 	5.1405e-05
1.71686 	0.0279609 	-0.00128842 	5.17702e-05
1.71836 	0.0279691 	-0.0012867 	5.21354e-05
1.71986 	0.0279773 	-0.00128498 	5.25006e-05
1.72136 	0.0279855 	-0.00128326 	5.28659e-05
1.72286 	0.0279937 	-0.00128154 	5.32311e-05
1.72436 	0.0280019 	-0.00127982 	5.35963e-05
1.72586 	0.0280101 	-0.00127809 	5.39615e-05
1.72736 	0.0280183 	-0.00127637 	5.43267e-05
1.72886 	0.0280265 	-0.00127465 	5.46919e-05
1.73037 	0.0280347 	-0.00127293 	5.50571e-05
1.73187 	0.0280429 	-0.00127121 	5.54223e-05
1.73337 	0.0280511 	-0.00126949 	5.57875e-05
1.73487 	0.028059 	-0.00126775 	5.60723e-05
1.73637 	0.0280668 	-0.00126601 	5.63157e-05
1.73787 	0.0280745 	-0.00126427 	5.65591e-05
1.73937 	0.0280822 	-0.00126253 	5.68025e-05
1.74087 	0.0280901 	-0.00126083 	5.70431e-05
1.74237 	0.0280981 	-0.00125915 	5.72832e-05
1.74387 	0.028106 	-0.00125746 	5.75232e-05
1.74537 	0.0281138 	-0.0012558 	5.7725e-05
1.74687 	0.0281214 	-0.0012542 	5.78808e-05
1.74837 	0.028129 	-0.00125259 	5.80366e-05
1.74987 	0.0281366 	-0.00125099 	5.81924e-05
1.75138 	0.0281441 	-0.00124938 	5.83482e-05
1.75288 	0.0281517 	-0.00124777 	5.8504e-05
1.75438 	0.0281593 	-0.00124617 	5.86598e-05
1.75588 	0.0281669 	-0.00124456 	5.88156e-05
1.75738 	0.0281745 	-0.00124295 	5.89714e-05
1.75888 	0.028182 	-0.00124135 	5.91272e-05
1.76038 	0.0281896 	-0.00123974 	5.9283e-05
1.76188 	0.0281972 	-0.00123813 	5.94388e-05
1.76338 	0.0282048 	-0.00123653 	5.95946e-05
1.76488 	0.0282124 	-0.00123492 	5.97504e-05
1.76638 	0.0282199 	-0.00123331 	5.99062e-05
1.76788 	0.0282275 	-0.00123171 	6.0062e-05
1.76938 	0.0282351 	-0.0012301 	6.02178e-05
1.77089 	0.0282427 	-0.0012285 	6.03736e-05
1.77239 	0.0282503 	-0.00122689 	6.05294e-05
1.77389 	0.0282579 	-0.00122528 	6.06852e-05
1.77539 	0.0282654 	-0.00122368 	6.0841e-05
1.77689 	0.028273 	-0.00122207 	6.09968e-05
1.77839 	0.0282806 	-0.00122046 	6.11526e-05
1.77989 	0.0282882 	-0.00121886 	6.13083e-05
1.78139 	0.0282958 	-0.00121725 	6.14641e-05
1.78289 	0.0283033 	-0.00121564 	6.16199e-05
1.78439 	0.0283109 	-0.00121404 	6.17757e-05
1.78589 	0.0283185 	-0.00121243 	6.19315e-05
1.78739 	0.0283261 	-0.00121082 	6.20873e-05
1.78889 	0.0283337 	-0.00120922 	6.22431e-05
1.7904 	0.0283413 	-0.00120761 	6.23989e-05
1.7919 	0.0283488 	-0.001206 	6.25547e-05
1.7934 	0.0283564 	-0.0012044 	6.27105e-05
1.7949 	0.028364 	-0.00120279 	6.28663e-05
1.7964 	0.0283716 	-0.00120119 	6.30221e-05
1.7979 	0.0283792 	-0.00119958 	6.31779e-05
1.7994 	0.0283867 	-0.00119797 	6.33337e-05
1.8009 	0.0283943 	-0.00119637 	6.34895e-05
1.8024 	0.0284019 	-0.00119476 	6.36453e-05
1.8039 	0.0284095 	-0.00119315 	6.38011e-05
1.8054 	0.028417 	-0.00119153 	6.391e-05
1.8069 	0.0284244 	-0.00118991 	6.39749e-05
1.8084 	0.0284319 	-0.00118834 	6.40313e-05
1.8099 	0.0284386 	-0.00118695 	6.40378e-05
1.81141 	0.0284454 	-0.00118557 	6.40444e-05
1.81291 	0.0284521 	-0.00118418 	6.4051e-05
1.81441 	0.0284588 	-0.00118279 	6.40575e-05
1.81591 	0.0284656 	-0.0011814 	6.40641e-05
1.81741 	0.0284723 	-0.00118001 	6.40707e-05
1.81891 	0.028479 	-0.00117863 	6.40772e-05
1.82041 	0.0284858 	-0.00117724 	6.40838e-05
1.82191 	0.0284925 	-0.00117585 	6.40904e-05
1.82341 	0.0284992 	-0.00117446 	6.40969e-05
1.82491 	0.028506 	-0.00117308 	6.41035e-05
1.82641 	0.0285127 	-0.00117169 	6.41101e-05
1.82791 	0.0285194 	-0.0011703 	6.41166e-05
1.82941 	0.0285262 	-0.00116891 	6.41232e-05
1.83092 	0.0285329 	-0.00116752 	6.41298e-05
1.83242 	0.0285396 	-0.00116614 	6.41364e-05
1.83392 	0.0285464 	-0.00116475 	6.41429e-05
1.83542 	0.0285531 	-0.00116336 	6.41495e-05
1.83692 	0.0285599 	-0.00116197 	6.41561e-05
1.83842 	0.0285666 	-0.00116059 	6.41626e-05
1.83992 	0.0285733 	-0.0011592 	6.41692e-05
1.84142 	0.0285801 	-0.00115781 	6.41758e-05
1.84292 	0.0285869 	-0.00115641 	6.41873e-05
1.84442 	0.0285937 	-0.001155 	6.41998e-05
1.84592 	0.0286005 	-0.00115359 	6.42123e-05
1.84742 	0.0286073 	-0.00115219 	6.42247e-05
1.84892 	0.0286141 	-0.00115078 	6.42372e-05
1.85043 	0.0286209 	-0.00114937 	6.42497e-05
1.85193 	0.0286277 	-0.00114797 	6.42622e-05
1.85343 	0.0286345 	-0.00114656 	6.42747e-05
1.85493 	0.0286414 	-0.00114515 	6.42872e-05
1.85643 	0.0286482 	-0.00114374 	6.42997e-05
1.85793 	0.028655 	-0.00114234 	6.43121e-05
1.85943 	0.0286618 	-0.00114093 	6.43246e-05
1.86093 	0.0286686 	-0.00113952 	6.43371e-05
1.86243 	0.0286754 	-0.00113812 	6.43496e-05
1.86393 	0.0286822 	-0.00113671 	6.43621e-05
1.86543 	0.028689 	-0.0011353 	6.43746e-05
1.86693 	0.0286959 	-0.0011339 	6.4387e-05
1.86843 	0.0287027 	-0.00113249 	6.43995e-05
1.86993 	0.0287095 	-0.00113108 	6.4412e-05
1.87144 	0.0287153 	-0.00112994 	6.43996e-05
1.87294 	0.0287197 	-0.00112912 	6.43466e-05
1.87444 	0.028725 	-0.00112797 	6.4301e-05
1.87594 	0.0287311 	-0.00112677 	6.42431e-05
1.87744 	0.0287372 	-0.00112558 	6.41853e-05
1.87894 	0.0287432 	-0.00112439 	6.41274e-05
1.88044 	0.0287493 	-0.0011232 	6.40696e-05
1.88194 	0.0287553 	-0.001122 	6.40117e-05
1.88344 	0.0287614 	-0.00112081 	6.39539e-05
1.88494 	0.0287675 	-0.00111962 	6.3896e-05
1.88644 	0.0287735 	-0.00111843 	6.38381e-05
1.88794 	0.0287796 	-0.00111723 	6.37803e-05
1.88944 	0.0287856 	-0.00111604 	6.37224e-05
1.89095 	0.0287917 	-0.00111485 	6.36646e-05
1.89245 	0.0287978 	-0.00111366 	6.36067e-05
1.89395 	0.0288038 	-0.00111246 	6.35488e-05
1.89545 	0.0288099 	-0.00111127 	6.3491e-05
1.89695 	0.0288159 	-0.00111008 	6.34331e-05
1.89845 	0.028822 	-0.00110889 	6.33753e-05
1.89995 	0.0288281 	-0.00110769 	6.33174e-05
1.90145 	0.0288341 	-0.0011065 	6.32596e-05
1.90295 	0.0288402 	-0.00110531 	6.32017e-05
1.90445 	0.0288462 	-0.00110412 	6.31438e-05
1.90595 	0.0288523 	-0.00110292 	6.3086e-05
1.90745 	0.0288584 	-0.00110173 	6.30281e-05
1.90895 	0.0288644 	-0.00110054 	6.29703e-05
1.91046 	0.0288705 	-0.00109935 	6.29124e-05
1.91196 	0.0288765 	-0.00109815 	6.28546e-05
1.91346 	0.0288826 	-0.00109696 	6.27967e-05
1.91496 	0.0288887 	-0.00109577 	6.27388e-05
1.91646 	0.0288947 	-0.00109458 	6.2681e-05
1.91796 	0.0289008 	-0.00109338 	6.26231e-05
1.91946 	0.0289068 	-0.00109219 	6.25653e-05
1.92096 	0.0289129 	-0.001091 	6.25074e-05
1.92246 	0.0289189 	-0.00108981 	6.24496e-05
1.92396 	0.028925 	-0.00108861 	6.23917e-05
1.92546 	0.0289311 	-0.00108742 	6.23338e-05
1.92696 	0.0289371 	-0.00108623 	6.2276e-05
1.92846 	0.0289432 	-0.00108504 	6.22181e-05
1.92996 	0.0289492 	-0.00108384 	6.21603e-05
1.93147 	0.0289553 	-0.00108265 	6.21024e-05
1.93297 	0.0289619 	-0.00108153 	6.20301e-05
1.93447 	0.0289692 	-0.0010805 	6.19368e-05
1.93597 	0.0289766 	-0.00107947 	6.18435e-05
1.93747 	0.028984 	-0.00107823 	6.17516e-05
1.93897 	0.0289916 	-0.00107652 	6.16627e-05
1.94047 	0.0289993 	-0.0010748 	6.15738e-05
1.94197 	0.0290069 	-0.00107309 	6.14849e-05
1.94347 	0.0290137 	-0.00107177 	6.14458e-05
1.94497 	0.0290205 	-0.00107046 	6.14089e-05
1.94647 	0.0290273 	-0.00106916 	6.1372e-05
1.94797 	0.0290341 	-0.00106786 	6.13351e-05
1.94947 	0.0290408 	-0.00106656 	6.12983e-05
1.95098 	0.0290476 	-0.00106525 	6.12614e-05
1.95248 	0.0290544 	-0.00106395 	6.12245e-05
1.95398 	0.0290611 	-0.00106265 	6.11876e-05
1.95548 	0.0290679 	-0.00106135 	6.11508e-05
1.95698 	0.0290747 	-0.00106005 	6.11139e-05
1.95848 	0.0290815 	-0.00105874 	6.1077e-05
1.95998 	0.0290882 	-0.00105744 	6.10401e-05
1.96148 	0.029095 	-0.00105614 	6.10033e-05
1.96298 	0.0291018 	-0.00105484 	6.09664e-05
1.96448 	0.0291085 	-0.00105353 	6.09295e-05
1.96598 	0.0291153 	-0.00105223 	6.08926e-05
1.96748 	0.0291221 	-0.00105093 	6.08558e-05
1.96898 	0.0291289 	-0.00104963 	6.08189e-05
1.97049 	0.0291356 	-0.00104833 	6.0782e-05
1.97199 	0.0291424 	-0.00104702 	6.07451e-05
1.97349 	0.0291492 	-0.00104572 	6.07083e-05
1.97499 	0.029156 	-0.00104442 	6.06714e-05
1.97649 	0.0291627 	-0.00104312 	6.06345e-05
1.97799 	0.0291695 	-0.00104181 	6.05976e-05
1.97949 	0.0291763 	-0.00104051 	6.05608e-05
1.98099 	0.029183 	-0.00103921 	6.05239e-05
1.98249 	0.0291898 	-0.00103791 	6.0487e-05
1.98399 	0.0291966 	-0.00103661 	6.04501e-05
1.98549 	0.0292034 	-0.0010353 	6.04133e-05
1.98699 	0.0292101 	-0.001034 	6.03764e-05
1.98849 	0.0292169 	-0.0010327 	6.03395e-05
1.98999 	0.0292237 	-0.0010314 	6.03026e-05
1.9915 	0.0292304 	-0.00103009 	6.02658e-05
1.993 	0.0292371 	-0.00102892 	6.02483e-05
1.9945 	0.0292436 	-0.001028 	6.02718e-05
1.996 	0.0292501 	-0.00102708 	6.02953e-05
1.9975 	0.0292566 	-0.00102617 	6.03188e-05
1.999 	0.0292632 	-0.00102525 	6.03423e-05
2.0005 	0.0292701 	-0.00102408 	6.03645e-05
2.002 	0.0292783 	-0.00102227 	6.03833e-05
2.0035 	0.0292865 	-0.00102046 	6.04021e-05
2.005 	0.0292947 	-0.00101865 	6.04209e-05
2.0065 	0.0293029 	-0.00101684 	6.04398e-05
2.008 	0.0293111 	-0.00101503 	6.04586e-05
2.0095 	0.0293181 	-0.00101372 	6.04974e-05
2.01101 	0.029325 	-0.00101249 	6.05395e-05
2.01251 	0.0293318 	-0.00101126 	6.05817e-05
2.01401 	0.0293386 	-0.00101002 	6.06239e-05
2.01551 	0.0293455 	-0.00100879 	6.0666e-05
2.01701 	0.0293523 	-0.00100756 	6.07082e-05
2.01851 	0.0293591 	-0.00100633 	6.07504e-05
2.02001 	0.0293659 	-0.0010051 	6.07925e-05
2.02151 	0.0293728 	-0.00100387 	6.08347e-05
2.02301 	0.0293796 	-0.00100264 	6.08769e-05
2.02451 	0.0293864 	-0.00100141 	6.09191e-05
2.02601 	0.0293932 	-0.00100018 	6.09612e-05
2.02751 	0.0294001 	-0.000998947 	6.10034e-05
2.02901 	0.0294069 	-0.000997716 	6.10456e-05
2.03052 	0.0294137 	-0.000996485 	6.10877e-05
2.03202 	0.0294206 	-0.000995254 	6.11299e-05
2.03352 	0.0294274 	-0.000994023 	6.11721e-05
2.03502 	0.0294342 	-0.000992792 	6.12142e-05
2.03652 	0.029441 	-0.000991561 	6.12564e-05
2.03802 	0.0294479 	-0.000990331 	6.12986e-05
2.03952 	0.0294547 	-0.0009891 	6.13407e-05
2.04102 	0.0294615 	-0.000987869 	6.13829e-05
2.04252 	0.0294683 	-0.000986638 	6.14251e-05
2.04402 	0.0294752 	-0.000985407 	6.14672e-05
2.04552 	0.029482 	-0.000984176 	6.15094e-05
2.04702 	0.0294888 	-0.000982945 	6.15516e-05
2.04852 	0.0294957 	-0.000981714 	6.15937e-05
2.05003 	0.0295025 	-0.000980484 	6.16359e-05
2.05153 	0.029509 	-0.000979387 	6.16854e-05
2.05303 	0.0295143 	-0.000978848 	6.17657e-05
2.05453 	0.0295196 	-0.00097831 	6.18459e-05
2.05603 	0.0295249 	-0.000977772 	6.19262e-05
2.05753 	0.0295302 	-0.000977234 	6.20065e-05
2.05903 	0.0295355 	-0.000976696 	6.20867e-05
2.06053 	0.0295408 	-0.000976158 	6.2167e-05
2.06203 	0.0295461 	-0.000975607 	6.22485e-05
2.06353 	0.0295516 	-0.000975035 	6.23323e-05
2.06503 	0.0295571 	-0.000974463 	6.24161e-05
2.06653 	0.0295626 	-0.00097389 	6.24999e-05
2.06803 	0.0295681 	-0.000973318 	6.25837e-05
2.06953 	0.0295736 	-0.000972746 	6.26675e-05
2.07104 	0.0295791 	-0.000972173 	6.27513e-05
2.07254 	0.0295846 	-0.000971566 	6.28327e-05
2.07404 	0.0295908 	-0.000970382 	6.28757e-05
2.07554 	0.0295971 	-0.000969198 	6.29186e-05
2.07704 	0.0296033 	-0.000968014 	6.29615e-05
2.07854 	0.0296096 	-0.00096683 	6.30044e-05
2.08004 	0.0296158 	-0.000965646 	6.30473e-05
2.08154 	0.029622 	-0.000964462 	6.30902e-05
2.08304 	0.0296283 	-0.000963278 	6.31331e-05
2.08454 	0.0296345 	-0.000962094 	6.31761e-05
2.08604 	0.0296408 	-0.00096091 	6.3219e-05
2.08754 	0.029647 	-0.000959727 	6.32619e-05
2.08904 	0.0296532 	-0.000958543 	6.33048e-05
2.09055 	0.0296595 	-0.000957359 	6.33477e-05
2.09205 	0.0296657 	-0.000956175 	6.33906e-05
2.09355 	0.029672 	-0.000954991 	6.34336e-05
2.09505 	0.0296782 	-0.000953807 	6.34765e-05
2.09655 	0.0296844 	-0.000952623 	6.35194e-05
2.09805 	0.0296907 	-0.000951439 	6.35623e-05
2.09955 	0.0296969 	-0.000950255 	6.36052e-05
2.10105 	0.0297032 	-0.000949071 	6.36481e-05
2.10255 	0.0297094 	-0.000947887 	6.36911e-05
2.10405 	0.0297156 	-0.000946703 	6.3734e-05
2.10555 	0.0297219 	-0.000945519 	6.37769e-05
2.10705 	0.0297281 	-0.000944335 	6.38198e-05
2.10855 	0.0297344 	-0.000943099 	6.38579e-05
2.11006 	0.0297408 	-0.000941432 	6.38563e-05
2.11156 	0.0297472 	-0.000939765 	6.38547e-05
2.11306 	0.0297536 	-0.000938098 	6.38531e-05
2.11456 	0.02976 	-0.000936432 	6.38514e-05
2.11606 	0.0297664 	-0.000934765 	6.38498e-05
2.11756 	0.0297728 	-0.000933098 	6.38482e-05
2.11906 	0.0297792 	-0.000931431 	6.38465e-05
2.12056 	0.0297856 	-0.000929764 	6.38449e-05
2.12206 	0.0297919 	-0.000928453 	6.38344e-05
2.12356 	0.0297981 	-0.000927325 	6.38192e-05
2.12506 	0.0298043 	-0.000926198 	6.38041e-05
2.12656 	0.0298105 	-0.00092507 	6.37889e-05
2.12806 	0.0298167 	-0.000923942 	6.37738e-05
2.12956 	0.0298229 	-0.000922815 	6.37586e-05
2.13107 	0.0298291 	-0.000921687 	6.37435e-05
2.13257 	0.0298353 	-0.00092056 	6.37283e-05
2.13407 	0.0298415 	-0.000919432 	6.37132e-05
2.13557 	0.0298473 	-0.000918201 	6.36767e-05
2.13707 	0.0298529 	-0.000916919 	6.36301e-05
2.13857 	0.0298584 	-0.000915638 	6.35835e-05
2.14007 	0.029864 	-0.000914356 	6.35369e-05
2.14157 	0.0298695 	-0.000913075 	6.34902e-05
2.14307 	0.0298751 	-0.000911793 	6.34436e-05
2.14457 	0.0298806 	-0.000910511 	6.3397e-05
2.14607 	0.0298861 	-0.00090923 	6.33503e-05
2.14757 	0.0298917 	-0.000907948 	6.33037e-05
2.14907 	0.0298972 	-0.000906667 	6.32571e-05
2.15058 	0.0299028 	-0.000905385 	6.32105e-05
2.15208 	0.0299083 	-0.000904103 	6.31638e-05
2.15358 	0.0299139 	-0.000902822 	6.31172e-05
2.15508 	0.0299194 	-0.00090154 	6.30706e-05
2.15658 	0.029925 	-0.000900259 	6.30239e-05
2.15808 	0.0299305 	-0.000898977 	6.29773e-05
2.15958 	0.0299361 	-0.000897695 	6.29307e-05
2.16108 	0.0299416 	-0.000896414 	6.28841e-05
2.16258 	0.0299472 	-0.000895132 	6.28374e-05
2.16408 	0.0299526 	-0.000893852 	6.27875e-05
2.16558 	0.0299568 	-0.000892578 	6.27175e-05
2.16708 	0.0299611 	-0.000891305 	6.26474e-05
2.16858 	0.0299654 	-0.000890032 	6.25774e-05
2.17009 	0.0299696 	-0.000888758 	6.25074e-05
2.17159 	0.0299739 	-0.000887485 	6.24374e-05
2.17309 	0.0299782 	-0.000886211 	6.23674e-05
2.17459 	0.0299824 	-0.000884938 	6.22973e-05
2.17609 	0.0299867 	-0.000883665 	6.22273e-05
2.17759 	0.029991 	-0.000882391 	6.21573e-05
2.17909 	0.0299948 	-0.000881338 	6.20897e-05
2.18059 	0.0299975 	-0.000880929 	6.2029e-05
2.18209 	0.0300002 	-0.00088052 	6.19684e-05
2.18359 	0.0300029 	-0.000880111 	6.19077e-05
2.18509 	0.0300055 	-0.000879702 	6.18471e-05
2.18659 	0.0300082 	-0.000879293 	6.17864e-05
2.18809 	0.0300109 	-0.000878884 	6.17258e-05
2.18959 	0.0300136 	-0.000878475 	6.16652e-05
2.1911 	0.0300163 	-0.000878066 	6.16045e-05
2.1926 	0.0300189 	-0.000877657 	6.15439e-05
2.1941 	0.0300216 	-0.000877248 	6.14832e-05
2.1956 	0.0300254 	-0.000876404 	6.14136e-05
2.1971 	0.0300294 	-0.000875455 	6.13417e-05
2.1986 	0.0300335 	-0.000874506 	6.12698e-05
2.2001 	0.0300375 	-0.000873557 	6.1198e-05
2.2016 	0.0300415 	-0.000872608 	6.11261e-05
2.2031 	0.0300456 	-0.000871659 	6.10543e-05
2.2046 	0.0300496 	-0.000870711 	6.09824e-05
2.2061 	0.0300537 	-0.000869762 	6.09106e-05
2.2076 	0.0300577 	-0.000868813 	6.08387e-05
2.2091 	0.0300618 	-0.000867864 	6.07669e-05
2.21061 	0.0300658 	-0.000866915 	6.0695e-05
2.21211 	0.0300698 	-0.000865966 	6.06232e-05
2.21361 	0.0300739 	-0.000865017 	6.05513e-05
2.21511 	0.0300779 	-0.000864068 	6.04795e-05
2.21661 	0.030082 	-0.000863119 	6.04076e-05
2.21811 	0.0300869 	-0.000861856 	6.03286e-05
2.21961 	0.0300935 	-0.000860038 	6.02371e-05
2.22111 	0.0301001 	-0.000858219 	6.01455e-05
2.22261 	0.0301066 	-0.000856401 	6.00539e-05
2.22411 	0.0301132 	-0.000854582 	5.99623e-05
2.22561 	0.0301198 	-0.000852764 	5.98707e-05
2.22711 	0.0301264 	-0.000850945 	5.97791e-05
2.22861 	0.0301329 	-0.000849127 	5.96875e-05
2.23012 	0.0301395 	-0.000847308 	5.9596e-05
2.23162 	0.0301461 	-0.00084549 	5.95044e-05
2.23312 	0.0301527 	-0.000843671 	5.94128e-05
2.23462 	0.0301588 	-0.000842016 	5.93263e-05
2.23612 	0.0301635 	-0.000840935 	5.92576e-05
2.23762 	0.0301681 	-0.000839853 	5.91889e-05
2.23912 	0.0301728 	-0.000838772 	5.91202e-05
2.24062 	0.0301775 	-0.000837691 	5.90515e-05
2.24212 	0.0301821 	-0.00083661 	5.89828e-05
2.24362 	0.0301868 	-0.000835528 	5.89141e-05
2.24512 	0.0301915 	-0.000834447 	5.88454e-05
2.24662 	0.0301961 	-0.000833366 	5.87767e-05
2.24812 	0.0302008 	-0.000832284 	5.8708e-05
2.24962 	0.0302054 	-0.000831203 	5.86393e-05
2.25113 	0.0302101 	-0.000830122 	5.85706e-05
2.25263 	0.0302145 	-0.000829013 	5.85725e-05
2.25413 	0.0302188 	-0.00082788 	5.86383e-05
2.25563 	0.030223 	-0.000826746 	5.87042e-05
2.25713 	0.0302273 	-0.000825613 	5.87701e-05
2.25863 	0.0302315 	-0.000824479 	5.8836e-05
2.26013 	0.0302357 	-0.000823346 	5.89019e-05
2.26163 	0.03024 	-0.000822212 	5.89678e-05
2.26313 	0.0302442 	-0.000821079 	5.90337e-05
2.26463 	0.0302485 	-0.000819945 	5.90996e-05
2.26613 	0.0302527 	-0.000818812 	5.91655e-05
2.26763 	0.0302569 	-0.000817678 	5.92314e-05
2.26913 	0.0302612 	-0.000816545 	5.92973e-05
2.27064 	0.0302659 	-0.000815128 	5.94717e-05
2.27214 	0.0302707 	-0.000813651 	5.96694e-05
2.27364 	0.0302756 	-0.000812173 	5.98671e-05
2.27514 	0.0302804 	-0.000810696 	6.00648e-05
2.27664 	0.0302852 	-0.000809218 	6.02625e-05
2.27814 	0.0302901 	-0.00080774 	6.04601e-05
2.27964 	0.0302949 	-0.000806263 	6.06578e-05
2.28114 	0.0302997 	-0.000804785 	6.08555e-05
2.28264 	0.0303045 	-0.000803308 	6.10532e-05
2.28414 	0.0303094 	-0.00080183 	6.12509e-05
2.28564 	0.0303142 	-0.000800353 	6.14486e-05
2.28714 	0.030319 	-0.000798875 	6.16463e-05
2.28864 	0.030324 	-0.000797408 	6.18483e-05
2.29015 	0.0303291 	-0.000795947 	6.20531e-05
2.29165 	0.0303342 	-0.000794486 	6.22578e-05
2.29315 	0.0303393 	-0.000793025 	6.24625e-05
2.29465 	0.0303444 	-0.000791565 	6.26672e-05
2.29615 	0.0303495 	-0.000790104 	6.28719e-05
2.29765 	0.0303545 	-0.000788643 	6.30767e-05
2.29915 	0.0303596 	-0.000787182 	6.32814e-05
2.30065 	0.0303647 	-0.000785722 	6.34861e-05
2.30215 	0.0303698 	-0.000784261 	6.36908e-05
2.30365 	0.0303749 	-0.0007828 	6.38956e-05
2.30515 	0.03038 	-0.000781339 	6.41003e-05
2.30665 	0.0303851 	-0.000779878 	6.4305e-05
2.30815 	0.0303897 	-0.00077837 	6.45765e-05
2.30965 	0.0303942 	-0.000776856 	6.48568e-05
2.31116 	0.0303988 	-0.000775341 	6.51371e-05
2.31266 	0.0304033 	-0.000773827 	6.54174e-05
2.31416 	0.0304079 	-0.000772312 	6.56977e-05
2.31566 	0.0304124 	-0.000770798 	6.5978e-05
2.31716 	0.030417 	-0.000769284 	6.62583e-05
2.31866 	0.0304215 	-0.000767769 	6.65386e-05
2.32016 	0.0304257 	-0.000766277 	6.68665e-05
2.32166 	0.0304295 	-0.000764803 	6.72302e-05
2.32316 	0.0304334 	-0.000763328 	6.7594e-05
2.32466 	0.0304372 	-0.000761854 	6.79578e-05
2.32616 	0.0304411 	-0.000760379 	6.83215e-05
2.32766 	0.0304449 	-0.000758905 	6.86853e-05
2.32916 	0.0304488 	-0.00075743 	6.90491e-05
2.33067 	0.0304526 	-0.000755956 	6.94128e-05
2.33217 	0.0304565 	-0.000754481 	6.97766e-05
2.33367 	0.0304603 	-0.000753007 	7.01404e-05
2.33517 	0.0304642 	-0.000751532 	7.05041e-05
2.33667 	0.030468 	-0.000750058 	7.08679e-05
2.33817 	0.0304719 	-0.000748583 	7.12317e-05
2.33967 	0.0304758 	-0.00074711 	7.16034e-05
2.34117 	0.0304799 	-0.000745638 	7.19834e-05
2.34267 	0.030484 	-0.000744166 	7.23634e-05
2.34417 	0.0304881 	-0.000742694 	7.27435e-05
2.34567 	0.0304922 	-0.000741222 	7.31235e-05
2.34717 	0.0304963 	-0.000739749 	7.35036e-05
2.34867 	0.0305004 	-0.000738277 	7.38836e-05
2.35018 	0.0305045 	-0.000736805 	7.42636e-05
2.35168 	0.0305086 	-0.000735333 	7.46437e-05
2.35318 	0.0305127 	-0.000733861 	7.50237e-05
2.35468 	0.0305168 	-0.000732389 	7.54037e-05
2.35618 	0.0305209 	-0.000730917 	7.57838e-05
2.35768 	0.030525 	-0.000729445 	7.61638e-05
2.35918 	0.0305291 	-0.000727973 	7.65438e-05
2.36068 	0.0305325 	-0.000726567 	7.68629e-05
2.36218 	0.0305358 	-0.000725166 	7.71766e-05
2.36368 	0.0305392 	-0.000723765 	7.74904e-05
2.36518 	0.0305425 	-0.000722364 	7.78041e-05
2.36668 	0.0305459 	-0.000720964 	7.81179e-05
2.36818 	0.0305485 	-0.00071974 	7.83704e-05
2.36968 	0.0305507 	-0.000718618 	7.85883e-05
2.37119 	0.030553 	-0.000717495 	7.88061e-05
2.37269 	0.0305552 	-0.000716373 	7.90239e-05
2.37419 	0.0305575 	-0.00071525 	7.92417e-05
2.37569 	0.0305597 	-0.000714128 	7.94596e-05
2.37719 	0.030562 	-0.000713005 	7.96774e-05
2.37869 	0.0305642 	-0.000711883 	7.98952e-05
2.38019 	0.0305665 	-0.00071076 	8.01131e-05
2.38169 	0.0305687 	-0.000709637 	8.03309e-05
2.38319 	0.030571 	-0.000708515 	8.05487e-05
2.38469 	0.0305732 	-0.000707392 	8.07665e-05
2.38619 	0.0305755 	-0.00070627 	8.09844e-05
2.38769 	0.0305777 	-0.000705147 	8.12022e-05
2.38919 	0.0305797 	-0.000704291 	8.13884e-05
2.3907 	0.0305816 	-0.000703478 	8.15692e-05
2.3922 	0.0305836 	-0.000702666 	8.17501e-05
2.3937 	0.0305855 	-0.000701854 	8.19309e-05
2.3952 	0.0305874 	-0.000701042 	8.21118e-05
2.3967 	0.0305894 	-0.00070023 	8.22926e-05
2.3982 	0.0305913 	-0.000699418 	8.24735e-05
2.3997 	0.0305932 	-0.000698605 	8.26543e-05
2.4012 	0.0305952 	-0.000697793 	8.28352e-05
2.4027 	0.0305971 	-0.000696981 	8.30161e-05
2.4042 	0.030599 	-0.000696169 	8.31969e-05
2.4057 	0.0306009 	-0.000695357 	8.33778e-05
2.4072 	0.0306029 	-0.000694545 	8.35586e-05
2.4087 	0.0306048 	-0.000693732 	8.37395e-05
2.41021 	0.0306069 	-0.00069264 	8.39428e-05
2.41171 	0.0306092 	-0.0006914 	8.41579e-05
2.41321 	0.0306114 	-0.000690139 	8.43748e-05
2.41471 	0.030614 	-0.000688476 	8.46242e-05
2.41621 	0.0306166 	-0.000686813 	8.48737e-05
2.41771 	0.0306192 	-0.00068515 	8.51232e-05
2.41921 	0.0306218 	-0.000683487 	8.53727e-05
2.42071 	0.0306244 	-0.000681825 	8.56221e-05
2.42221 	0.030627 	-0.000680162 	8.58716e-05
2.42371 	0.0306296 	-0.000678499 	8.61211e-05
2.42521 	0.0306323 	-0.000676836 	8.63705e-05
2.42671 	0.0306349 	-0.000675173 	8.662e-05
2.42821 	0.0306375 	-0.00067351 	8.68695e-05
2.42971 	0.0306401 	-0.000671848 	8.7119e-05
2.43122 	0.0306427 	-0.000670185 	8.73684e-05
2.43272 	0.0306453 	-0.000668522 	8.76179e-05
2.43422 	0.0306479 	-0.000666859 	8.78674e-05
2.43572 	0.0306502 	-0.000665428 	8.80898e-05
2.43722 	0.0306524 	-0.000664076 	8.83028e-05
2.43872 	0.0306547 	-0.000662725 	8.85158e-05
2.44022 	0.0306569 	-0.000661373 	8.87288e-05
2.44172 	0.0306591 	-0.000660022 	8.89418e-05
2.44322 	0.0306614 	-0.00065867 	8.91549e-05
2.44472 	0.0306636 	-0.000657319 	8.93679e-05
2.44622 	0.0306658 	-0.000655967 	8.95809e-05
2.44772 	0.0306681 	-0.000654616 	8.97939e-05
2.44922 	0.0306703 	-0.000653264 	9.00069e-05
2.45073 	0.0306725 	-0.000651913 	9.022e-05
2.45223 	0.0306748 	-0.000650561 	9.0433e-05
2.45373 	0.030677 	-0.000649209 	9.0646e-05
2.45523 	0.0306792 	-0.000647858 	9.0859e-05
2.45673 	0.0306814 	-0.000646502 	9.10642e-05
2.45823 	0.0306826 	-0.000644992 	9.1123e-05
2.45973 	0.0306838 	-0.000643458 	9.11673e-05
2.46123 	0.0306849 	-0.000641923 	9.12116e-05
2.46273 	0.0306861 	-0.000640388 	9.12558e-05
2.46423 	0.0306872 	-0.000638854 	9.13001e-05
2.46573 	0.0306884 	-0.000637319 	9.13444e-05
2.46723 	0.0306896 	-0.000635784 	9.13887e-05
2.46873 	0.0306907 	-0.00063425 	9.1433e-05
2.47024 	0.0306919 	-0.000632715 	9.14772e-05
2.47174 	0.030693 	-0.00063118 	9.15215e-05
2.47324 	0.0306942 	-0.000629646 	9.15658e-05
2.47474 	0.0306953 	-0.000628111 	9.16101e-05
2.47624 	0.0306965 	-0.000626576 	9.16544e-05
2.47774 	0.0306976 	-0.000625042 	9.16986e-05
2.47924 	0.0306988 	-0.000623506 	9.17457e-05
2.48074 	0.0307001 	-0.000621964 	9.18082e-05
2.48224 	0.0307014 	-0.000620423 	9.18708e-05
2.48374 	0.0307027 	-0.000618881 	9.19333e-05
2.48524 	0.0307039 	-0.00061734 	9.19959e-05
2.48674 	0.0307052 	-0.000615798 	9.20584e-05
2.48824 	0.0307065 	-0.000614256 	9.2121e-05
2.48974 	0.0307078 	-0.000612715 	9.21835e-05
2.49125 	0.030709 	-0.000611173 	9.22461e-05
2.49275 	0.0307103 	-0.000609632 	9.23086e-05
2.49425 	0.0307116 	-0.00060809 	9.23712e-05
2.49575 	0.0307129 	-0.000606548 	9.24337e-05
2.49725 	0.0307142 	-0.000605007 	9.24963e-05
2.49875 	0.0307154 	-0.000603465 	9.25588e-05
2.50025 	0.030716 	-0.000602092 	9.25295e-05
2.50175 	0.0307163 	-0.000600723 	9.24752e-05
2.50325 	0.030716 	-0.000599334 	9.23451e-05
2.50475 	0.0307158 	-0.000597946 	9.2215e-05
2.50625 	0.0307155 	-0.000596558 	9.20849e-05
2.50775 	0.0307153 	-0.00059517 	9.19548e-05
2.50925 	0.030715 	-0.000593781 	9.18247e-05
2.51076 	0.0307148 	-0.000592393 	9.16946e-05
2.51226 	0.0307145 	-0.000591005 	9.15645e-05
2.51376 	0.0307143 	-0.000589616 	9.14344e-05
2.51526 	0.030714 	-0.000588228 	9.13043e-05
2.51676 	0.0307138 	-0.00058684 	9.11742e-05
2.51826 	0.0307135 	-0.000585452 	9.10441e-05
2.51976 	0.0307133 	-0.000584063 	9.0914e-05
2.52126 	0.030713 	-0.000582661 	9.0783e-05
2.52276 	0.0307127 	-0.000581064 	9.06389e-05
2.52426 	0.0307124 	-0.000579468 	9.04948e-05
2.52576 	0.0307122 	-0.000577872 	9.03507e-05
2.52726 	0.0307119 	-0.000576275 	9.02066e-05
2.52876 	0.0307116 	-0.000574679 	9.00626e-05
2.53027 	0.0307113 	-0.000573083 	8.99185e-05
2.53177 	0.030711 	-0.000571487 	8.97744e-05
2.53327 	0.0307107 	-0.00056989 	8.96303e-05
2.53477 	0.0307104 	-0.000568294 	8.94862e-05
2.53627 	0.0307101 	-0.000566698 	8.93422e-05
2.53777 	0.0307098 	-0.000565101 	8.91981e-05
2.53927 	0.0307094 	-0.000563671 	8.90739e-05
2.54077 	0.0307087 	-0.000562451 	8.89747e-05
2.54227 	0.030708 	-0.00056123 	8.88756e-05
2.54377 	0.0307074 	-0.00056001 	8.87765e-05
2.54527 	0.0307065 	-0.00055909 	8.87075e-05
2.54677 	0.0307056 	-0.000558171 	8.86385e-05
2.54827 	0.0307046 	-0.000557251 	8.85694e-05
2.54977 	0.0307037 	-0.000556331 	8.85004e-05
2.55128 	0.0307028 	-0.000555411 	8.84314e-05
2.55278 	0.0307019 	-0.000554491 	8.83624e-05
2.55428 	0.030701 	-0.000553571 	8.82934e-05
2.55578 	0.0307 	-0.000552651 	8.82243e-05
2.55728 	0.0306991 	-0.000551731 	8.81553e-05
2.55878 	0.0306982 	-0.000550811 	8.80863e-05
2.56028 	0.0306973 	-0.000549892 	8.80173e-05
2.56178 	0.0306963 	-0.000548871 	8.79379e-05
2.56328 	0.0306954 	-0.000547743 	8.78476e-05
2.56478 	0.0306944 	-0.000546616 	8.77572e-05
2.56628 	0.0306934 	-0.000545488 	8.76669e-05
2.56778 	0.0306924 	-0.00054436 	8.75765e-05
2.56928 	0.0306914 	-0.000543233 	8.74862e-05
2.57079 	0.0306904 	-0.000542105 	8.73958e-05
2.57229 	0.0306894 	-0.000540978 	8.73055e-05
2.57379 	0.0306884 	-0.00053985 	8.72152e-05
2.57529 	0.0306874 	-0.000538722 	8.71248e-05
2.57679 	0.0306862 	-0.000537533 	8.70262e-05
2.57829 	0.0306842 	-0.000536185 	8.69062e-05
2.57979 	0.0306823 	-0.000534838 	8.67863e-05
2.58129 	0.0306803 	-0.00053349 	8.66664e-05
2.58279 	0.0306784 	-0.000532142 	8.65464e-05
2.58429 	0.0306761 	-0.000530734 	8.64136e-05
2.58579 	0.0306734 	-0.000529245 	8.62632e-05
2.58729 	0.0306707 	-0.000527756 	8.61129e-05
2.58879 	0.030668 	-0.000526267 	8.59625e-05
2.5903 	0.0306652 	-0.000524778 	8.58121e-05
2.5918 	0.0306625 	-0.000523289 	8.56618e-05
2.5933 	0.0306598 	-0.0005218 	8.55114e-05
2.5948 	0.0306571 	-0.000520311 	8.53611e-05
2.5963 	0.0306544 	-0.000518822 	8.52107e-05
2.5978 	0.0306517 	-0.000517333 	8.50603e-05
2.5993 	0.030649 	-0.00051583 	8.49085e-05
2.6008 	0.0306464 	-0.000514305 	8.47541e-05
2.6023 	0.0306437 	-0.00051278 	8.45997e-05
2.6038 	0.0306411 	-0.000511255 	8.44453e-05
2.6053 	0.0306385 	-0.00050973 	8.42909e-05
2.6068 	0.0306359 	-0.000508205 	8.41365e-05
2.6083 	0.0306332 	-0.00050668 	8.39822e-05
2.6098 	0.0306306 	-0.000505155 	8.38278e-05
2.61131 	0.030628 	-0.00050363 	8.36734e-05
2.61281 	0.0306249 	-0.000502132 	8.35099e-05
2.61431 	0.0306212 	-0.000500669 	8.33351e-05
2.61581 	0.0306176 	-0.000499205 	8.31603e-05
2.61731 	0.030614 	-0.000497741 	8.29855e-05
2.61881 	0.0306103 	-0.000496277 	8.28107e-05
2.62031 	0.0306067 	-0.000494813 	8.26359e-05
2.62181 	0.0306026 	-0.000493342 	8.24527e-05
2.62331 	0.0305981 	-0.000491862 	8.22588e-05
2.62481 	0.0305936 	-0.000490381 	8.20648e-05
2.62631 	0.0305891 	-0.0004889 	8.18708e-05
2.62781 	0.0305846 	-0.00048742 	8.16769e-05
2.62931 	0.0305801 	-0.000485939 	8.14829e-05
2.63082 	0.0305756 	-0.000484459 	8.12889e-05
2.63232 	0.0305711 	-0.000482978 	8.1095e-05
2.63382 	0.0305665 	-0.000481498 	8.0901e-05
2.63532 	0.0305622 	-0.000480027 	8.07044e-05
2.63682 	0.0305579 	-0.000478561 	8.05066e-05
2.63832 	0.0305536 	-0.000477095 	8.03088e-05
2.63982 	0.0305493 	-0.000475629 	8.0111e-05
2.64132 	0.030545 	-0.000474162 	7.99132e-05
2.64282 	0.0305407 	-0.000472696 	7.97155e-05
2.64432 	0.0305364 	-0.00047123 	7.95177e-05
2.64582 	0.030532 	-0.000469764 	7.93199e-05
2.64732 	0.0305278 	-0.00046854 	7.91457e-05
2.64882 	0.0305236 	-0.000467338 	7.89736e-05
2.65033 	0.0305194 	-0.000466135 	7.88015e-05
2.65183 	0.0305152 	-0.000464933 	7.86294e-05
2.65333 	0.030511 	-0.000463731 	7.84573e-05
2.65483 	0.0305068 	-0.000462528 	7.82852e-05
2.65633 	0.0305026 	-0.000461326 	7.81131e-05
2.65783 	0.0304985 	-0.000460294 	7.79721e-05
2.65933 	0.0304945 	-0.000459264 	7.78313e-05
2.66083 	0.0304904 	-0.000458233 	7.76905e-05
2.66233 	0.0304863 	-0.000457203 	7.75497e-05
2.66383 	0.0304822 	-0.000456173 	7.74089e-05
2.66533 	0.0304781 	-0.000455142 	7.72681e-05
2.66683 	0.030474 	-0.000454112 	7.71274e-05
2.66833 	0.03047 	-0.000453094 	7.69821e-05
2.66983 	0.0304661 	-0.000452094 	7.68306e-05
2.67134 	0.0304622 	-0.000451094 	7.66791e-05
2.67284 	0.0304582 	-0.000450094 	7.65275e-05
2.67434 	0.0304543 	-0.000449093 	7.6376e-05
2.67584 	0.0304504 	-0.000448093 	7.62244e-05
2.67734 	0.0304465 	-0.000447093 	7.60729e-05
2.67884 	0.0304413 	-0.00044595 	7.58879e-05
2.68034 	0.0304354 	-0.000444735 	7.5686e-05
2.68184 	0.0304296 	-0.00044352 	7.5484e-05
2.68334 	0.0304237 	-0.000442305 	7.5282e-05
2.68484 	0.0304179 	-0.00044109 	7.508e-05
2.68634 	0.030412 	-0.000439875 	7.4878e-05
2.68784 	0.0304061 	-0.000438659 	7.4676e-05
2.68934 	0.0304002 	-0.000437435 	7.44724e-05
2.69085 	0.0303926 	-0.000435944 	7.42212e-05
2.69235 	0.030385 	-0.000434453 	7.397e-05
2.69385 	0.0303774 	-0.000432962 	7.37188e-05
2.69535 	0.0303698 	-0.00043147 	7.34676e-05
2.69685 	0.0303621 	-0.000429979 	7.32164e-05
2.69835 	0.0303545 	-0.000428488 	7.29652e-05
2.69985 	0.0303468 	-0.000426979 	7.27034e-05
2.70135 	0.0303391 	-0.00042545 	7.24303e-05
2.70285 	0.0303313 	-0.000423921 	7.21572e-05
2.70435 	0.0303236 	-0.000422392 	7.18841e-05
2.70585 	0.0303159 	-0.000420863 	7.16111e-05
2.70735 	0.0303081 	-0.000419335 	7.1338e-05
2.70885 	0.0303003 	-0.000417928 	7.10844e-05
2.71036 	0.0302925 	-0.000416589 	7.08416e-05
2.71186 	0.0302847 	-0.00041525 	7.05988e-05
2.71336 	0.0302769 	-0.000413911 	7.0356e-05
2.71486 	0.0302691 	-0.000412572 	7.01132e-05
2.71636 	0.0302613 	-0.000411233 	6.98704e-05
2.71786 	0.0302535 	-0.000409894 	6.96276e-05
2.71936 	0.0302457 	-0.000408555 	6.93848e-05
2.72086 	0.0302374 	-0.000407204 	6.91423e-05
2.72236 	0.0302287 	-0.000405839 	6.89001e-05
2.72386 	0.0302199 	-0.000404474 	6.86579e-05
2.72536 	0.0302111 	-0.000403109 	6.84157e-05
2.72686 	0.0302023 	-0.000401744 	6.81736e-05
2.72836 	0.0301935 	-0.000400379 	6.79314e-05
2.72986 	0.0301828 	-0.000398734 	6.7629e-05
2.73137 	0.0301716 	-0.000397043 	6.73165e-05
2.73287 	0.0301605 	-0.000395352 	6.7004e-05
2.73437 	0.0301494 	-0.000393661 	6.66916e-05
2.73587 	0.0301383 	-0.00039197 	6.63791e-05
2.73737 	0.030129 	-0.000390662 	6.61441e-05
2.73887 	0.0301201 	-0.000389438 	6.5926e-05
2.74037 	0.0301113 	-0.000388215 	6.57079e-05
2.74187 	0.0301024 	-0.000386991 	6.54898e-05
2.74337 	0.0300935 	-0.000385767 	6.52717e-05
2.74487 	0.0300847 	-0.000384543 	6.50536e-05
2.74637 	0.0300758 	-0.00038332 	6.48355e-05
2.74787 	0.030067 	-0.000382096 	6.46174e-05
2.74937 	0.0300588 	-0.000380991 	6.44294e-05
2.75088 	0.030052 	-0.000380135 	6.43044e-05
2.75238 	0.0300452 	-0.000379278 	6.41794e-05
2.75388 	0.0300385 	-0.000378422 	6.40543e-05
2.75538 	0.0300317 	-0.000377566 	6.39293e-05
2.75688 	0.0300238 	-0.000376555 	6.37749e-05
2.75838 	0.0300147 	-0.000375379 	6.35888e-05
2.75988 	0.0300055 	-0.000374202 	6.34028e-05
2.76138 	0.0299964 	-0.000373026 	6.32167e-05
2.76288 	0.0299867 	-0.000371809 	6.30209e-05
2.76438 	0.0299738 	-0.000370364 	6.27704e-05
2.76588 	0.0299609 	-0.00036892 	6.252e-05
2.76738 	0.029948 	-0.000367475 	6.22695e-05
2.76888 	0.0299351 	-0.000366031 	6.20191e-05
2.77039 	0.0299222 	-0.000364586 	6.17686e-05
2.77189 	0.0299093 	-0.000363141 	6.15181e-05
2.77339 	0.0298964 	-0.000361697 	6.12677e-05
2.77489 	0.0298835 	-0.000360252 	6.10172e-05
2.77639 	0.0298695 	-0.00035873 	6.07576e-05
2.77789 	0.0298542 	-0.000357112 	6.04867e-05
2.77939 	0.0298389 	-0.000355494 	6.02158e-05
2.78089 	0.0298237 	-0.000353876 	5.99449e-05
2.78239 	0.0298083 	-0.000352248 	5.96722e-05
2.78389 	0.0297927 	-0.000350598 	5.93957e-05
2.78539 	0.0297771 	-0.000348948 	5.91191e-05
2.78689 	0.0297615 	-0.000347298 	5.88426e-05
2.78839 	0.0297472 	-0.000345859 	5.85899e-05
2.78989 	0.0297338 	-0.000344563 	5.83535e-05
2.7914 	0.0297204 	-0.000343268 	5.81171e-05
2.7929 	0.029707 	-0.000341973 	5.78808e-05
2.7944 	0.0296936 	-0.000340677 	5.76444e-05
2.7959 	0.0296803 	-0.000339382 	5.7408e-05
2.7974 	0.0296669 	-0.000338087 	5.71716e-05
2.7989 	0.0296535 	-0.000336791 	5.69352e-05
2.8004 	0.0296401 	-0.000335496 	5.66988e-05
2.8019 	0.0296281 	-0.000334392 	5.64941e-05
2.8034 	0.0296165 	-0.000333336 	5.62972e-05
2.8049 	0.0296048 	-0.000332279 	5.61004e-05
2.8064 	0.0295933 	-0.000331233 	5.59029e-05
2.8079 	0.0295821 	-0.000330217 	5.57035e-05
2.8094 	0.0295708 	-0.0003292 	5.55041e-05
2.81091 	0.029559 	-0.000328148 	5.53e-05
2.81241 	0.0295413 	-0.000326769 	5.50521e-05
2.81391 	0.0295237 	-0.000325391 	5.48042e-05
2.81541 	0.0295061 	-0.000324012 	5.45563e-05
2.81691 	0.0294885 	-0.000322633 	5.43084e-05
2.81841 	0.0294709 	-0.000321255 	5.40605e-05
2.81991 	0.0294532 	-0.000319876 	5.38126e-05
2.82141 	0.0294356 	-0.000318497 	5.35647e-05
2.82291 	0.029418 	-0.000317119 	5.33168e-05
2.82441 	0.0293984 	-0.000315599 	5.30511e-05
2.82591 	0.0293745 	-0.000313779 	5.27474e-05
2.82741 	0.0293506 	-0.000311959 	5.24438e-05
2.82891 	0.0293265 	-0.000310127 	5.21344e-05
2.83042 	0.0293021 	-0.000308269 	5.18127e-05
2.83192 	0.0292776 	-0.000306412 	5.1491e-05
2.83342 	0.0292555 	-0.000304814 	5.12258e-05
2.83492 	0.0292348 	-0.000303377 	5.09958e-05
2.83642 	0.0292142 	-0.00030194 	5.07657e-05
2.83792 	0.0291935 	-0.000300504 	5.05357e-05
2.83942 	0.0291728 	-0.000299067 	5.03056e-05
2.84092 	0.0291522 	-0.000297631 	5.00756e-05
2.84242 	0.0291315 	-0.000296194 	4.98455e-05
2.84392 	0.0291109 	-0.000294757 	4.96155e-05
2.84542 	0.0290902 	-0.000293321 	4.93854e-05
2.84692 	0.0290725 	-0.000292165 	4.92303e-05
2.84842 	0.029055 	-0.000291029 	4.90802e-05
2.84992 	0.0290378 	-0.000289908 	4.89286e-05
2.85143 	0.0290209 	-0.000288811 	4.87743e-05
2.85293 	0.029003 	-0.000287665 	4.86144e-05
2.85443 	0.028975 	-0.000286079 	4.84031e-05
2.85593 	0.0289471 	-0.000284493 	4.81917e-05
2.85743 	0.0289192 	-0.000282907 	4.79803e-05
2.85893 	0.0288912 	-0.000281321 	4.7769e-05
2.86043 	0.0288633 	-0.000279735 	4.75576e-05
2.86193 	0.0288354 	-0.00027815 	4.73462e-05
2.86343 	0.0288074 	-0.000276564 	4.71349e-05
2.86493 	0.0287795 	-0.000274978 	4.69235e-05
2.86643 	0.028745 	-0.000273054 	4.66792e-05
2.86793 	0.028706 	-0.000270895 	4.64119e-05
2.86943 	0.0286667 	-0.000268722 	4.61374e-05
2.87094 	0.0286268 	-0.00026653 	4.58535e-05
2.87244 	0.0285902 	-0.000264581 	4.56045e-05
2.87394 	0.0285567 	-0.000262876 	4.53905e-05
2.87544 	0.0285233 	-0.000261171 	4.51764e-05
2.87694 	0.0284899 	-0.000259466 	4.49624e-05
2.87844 	0.0284564 	-0.000257761 	4.47484e-05
2.87994 	0.028423 	-0.000256057 	4.45344e-05
2.88144 	0.0283895 	-0.000254352 	4.43204e-05
2.88294 	0.0283561 	-0.000252647 	4.41064e-05
2.88444 	0.0283238 	-0.000251023 	4.39089e-05
2.88594 	0.028296 	-0.000249699 	4.37722e-05
2.88744 	0.0282683 	-0.000248386 	4.36291e-05
2.88894 	0.0282409 	-0.00024709 	4.34761e-05
2.89045 	0.0281988 	-0.000245297 	4.32908e-05
2.89195 	0.0281523 	-0.000243352 	4.30956e-05
2.89345 	0.0281057 	-0.000241408 	4.29004e-05
2.89495 	0.0280592 	-0.000239464 	4.27052e-05
2.89645 	0.0280127 	-0.000237519 	4.251e-05
2.89795 	0.0279661 	-0.000235575 	4.23148e-05
2.89945 	0.0279196 	-0.000233631 	4.21196e-05
2.90095 	0.0278731 	-0.000231686 	4.19244e-05
2.90245 	0.0278122 	-0.000229194 	4.17102e-05
2.90395 	0.027746 	-0.000226501 	4.14839e-05
2.90545 	0.0276779 	-0.00022375 	4.12385e-05
2.90695 	0.0276193 	-0.00022153 	4.10367e-05
2.90845 	0.0275625 	-0.000219401 	4.08424e-05
2.90995 	0.0275056 	-0.000217273 	4.06482e-05
2.91146 	0.0274488 	-0.000215144 	4.04539e-05
2.91296 	0.0273919 	-0.000213016 	4.02596e-05
2.91446 	0.0273351 	-0.000210887 	4.00653e-05
2.91596 	0.0272782 	-0.000208758 	3.9871e-05
2.91746 	0.0272228 	-0.0002067 	3.96863e-05
2.91896 	0.0271763 	-0.000205083 	3.95618e-05
2.92046 	0.027129 	-0.000203449 	3.9423e-05
2.92196 	0.0270561 	-0.000201216 	3.92385e-05
2.92346 	0.0269731 	-0.000198743 	3.90366e-05
2.92496 	0.02689 	-0.000196271 	3.88346e-05
2.92646 	0.026807 	-0.000193798 	3.86327e-05
2.92796 	0.0267239 	-0.000191326 	3.84307e-05
2.92946 	0.0266409 	-0.000188853 	3.82288e-05
2.93097 	0.0265579 	-0.000186381 	3.80268e-05
2.93247 	0.0264637 	-0.000183615 	3.78099e-05
2.93397 	0.0263438 	-0.000180175 	3.75573e-05
2.93547 	0.0262239 	-0.000176862 	3.73209e-05
2.93697 	0.0261172 	-0.000174172 	3.71478e-05
2.93847 	0.0260106 	-0.000171482 	3.69748e-05
2.93997 	0.025904 	-0.000168793 	3.68017e-05
2.94147 	0.0257973 	-0.000166103 	3.66287e-05
2.94297 	0.0256907 	-0.000163413 	3.64557e-05
2.94447 	0.0255841 	-0.000160723 	3.62826e-05
2.94597 	0.0254826 	-0.000158218 	3.61293e-05
2.94747 	0.0253964 	-0.000156207 	3.60301e-05
2.94897 	0.0253021 	-0.000154115 	3.59432e-05
2.95048 	0.0252023 	-0.000152054 	3.58737e-05
2.95198 	0.0251025 	-0.000149993 	3.58043e-05
2.95348 	0.0250026 	-0.000147932 	3.57348e-05
2.95498 	0.0249028 	-0.00014587 	3.56654e-05
2.95648 	0.0248029 	-0.000143809 	3.55959e-05
2.95798 	0.0247031 	-0.000141748 	3.55265e-05
2.95948 	0.0245922 	-0.000139578 	3.54647e-05
2.96098 	0.0244391 	-0.000136717 	3.53729e-05
2.96248 	0.024234 	-0.000133257 	3.52699e-05
2.96398 	0.0240288 	-0.000129797 	3.51669e-05
2.96548 	0.0238237 	-0.000126337 	3.50639e-05
2.96698 	0.0236185 	-0.000122878 	3.49609e-05
2.96848 	0.0234133 	-0.000119418 	3.48578e-05
2.96998 	0.0231961 	-0.000115814 	3.47504e-05
2.97149 	0.0228904 	-0.000111032 	3.46029e-05
2.97299 	0.0226247 	-0.000107306 	3.44357e-05
2.97449 	0.0223597 	-0.0001036 	3.42683e-05
2.97599 	0.0220946 	-9.98943e-05 	3.41008e-05
2.97749 	0.0218296 	-9.61886e-05 	3.39334e-05
2.97899 	0.0215646 	-9.24829e-05 	3.3766e-05
2.98049 	0.0212996 	-8.87772e-05 	3.35985e-05
2.98199 	0.0210764 	-8.61769e-05 	3.34013e-05
2.98349 	0.0208263 	-8.35634e-05 	3.31426e-05
2.98499 	0.0205763 	-8.09499e-05 	3.28839e-05
2.98649 	0.0203263 	-7.83364e-05 	3.26253e-05
2.98799 	0.0200762 	-7.57228e-05 	3.23666e-05
2.98949 	0.0198262 	-7.31093e-05 	3.2108e-05
2.991 	0.0195637 	-7.04933e-05 	3.18294e-05
2.9925 	0.0173738 	-6.19923e-05 	2.83077e-05
2.994 	0.0140881 	-5.01661e-05 	2.29631e-05
2.9955 	0.0108024 	-3.83399e-05 	1.76184e-05
2.997 	0.00751664 	-2.65137e-05 	1.22738e-05
2.9985 	0.00423093 	-1.46875e-05 	6.92914e-06
3 	0 	0 	0
