0 	0 	0 	0
0.00150075 	-0.000345791 	-1.32097e-06 	-7.78723e-06
0.0030015 	-0.000660509 	-2.92351e-06 	-1.54309e-05
0.00450225 	-0.000940101 	-4.84435e-06 	-2.29122e-05
0.006003 	-0.00121969 	-6.76519e-06 	-3.03936e-05
0.00750375 	-0.00145221 	-9.01362e-06 	-3.75531e-05
0.0090045 	-0.00164202 	-1.15595e-05 	-4.44142e-05
0.0105053 	-0.00181888 	-1.42936e-05 	-4.90865e-05
0.012006 	-0.00197873 	-1.70309e-05 	-5.38283e-05
0.0135068 	-0.00210902 	-1.97736e-05 	-5.86912e-05
0.0150075 	-0.0022393 	-2.25164e-05 	-6.35541e-05
0.0165083 	-0.00236172 	-2.52654e-05 	-6.84077e-05
0.018009 	-0.00243327 	-2.80551e-05 	-7.32009e-05
0.0195098 	-0.00250286 	-3.11049e-05 	-7.66271e-05
0.0210105 	-0.00257055 	-3.44076e-05 	-7.87234e-05
0.0225113 	-0.00263193 	-3.85611e-05 	-8.1977e-05
0.024012 	-0.0026913 	-4.29876e-05 	-8.56018e-05
0.0255128 	-0.00275066 	-4.74141e-05 	-8.92266e-05
0.0270135 	-0.00280671 	-5.2093e-05 	-9.31036e-05
0.0285143 	-0.00285031 	-5.7718e-05 	-9.79255e-05
0.030015 	-0.00289294 	-6.36084e-05 	-0.000101569
0.0315158 	-0.0029345 	-6.97936e-05 	-0.000103904
0.0330165 	-0.00296652 	-7.5349e-05 	-0.000106374
0.0345173 	-0.00299238 	-8.04982e-05 	-0.000108932
0.036018 	-0.00301825 	-8.56475e-05 	-0.000111489
0.0375188 	-0.00304411 	-9.07968e-05 	-0.000114047
0.0390195 	-0.00305539 	-9.52929e-05 	-0.000116528
0.0405203 	-0.00306082 	-9.95273e-05 	-0.000118979
0.042021 	-0.00306694 	-0.000104453 	-0.000120037
0.0435218 	-0.00307317 	-0.000109488 	-0.000120875
0.0450225 	-0.00307531 	-0.000114263 	-0.000122125
0.0465233 	-0.00307689 	-0.000119001 	-0.000123432
0.048024 	-0.00307847 	-0.000123739 	-0.00012474
0.0495248 	-0.00308004 	-0.000128477 	-0.000126047
0.0510255 	-0.00307756 	-0.000133108 	-0.000127511
0.0525263 	-0.00307237 	-0.000137666 	-0.000129079
0.054027 	-0.00306817 	-0.000142756 	-0.000130088
0.0555278 	-0.00306455 	-0.000148153 	-0.000130774
0.0570285 	-0.0030592 	-0.00015335 	-0.000131545
0.0585293 	-0.00305231 	-0.000158368 	-0.000132392
0.06003 	-0.00304541 	-0.000163385 	-0.00013324
0.0615308 	-0.00303851 	-0.000168403 	-0.000134088
0.0630315 	-0.00303162 	-0.000173421 	-0.000134936
0.0645323 	-0.00302096 	-0.000178222 	-0.000135865
0.066033 	-0.00300951 	-0.000182977 	-0.000136811
0.0675338 	-0.00299954 	-0.000188436 	-0.000137422
0.0690345 	-0.00299009 	-0.000194142 	-0.000137916
0.0705353 	-0.0029773 	-0.000200325 	-0.000138447
0.072036 	-0.00296128 	-0.00020697 	-0.000139014
0.0735368 	-0.00294527 	-0.000213616 	-0.000139582
0.0750375 	-0.00292925 	-0.000220261 	-0.000140149
0.0765383 	-0.00291323 	-0.000226906 	-0.000140717
0.078039 	-0.00289475 	-0.000233904 	-0.000141356
0.0795398 	-0.00287152 	-0.000241579 	-0.000142133
0.0810405 	-0.00284866 	-0.000249377 	-0.000142863
0.0825413 	-0.00282817 	-0.000257955 	-0.000143285
0.084042 	-0.00280768 	-0.000266534 	-0.000143708
0.0855428 	-0.00278819 	-0.000273734 	-0.000143975
0.0870435 	-0.00276898 	-0.000280542 	-0.000144198
0.0885443 	-0.00274978 	-0.00028735 	-0.000144421
0.090045 	-0.00273057 	-0.000294158 	-0.000144644
0.0915458 	-0.00271137 	-0.000300966 	-0.000144866
0.0930465 	-0.00269226 	-0.000307608 	-0.000145089
0.0945473 	-0.00267406 	-0.000312737 	-0.000145303
0.096048 	-0.00265586 	-0.000317866 	-0.000145518
0.0975488 	-0.00263934 	-0.000323783 	-0.000145433
0.0990495 	-0.00262331 	-0.000329932 	-0.000145259
0.10055 	-0.00260685 	-0.000335956 	-0.000145088
0.102051 	-0.00258934 	-0.000341675 	-0.000144925
0.103552 	-0.00257184 	-0.000347394 	-0.000144763
0.105053 	-0.00255434 	-0.000353113 	-0.0001446
0.106553 	-0.00253683 	-0.000358831 	-0.000144437
0.108054 	-0.00251933 	-0.00036455 	-0.000144274
0.109555 	-0.00250176 	-0.000370252 	-0.000144115
0.111056 	-0.00248279 	-0.0003756 	-0.000144033
0.112556 	-0.00246383 	-0.000380948 	-0.000143951
0.114057 	-0.00244609 	-0.000386678 	-0.000143556
0.115558 	-0.00242918 	-0.000392664 	-0.000142952
0.117059 	-0.00241226 	-0.00039865 	-0.000142348
0.118559 	-0.00239396 	-0.000404454 	-0.000141975
0.12006 	-0.00237566 	-0.000410257 	-0.000141604
0.121561 	-0.00235735 	-0.00041606 	-0.000141232
0.123062 	-0.00233904 	-0.000421862 	-0.000140861
0.124562 	-0.00232074 	-0.000427665 	-0.000140489
0.126063 	-0.00230243 	-0.000433468 	-0.000140118
0.127564 	-0.00228397 	-0.000439253 	-0.000139778
0.129065 	-0.00226442 	-0.000444915 	-0.000139659
0.130565 	-0.00224487 	-0.000450576 	-0.000139541
0.132066 	-0.00222639 	-0.000456355 	-0.000138956
0.133567 	-0.00220874 	-0.000462226 	-0.000138009
0.135068 	-0.0021911 	-0.000468097 	-0.000137062
0.136568 	-0.00217234 	-0.00047396 	-0.000136632
0.138069 	-0.00215337 	-0.000479822 	-0.0001363
0.13957 	-0.0021344 	-0.000485683 	-0.000135967
0.141071 	-0.00211543 	-0.000491545 	-0.000135635
0.142571 	-0.00209647 	-0.000497407 	-0.000135302
0.144072 	-0.0020775 	-0.000503268 	-0.00013497
0.145573 	-0.00205853 	-0.00050913 	-0.000134638
0.147074 	-0.00203929 	-0.000514993 	-0.000134502
0.148574 	-0.00201934 	-0.00052086 	-0.000134867
0.150075 	-0.00199939 	-0.000526727 	-0.000135233
0.151576 	-0.00198044 	-0.000532496 	-0.000134875
0.153077 	-0.00196214 	-0.000538202 	-0.000134054
0.154577 	-0.00194384 	-0.000543909 	-0.000133233
0.156078 	-0.00192467 	-0.000549727 	-0.00013302
0.157579 	-0.00190525 	-0.000555576 	-0.000132982
0.15908 	-0.00188582 	-0.000561425 	-0.000132944
0.16058 	-0.0018664 	-0.000567274 	-0.000132906
0.162081 	-0.00184698 	-0.000573123 	-0.000132868
0.163582 	-0.00182755 	-0.000578973 	-0.000132829
0.165083 	-0.00180813 	-0.000584822 	-0.000132791
0.166583 	-0.00178871 	-0.000590671 	-0.000132753
0.168084 	-0.00176898 	-0.000596582 	-0.000133135
0.169585 	-0.0017489 	-0.000602566 	-0.000134011
0.171086 	-0.00172881 	-0.00060855 	-0.000134888
0.172586 	-0.00170964 	-0.000614151 	-0.00013496
0.174087 	-0.00169088 	-0.000619576 	-0.000134664
0.175588 	-0.00167212 	-0.000625002 	-0.000134368
0.177089 	-0.00165273 	-0.000630731 	-0.000134444
0.178589 	-0.00163312 	-0.000636561 	-0.000134643
0.18009 	-0.00161352 	-0.000642392 	-0.000134842
0.181591 	-0.00159391 	-0.000648222 	-0.000135042
0.183092 	-0.00157431 	-0.000654053 	-0.000135241
0.184592 	-0.00155471 	-0.000659883 	-0.00013544
0.186093 	-0.0015351 	-0.000665714 	-0.000135639
0.187594 	-0.0015155 	-0.000671544 	-0.000135838
0.189095 	-0.00149589 	-0.000677374 	-0.000136038
0.190595 	-0.00147601 	-0.000683422 	-0.000136576
0.192096 	-0.00145593 	-0.000689616 	-0.000137344
0.193597 	-0.00143585 	-0.00069581 	-0.000138111
0.195098 	-0.00141656 	-0.000701285 	-0.000138316
0.196598 	-0.00139755 	-0.000706498 	-0.000138317
0.198099 	-0.00137854 	-0.000711712 	-0.000138318
0.1996 	-0.00135896 	-0.00071738 	-0.000138459
0.201101 	-0.00133914 	-0.000723234 	-0.000138658
0.202601 	-0.00131932 	-0.000729088 	-0.000138858
0.204102 	-0.0012995 	-0.000734943 	-0.000139057
0.205603 	-0.00127968 	-0.000740797 	-0.000139256
0.207104 	-0.00125986 	-0.000746652 	-0.000139455
0.208604 	-0.00124004 	-0.000752506 	-0.000139655
0.210105 	-0.00122022 	-0.000758361 	-0.000139854
0.211606 	-0.00120041 	-0.000764215 	-0.000140053
0.213107 	-0.00118059 	-0.00077007 	-0.000140253
0.214607 	-0.00116037 	-0.000776291 	-0.000140514
0.216108 	-0.00113993 	-0.000782721 	-0.00014081
0.217609 	-0.00111949 	-0.000789151 	-0.000141107
0.21911 	-0.00109973 	-0.000794731 	-0.000141223
0.22061 	-0.00108026 	-0.00079994 	-0.000141261
0.222111 	-0.0010608 	-0.000805149 	-0.000141299
0.223612 	-0.00104073 	-0.000810762 	-0.000141322
0.225113 	-0.00102026 	-0.000816645 	-0.000141335
0.226613 	-0.000999783 	-0.000822529 	-0.000141348
0.228114 	-0.00097931 	-0.000828412 	-0.000141361
0.229615 	-0.000958837 	-0.000834295 	-0.000141374
0.231116 	-0.000938363 	-0.000840179 	-0.000141387
0.232616 	-0.00091789 	-0.000846062 	-0.0001414
0.234117 	-0.000897417 	-0.000851945 	-0.000141413
0.235618 	-0.000876944 	-0.000857829 	-0.000141427
0.237119 	-0.000856471 	-0.000863712 	-0.00014144
0.238619 	-0.000835998 	-0.000869595 	-0.000141453
0.24012 	-0.000815095 	-0.000875789 	-0.000141325
0.241621 	-0.00079379 	-0.000882272 	-0.000141064
0.243122 	-0.000772485 	-0.000888755 	-0.000140804
0.244622 	-0.000751726 	-0.000894658 	-0.000140689
0.246123 	-0.000731476 	-0.000900022 	-0.000140711
0.247624 	-0.000711225 	-0.000905386 	-0.000140733
0.249125 	-0.000690521 	-0.000910941 	-0.000140619
0.250625 	-0.000669038 	-0.000916825 	-0.000140271
0.252126 	-0.000647555 	-0.000922709 	-0.000139923
0.253627 	-0.000626072 	-0.000928593 	-0.000139575
0.255128 	-0.000604589 	-0.000934477 	-0.000139226
0.256628 	-0.000583105 	-0.000940361 	-0.000138878
0.258129 	-0.000561622 	-0.000946245 	-0.00013853
0.25963 	-0.000540139 	-0.000952129 	-0.000138182
0.261131 	-0.000518656 	-0.000958013 	-0.000137833
0.262631 	-0.000497173 	-0.000963897 	-0.000137485
0.264132 	-0.00047569 	-0.000969781 	-0.000137137
0.265633 	-0.000454207 	-0.000975665 	-0.000136789
0.267134 	-0.00043257 	-0.000981626 	-0.000136333
0.268634 	-0.000410223 	-0.000987946 	-0.000135383
0.270135 	-0.000387875 	-0.000994266 	-0.000134433
0.271636 	-0.000365707 	-0.00100047 	-0.000133593
0.273137 	-0.000344611 	-0.00100598 	-0.000133405
0.274637 	-0.000323515 	-0.00101149 	-0.000133217
0.276138 	-0.000302419 	-0.001017 	-0.000133029
0.277639 	-0.000279981 	-0.00102283 	-0.000132367
0.27914 	-0.000257492 	-0.00102868 	-0.000131688
0.28064 	-0.000235003 	-0.00103453 	-0.000131009
0.282141 	-0.000212514 	-0.00104038 	-0.00013033
0.283642 	-0.000190026 	-0.00104623 	-0.000129651
0.285143 	-0.000167537 	-0.00105208 	-0.000128972
0.286643 	-0.000145048 	-0.00105793 	-0.000128293
0.288144 	-0.000122559 	-0.00106377 	-0.000127614
0.289645 	-0.000100071 	-0.00106962 	-0.000126935
0.291146 	-7.75819e-05 	-0.00107547 	-0.000126256
0.292646 	-5.50931e-05 	-0.00108132 	-0.000125577
0.294147 	-3.26044e-05 	-0.00108717 	-0.000124898
0.295648 	-1.01156e-05 	-0.00109302 	-0.000124219
0.297149 	1.28764e-05 	-0.00109902 	-0.000123192
0.298649 	3.62637e-05 	-0.00110515 	-0.000121892
0.30015 	5.96509e-05 	-0.00111127 	-0.000120591
0.301651 	8.23049e-05 	-0.00111711 	-0.000119803
0.303152 	0.000104275 	-0.0011227 	-0.000119493
0.304652 	0.000126245 	-0.00112828 	-0.000119183
0.306153 	0.000148734 	-0.00113391 	-0.000118682
0.307654 	0.000172236 	-0.00113962 	-0.00011781
0.309155 	0.000195738 	-0.00114534 	-0.000116937
0.310655 	0.000219241 	-0.00115105 	-0.000116065
0.312156 	0.000242743 	-0.00115677 	-0.000115193
0.313657 	0.000266245 	-0.00116248 	-0.00011432
0.315158 	0.000289747 	-0.0011682 	-0.000113448
0.316658 	0.000313249 	-0.00117391 	-0.000112576
0.318159 	0.000336751 	-0.00117963 	-0.000111704
0.31966 	0.000360253 	-0.00118534 	-0.000110831
0.321161 	0.000383755 	-0.00119106 	-0.000109959
0.322661 	0.000407257 	-0.00119677 	-0.000109087
0.324162 	0.000430759 	-0.00120249 	-0.000108214
0.325663 	0.000454261 	-0.00120821 	-0.000107342
0.327164 	0.000477763 	-0.00121392 	-0.00010647
0.328664 	0.000501874 	-0.00121971 	-0.000105268
0.330165 	0.00052638 	-0.00122556 	-0.000103854
0.331666 	0.000550885 	-0.0012314 	-0.00010244
0.333167 	0.000574437 	-0.00123696 	-0.000101733
0.334667 	0.000597323 	-0.00124233 	-0.000101522
0.336168 	0.000620209 	-0.00124771 	-0.00010131
0.337669 	0.000644009 	-0.00125314 	-0.000100699
0.33917 	0.000668951 	-0.00125866 	-9.95891e-05
0.34067 	0.000693892 	-0.00126418 	-9.84796e-05
0.342171 	0.000718833 	-0.00126969 	-9.73702e-05
0.343672 	0.000743775 	-0.00127521 	-9.62607e-05
0.345173 	0.000768716 	-0.00128073 	-9.51513e-05
0.346673 	0.000793658 	-0.00128624 	-9.40418e-05
0.348174 	0.000818599 	-0.00129176 	-9.29323e-05
0.349675 	0.000843541 	-0.00129728 	-9.18229e-05
0.351176 	0.000868482 	-0.00130279 	-9.07134e-05
0.352676 	0.000893423 	-0.00130831 	-8.9604e-05
0.354177 	0.000918365 	-0.00131383 	-8.84945e-05
0.355678 	0.000943306 	-0.00131935 	-8.7385e-05
0.357179 	0.000968248 	-0.00132486 	-8.62756e-05
0.358679 	0.000993189 	-0.00133038 	-8.51661e-05
0.36018 	0.00101813 	-0.0013359 	-8.40567e-05
0.361681 	0.00104344 	-0.00134147 	-8.27855e-05
0.363182 	0.00106977 	-0.0013472 	-8.10622e-05
0.364682 	0.00109611 	-0.00135293 	-7.93389e-05
0.366183 	0.00112185 	-0.00135846 	-7.80656e-05
0.367684 	0.00114624 	-0.00136356 	-7.78057e-05
0.369185 	0.00117063 	-0.00136866 	-7.75458e-05
0.370685 	0.00119482 	-0.00137367 	-7.70751e-05
0.372186 	0.00121836 	-0.00137839 	-7.59324e-05
0.373687 	0.0012419 	-0.0013831 	-7.47897e-05
0.375188 	0.00126544 	-0.00138782 	-7.36469e-05
0.376688 	0.00128898 	-0.00139254 	-7.25042e-05
0.378189 	0.00131253 	-0.00139726 	-7.13615e-05
0.37969 	0.00133607 	-0.00140197 	-7.02188e-05
0.381191 	0.00135961 	-0.00140669 	-6.90761e-05
0.382691 	0.00138315 	-0.00141141 	-6.79334e-05
0.384192 	0.00140669 	-0.00141613 	-6.67906e-05
0.385693 	0.00143023 	-0.00142085 	-6.56479e-05
0.387194 	0.00145377 	-0.00142556 	-6.45052e-05
0.388694 	0.00147731 	-0.00143028 	-6.33625e-05
0.390195 	0.00150086 	-0.001435 	-6.22198e-05
0.391696 	0.0015244 	-0.00143972 	-6.10771e-05
0.393197 	0.00154794 	-0.00144444 	-5.99343e-05
0.394697 	0.00157148 	-0.00144915 	-5.87916e-05
0.396198 	0.00159502 	-0.00145387 	-5.76489e-05
0.397699 	0.00161946 	-0.00145877 	-5.62332e-05
0.3992 	0.00164487 	-0.00146385 	-5.45204e-05
0.4007 	0.00167028 	-0.00146894 	-5.28077e-05
0.402201 	0.00169848 	-0.00147422 	-5.16858e-05
0.403702 	0.00172831 	-0.00147961 	-5.09117e-05
0.405203 	0.00175815 	-0.001485 	-5.01376e-05
0.406703 	0.00178269 	-0.00148944 	-4.91488e-05
0.408204 	0.00180476 	-0.00149343 	-4.80597e-05
0.409705 	0.00182682 	-0.00149742 	-4.69706e-05
0.411206 	0.00184889 	-0.00150141 	-4.58816e-05
0.412706 	0.00187096 	-0.00150541 	-4.47925e-05
0.414207 	0.00189302 	-0.0015094 	-4.37034e-05
0.415708 	0.00191509 	-0.00151339 	-4.26143e-05
0.417209 	0.00193716 	-0.00151738 	-4.15252e-05
0.418709 	0.00195922 	-0.00152137 	-4.04361e-05
0.42021 	0.00198129 	-0.00152536 	-3.9347e-05
0.421711 	0.00200335 	-0.00152935 	-3.82579e-05
0.423212 	0.00202542 	-0.00153334 	-3.71688e-05
0.424712 	0.00204749 	-0.00153733 	-3.60797e-05
0.426213 	0.00206955 	-0.00154133 	-3.49907e-05
0.427714 	0.00209162 	-0.00154532 	-3.39016e-05
0.429215 	0.00211368 	-0.00154931 	-3.28125e-05
0.430715 	0.00213575 	-0.0015533 	-3.17234e-05
0.432216 	0.00215782 	-0.00155729 	-3.06343e-05
0.433717 	0.00217988 	-0.00156128 	-2.95452e-05
0.435218 	0.00220033 	-0.00156503 	-2.84622e-05
0.436718 	0.00221459 	-0.00156783 	-2.74024e-05
0.438219 	0.00222885 	-0.00157063 	-2.63426e-05
0.43972 	0.00224546 	-0.00157356 	-2.55018e-05
0.441221 	0.00226428 	-0.0015766 	-2.48671e-05
0.442721 	0.0022831 	-0.00157965 	-2.42324e-05
0.444222 	0.00230802 	-0.00158375 	-2.30716e-05
0.445723 	0.00233509 	-0.00158822 	-2.17247e-05
0.447224 	0.00236216 	-0.00159269 	-2.03778e-05
0.448724 	0.00238922 	-0.00159716 	-1.90309e-05
0.450225 	0.00241629 	-0.00160163 	-1.7684e-05
0.451726 	0.00244336 	-0.0016061 	-1.63372e-05
0.453227 	0.00247043 	-0.00161057 	-1.49903e-05
0.454727 	0.0024975 	-0.00161504 	-1.36434e-05
0.456228 	0.00252457 	-0.00161951 	-1.22965e-05
0.457729 	0.00255164 	-0.00162399 	-1.09496e-05
0.45923 	0.00257871 	-0.00162846 	-9.60277e-06
0.46073 	0.00260578 	-0.00163293 	-8.25589e-06
0.462231 	0.00263285 	-0.0016374 	-6.90901e-06
0.463732 	0.00265992 	-0.00164187 	-5.56213e-06
0.465233 	0.00268699 	-0.00164634 	-4.21525e-06
0.466733 	0.00271406 	-0.00165081 	-2.86837e-06
0.468234 	0.00274113 	-0.00165528 	-1.52149e-06
0.469735 	0.0027682 	-0.00165976 	-1.7461e-07
0.471236 	0.00279526 	-0.00166423 	1.17227e-06
0.472736 	0.00282233 	-0.0016687 	2.51915e-06
0.474237 	0.0028494 	-0.00167317 	3.86603e-06
0.475738 	0.00287848 	-0.00167807 	5.40956e-06
0.477239 	0.00291045 	-0.0016836 	7.23602e-06
0.478739 	0.00294242 	-0.00168913 	9.06249e-06
0.48024 	0.00297222 	-0.00169391 	1.06462e-05
0.481741 	0.00300187 	-0.00169863 	1.22119e-05
0.483242 	0.00303251 	-0.00170341 	1.36821e-05
0.484742 	0.00306477 	-0.00170829 	1.4999e-05
0.486243 	0.00309703 	-0.00171318 	1.63158e-05
0.487744 	0.00312929 	-0.00171806 	1.76327e-05
0.489245 	0.00316155 	-0.00172294 	1.89496e-05
0.490745 	0.00319381 	-0.00172783 	2.02665e-05
0.492246 	0.00322607 	-0.00173271 	2.15833e-05
0.493747 	0.00325833 	-0.0017376 	2.29002e-05
0.495248 	0.00329059 	-0.00174248 	2.42171e-05
0.496748 	0.00332285 	-0.00174736 	2.55339e-05
0.498249 	0.00335511 	-0.00175225 	2.68508e-05
0.49975 	0.00338737 	-0.00175713 	2.81677e-05
0.501251 	0.00341963 	-0.00176201 	2.94846e-05
0.502751 	0.00345189 	-0.0017669 	3.08014e-05
0.504252 	0.00348415 	-0.00177178 	3.21183e-05
0.505753 	0.00351641 	-0.00177666 	3.34352e-05
0.507254 	0.00354867 	-0.00178155 	3.47521e-05
0.508754 	0.00358093 	-0.00178643 	3.60689e-05
0.510255 	0.00361319 	-0.00179132 	3.73858e-05
0.511756 	0.00364545 	-0.0017962 	3.87027e-05
0.513257 	0.00367771 	-0.00180108 	4.00195e-05
0.514757 	0.00370997 	-0.00180597 	4.13364e-05
0.516258 	0.00374223 	-0.00181085 	4.26533e-05
0.517759 	0.0037746 	-0.00181575 	4.39677e-05
0.51926 	0.0038088 	-0.00182092 	4.52385e-05
0.52076 	0.003843 	-0.0018261 	4.65094e-05
0.522261 	0.00387542 	-0.00183095 	4.78814e-05
0.523762 	0.00390754 	-0.00183574 	4.92713e-05
0.525263 	0.00394112 	-0.00184046 	5.0314e-05
0.526763 	0.00397569 	-0.00184514 	5.11207e-05
0.528264 	0.00401027 	-0.00184982 	5.19274e-05
0.529765 	0.00404484 	-0.0018545 	5.27341e-05
0.531266 	0.00407942 	-0.00185917 	5.35407e-05
0.532766 	0.00411399 	-0.00186385 	5.43474e-05
0.534267 	0.00414857 	-0.00186853 	5.51541e-05
0.535768 	0.00418314 	-0.00187321 	5.59608e-05
0.537269 	0.00421772 	-0.00187788 	5.67675e-05
0.538769 	0.00425229 	-0.00188256 	5.75742e-05
0.54027 	0.00428687 	-0.00188724 	5.83809e-05
0.541771 	0.00432144 	-0.00189192 	5.91876e-05
0.543272 	0.00435602 	-0.0018966 	5.99942e-05
0.544772 	0.00439059 	-0.00190127 	6.08009e-05
0.546273 	0.00442517 	-0.00190595 	6.16076e-05
0.547774 	0.00445974 	-0.00191063 	6.24143e-05
0.549275 	0.00449432 	-0.00191531 	6.3221e-05
0.550775 	0.00452889 	-0.00191998 	6.40277e-05
0.552276 	0.00456347 	-0.00192466 	6.48344e-05
0.553777 	0.00459804 	-0.00192934 	6.5641e-05
0.555278 	0.00463262 	-0.00193402 	6.64477e-05
0.556778 	0.00466719 	-0.0019387 	6.72544e-05
0.558279 	0.00470177 	-0.00194337 	6.80611e-05
0.55978 	0.00473634 	-0.00194805 	6.88678e-05
0.561281 	0.00477092 	-0.00195273 	6.96745e-05
0.562781 	0.00480566 	-0.00195739 	7.04592e-05
0.564282 	0.00484169 	-0.00196192 	7.10766e-05
0.565783 	0.00487728 	-0.00196646 	7.17963e-05
0.567284 	0.00491156 	-0.00197102 	7.28121e-05
0.568784 	0.00494666 	-0.0019755 	7.35529e-05
0.570285 	0.0049832 	-0.00197981 	7.38093e-05
0.571786 	0.00501973 	-0.00198413 	7.40658e-05
0.573287 	0.00505627 	-0.00198845 	7.43223e-05
0.574787 	0.0050928 	-0.00199276 	7.45787e-05
0.576288 	0.00512933 	-0.00199708 	7.48352e-05
0.577789 	0.00516587 	-0.0020014 	7.50916e-05
0.57929 	0.0052024 	-0.00200571 	7.53481e-05
0.58079 	0.00523894 	-0.00201003 	7.56046e-05
0.582291 	0.00527547 	-0.00201434 	7.5861e-05
0.583792 	0.00531201 	-0.00201866 	7.61175e-05
0.585293 	0.00534854 	-0.00202298 	7.63739e-05
0.586793 	0.00538507 	-0.00202729 	7.66304e-05
0.588294 	0.00542161 	-0.00203161 	7.68869e-05
0.589795 	0.00545814 	-0.00203592 	7.71433e-05
0.591296 	0.00549468 	-0.00204024 	7.73998e-05
0.592796 	0.00553121 	-0.00204456 	7.76562e-05
0.594297 	0.00556775 	-0.00204887 	7.79127e-05
0.595798 	0.00560428 	-0.00205319 	7.81691e-05
0.597299 	0.00564081 	-0.00205751 	7.84256e-05
0.598799 	0.00567735 	-0.00206182 	7.86821e-05
0.6003 	0.00571388 	-0.00206614 	7.89385e-05
0.601801 	0.00575042 	-0.00207045 	7.9195e-05
0.603302 	0.00578695 	-0.00207477 	7.94514e-05
0.604802 	0.00582349 	-0.00207909 	7.97079e-05
0.606303 	0.00586002 	-0.0020834 	7.99644e-05
0.607804 	0.00589656 	-0.00208772 	8.02208e-05
0.609305 	0.00593309 	-0.00209203 	8.04773e-05
0.610805 	0.00597023 	-0.00209611 	8.04409e-05
0.612306 	0.00600759 	-0.00210004 	8.02984e-05
0.613807 	0.00604368 	-0.00210415 	8.07742e-05
0.615308 	0.00608113 	-0.00210806 	8.06597e-05
0.616808 	0.00611923 	-0.00211188 	8.02691e-05
0.618309 	0.00615733 	-0.0021157 	7.98786e-05
0.61981 	0.00619543 	-0.00211952 	7.9488e-05
0.621311 	0.00623353 	-0.00212334 	7.90975e-05
0.622811 	0.00627163 	-0.00212716 	7.87069e-05
0.624312 	0.00630973 	-0.00213098 	7.83163e-05
0.625813 	0.00634783 	-0.0021348 	7.79258e-05
0.627314 	0.00638593 	-0.00213862 	7.75352e-05
0.628814 	0.00642403 	-0.00214244 	7.71447e-05
0.630315 	0.00646213 	-0.00214625 	7.67541e-05
0.631816 	0.00650023 	-0.00215007 	7.63635e-05
0.633317 	0.00653833 	-0.00215389 	7.5973e-05
0.634817 	0.00657643 	-0.00215771 	7.55824e-05
0.636318 	0.00661453 	-0.00216153 	7.51919e-05
0.637819 	0.00665263 	-0.00216535 	7.48013e-05
0.63932 	0.00669073 	-0.00216917 	7.44107e-05
0.64082 	0.00672883 	-0.00217299 	7.40202e-05
0.642321 	0.00676693 	-0.00217681 	7.36296e-05
0.643822 	0.00680503 	-0.00218063 	7.32391e-05
0.645323 	0.00684313 	-0.00218445 	7.28485e-05
0.646823 	0.00688123 	-0.00218827 	7.2458e-05
0.648324 	0.00691933 	-0.00219209 	7.20674e-05
0.649825 	0.00695743 	-0.00219591 	7.16768e-05
0.651326 	0.00699553 	-0.00219972 	7.12863e-05
0.652826 	0.00703363 	-0.00220354 	7.08957e-05
0.654327 	0.00707173 	-0.00220736 	7.05052e-05
0.655828 	0.00710983 	-0.00221118 	7.01146e-05
0.657329 	0.00714793 	-0.002215 	6.9724e-05
0.658829 	0.00718603 	-0.00221882 	6.93335e-05
0.66033 	0.00722447 	-0.0022224 	6.85142e-05
0.661831 	0.00726264 	-0.00222573 	6.75621e-05
0.663332 	0.00729854 	-0.00222888 	6.68034e-05
0.664832 	0.00733315 	-0.00223182 	6.59122e-05
0.666333 	0.00736777 	-0.00223476 	6.50209e-05
0.667834 	0.00740239 	-0.00223771 	6.41297e-05
0.669335 	0.007437 	-0.00224065 	6.32384e-05
0.670835 	0.00747162 	-0.0022436 	6.23472e-05
0.672336 	0.00750623 	-0.00224654 	6.14559e-05
0.673837 	0.00754085 	-0.00224949 	6.05647e-05
0.675338 	0.00757546 	-0.00225243 	5.96735e-05
0.676838 	0.00761008 	-0.00225538 	5.87822e-05
0.678339 	0.0076447 	-0.00225832 	5.7891e-05
0.67984 	0.00767931 	-0.00226127 	5.69997e-05
0.681341 	0.00771393 	-0.00226421 	5.61085e-05
0.682841 	0.00774854 	-0.00226716 	5.52173e-05
0.684342 	0.00778316 	-0.0022701 	5.4326e-05
0.685843 	0.00781777 	-0.00227305 	5.34348e-05
0.687344 	0.00785239 	-0.00227599 	5.25435e-05
0.688844 	0.00788701 	-0.00227894 	5.16523e-05
0.690345 	0.00792162 	-0.00228188 	5.0761e-05
0.691846 	0.00795624 	-0.00228483 	4.98698e-05
0.693347 	0.00799085 	-0.00228777 	4.89786e-05
0.694847 	0.00802547 	-0.00229072 	4.80873e-05
0.696348 	0.00806008 	-0.00229366 	4.71961e-05
0.697849 	0.0080947 	-0.00229661 	4.63048e-05
0.69935 	0.00812931 	-0.00229955 	4.54136e-05
0.70085 	0.00816393 	-0.0023025 	4.45224e-05
0.702351 	0.00819855 	-0.00230544 	4.36311e-05
0.703852 	0.00823316 	-0.00230839 	4.27399e-05
0.705353 	0.00826778 	-0.00231133 	4.18486e-05
0.706853 	0.00830239 	-0.00231428 	4.09574e-05
0.708354 	0.00833701 	-0.00231722 	4.00661e-05
0.709855 	0.00837162 	-0.00232017 	3.91749e-05
0.711356 	0.00840624 	-0.00232311 	3.82837e-05
0.712856 	0.00844407 	-0.00232602 	3.69522e-05
0.714357 	0.00847502 	-0.00232828 	3.59737e-05
0.715858 	0.00850598 	-0.00233055 	3.49951e-05
0.717359 	0.00853693 	-0.00233282 	3.40165e-05
0.718859 	0.00856788 	-0.00233509 	3.30379e-05
0.72036 	0.00859884 	-0.00233735 	3.20594e-05
0.721861 	0.00862979 	-0.00233962 	3.10808e-05
0.723362 	0.00866075 	-0.00234189 	3.01022e-05
0.724862 	0.0086917 	-0.00234416 	2.91236e-05
0.726363 	0.00872266 	-0.00234642 	2.81451e-05
0.727864 	0.00875361 	-0.00234869 	2.71665e-05
0.729365 	0.00878457 	-0.00235096 	2.61879e-05
0.730865 	0.00881552 	-0.00235323 	2.52093e-05
0.732366 	0.00884648 	-0.00235549 	2.42308e-05
0.733867 	0.00887743 	-0.00235776 	2.32522e-05
0.735368 	0.00890838 	-0.00236003 	2.22736e-05
0.736868 	0.00893934 	-0.0023623 	2.1295e-05
0.738369 	0.00897029 	-0.00236456 	2.03165e-05
0.73987 	0.00900125 	-0.00236683 	1.93379e-05
0.741371 	0.0090322 	-0.0023691 	1.83593e-05
0.742871 	0.00906313 	-0.00237137 	1.73806e-05
0.744372 	0.00909405 	-0.00237364 	1.64019e-05
0.745873 	0.00912496 	-0.00237591 	1.54231e-05
0.747374 	0.00915588 	-0.00237818 	1.44444e-05
0.748874 	0.0091868 	-0.00238044 	1.34657e-05
0.750375 	0.00921772 	-0.00238271 	1.24869e-05
0.751876 	0.00924863 	-0.00238498 	1.15082e-05
0.753377 	0.00927955 	-0.00238725 	1.05295e-05
0.754877 	0.00931047 	-0.00238952 	9.55073e-06
0.756378 	0.00934139 	-0.00239179 	8.572e-06
0.757879 	0.0093723 	-0.00239406 	7.59326e-06
0.75938 	0.00940322 	-0.00239633 	6.61453e-06
0.76088 	0.00943414 	-0.0023986 	5.63579e-06
0.762381 	0.00946506 	-0.00240087 	4.65706e-06
0.763882 	0.00949597 	-0.00240314 	3.67832e-06
0.765383 	0.00952804 	-0.00240547 	2.66573e-06
0.766883 	0.00956588 	-0.00240798 	1.60119e-06
0.768384 	0.00960221 	-0.00241018 	6.41831e-07
0.769885 	0.00963854 	-0.00241238 	-3.17525e-07
0.771386 	0.00967487 	-0.00241458 	-1.27688e-06
0.772886 	0.00971119 	-0.00241678 	-2.23624e-06
0.774387 	0.00974752 	-0.00241898 	-3.1956e-06
0.775888 	0.00978385 	-0.00242119 	-4.15495e-06
0.777389 	0.00982018 	-0.00242339 	-5.11431e-06
0.778889 	0.00985651 	-0.00242559 	-6.07367e-06
0.78039 	0.00989283 	-0.00242779 	-7.03302e-06
0.781891 	0.00992916 	-0.00242999 	-7.99238e-06
0.783392 	0.00996549 	-0.00243219 	-8.95174e-06
0.784892 	0.0100018 	-0.00243439 	-9.91109e-06
0.786393 	0.0100381 	-0.00243659 	-1.08704e-05
0.787894 	0.0100745 	-0.0024388 	-1.18298e-05
0.789395 	0.0101108 	-0.002441 	-1.27892e-05
0.790895 	0.0101471 	-0.0024432 	-1.37485e-05
0.792396 	0.0101835 	-0.0024454 	-1.47079e-05
0.793897 	0.0102198 	-0.0024476 	-1.56672e-05
0.795398 	0.0102561 	-0.0024498 	-1.66266e-05
0.796898 	0.0102924 	-0.002452 	-1.75859e-05
0.798399 	0.0103288 	-0.00245421 	-1.85453e-05
0.7999 	0.0103651 	-0.00245641 	-1.95047e-05
0.801401 	0.0104014 	-0.00245861 	-2.0464e-05
0.802901 	0.0104378 	-0.00246081 	-2.14234e-05
0.804402 	0.0104741 	-0.00246301 	-2.23827e-05
0.805903 	0.0105104 	-0.00246521 	-2.33421e-05
0.807404 	0.0105467 	-0.00246741 	-2.43014e-05
0.808904 	0.0105831 	-0.00246962 	-2.52608e-05
0.810405 	0.0106194 	-0.00247182 	-2.62202e-05
0.811906 	0.0106557 	-0.00247402 	-2.71795e-05
0.813407 	0.010692 	-0.00247622 	-2.81389e-05
0.814907 	0.0107284 	-0.00247842 	-2.90982e-05
0.816408 	0.0107647 	-0.00248062 	-3.00576e-05
0.817909 	0.010801 	-0.00248282 	-3.10169e-05
0.81941 	0.0108374 	-0.00248503 	-3.19763e-05
0.82091 	0.010879 	-0.00248724 	-3.30267e-05
0.822411 	0.0109202 	-0.00248951 	-3.40408e-05
0.823912 	0.0109615 	-0.00249147 	-3.49966e-05
0.825413 	0.0110033 	-0.00249326 	-3.59315e-05
0.826913 	0.0110452 	-0.00249504 	-3.68663e-05
0.828414 	0.011087 	-0.00249683 	-3.78012e-05
0.829915 	0.0111288 	-0.00249862 	-3.87361e-05
0.831416 	0.0111706 	-0.0025004 	-3.9671e-05
0.832916 	0.0112125 	-0.00250219 	-4.06059e-05
0.834417 	0.0112543 	-0.00250397 	-4.15408e-05
0.835918 	0.0112961 	-0.00250576 	-4.24757e-05
0.837419 	0.011338 	-0.00250755 	-4.34105e-05
0.838919 	0.0113798 	-0.00250933 	-4.43454e-05
0.84042 	0.0114216 	-0.00251112 	-4.52803e-05
0.841921 	0.0114634 	-0.0025129 	-4.62152e-05
0.843422 	0.0115053 	-0.00251469 	-4.71501e-05
0.844922 	0.0115471 	-0.00251648 	-4.8085e-05
0.846423 	0.0115889 	-0.00251826 	-4.90199e-05
0.847924 	0.0116308 	-0.00252005 	-4.99547e-05
0.849425 	0.0116726 	-0.00252183 	-5.08896e-05
0.850925 	0.0117144 	-0.00252362 	-5.18245e-05
0.852426 	0.0117563 	-0.00252541 	-5.27594e-05
0.853927 	0.0117981 	-0.00252719 	-5.36943e-05
0.855428 	0.0118399 	-0.00252898 	-5.46292e-05
0.856928 	0.0118817 	-0.00253076 	-5.55641e-05
0.858429 	0.0119236 	-0.00253255 	-5.64989e-05
0.85993 	0.0119654 	-0.00253433 	-5.74338e-05
0.861431 	0.0120072 	-0.00253612 	-5.83687e-05
0.862931 	0.0120491 	-0.00253791 	-5.93036e-05
0.864432 	0.0120909 	-0.00253969 	-6.02385e-05
0.865933 	0.0121327 	-0.00254148 	-6.11734e-05
0.867434 	0.0121746 	-0.00254326 	-6.21083e-05
0.868934 	0.0122164 	-0.00254505 	-6.30431e-05
0.870435 	0.0122582 	-0.00254684 	-6.3978e-05
0.871936 	0.0123 	-0.00254862 	-6.49129e-05
0.873437 	0.0123419 	-0.00255041 	-6.58478e-05
0.874937 	0.0123837 	-0.00255219 	-6.67827e-05
0.876438 	0.0124259 	-0.00255389 	-6.77171e-05
0.877939 	0.01247 	-0.00255517 	-6.86496e-05
0.87944 	0.0125135 	-0.00255645 	-6.95688e-05
0.88094 	0.0125558 	-0.00255774 	-7.04626e-05
0.882441 	0.0125982 	-0.00255891 	-7.13111e-05
0.883942 	0.0126407 	-0.00255987 	-7.20791e-05
0.885443 	0.0126833 	-0.00256082 	-7.28472e-05
0.886943 	0.0127259 	-0.00256178 	-7.36153e-05
0.888444 	0.0127684 	-0.00256273 	-7.43833e-05
0.889945 	0.012811 	-0.00256369 	-7.51514e-05
0.891446 	0.0128535 	-0.00256464 	-7.59194e-05
0.892946 	0.0128961 	-0.0025656 	-7.66875e-05
0.894447 	0.0129387 	-0.00256655 	-7.74556e-05
0.895948 	0.0129812 	-0.00256751 	-7.82236e-05
0.897449 	0.0130238 	-0.00256846 	-7.89917e-05
0.898949 	0.0130663 	-0.00256942 	-7.97598e-05
0.90045 	0.0131089 	-0.00257037 	-8.05278e-05
0.901951 	0.0131514 	-0.00257133 	-8.12959e-05
0.903452 	0.013194 	-0.00257229 	-8.20639e-05
0.904952 	0.0132366 	-0.00257324 	-8.2832e-05
0.906453 	0.0132791 	-0.0025742 	-8.36001e-05
0.907954 	0.0133217 	-0.00257515 	-8.43681e-05
0.909455 	0.0133642 	-0.00257611 	-8.51362e-05
0.910955 	0.0134068 	-0.00257706 	-8.59042e-05
0.912456 	0.0134493 	-0.00257802 	-8.66723e-05
0.913957 	0.0134919 	-0.00257897 	-8.74404e-05
0.915458 	0.0135345 	-0.00257993 	-8.82084e-05
0.916958 	0.013577 	-0.00258088 	-8.89765e-05
0.918459 	0.0136196 	-0.00258184 	-8.97446e-05
0.91996 	0.0136621 	-0.00258279 	-9.05126e-05
0.921461 	0.0137047 	-0.00258375 	-9.12807e-05
0.922961 	0.0137472 	-0.0025847 	-9.20487e-05
0.924462 	0.0137898 	-0.00258566 	-9.28168e-05
0.925963 	0.0138324 	-0.00258662 	-9.35849e-05
0.927464 	0.0138749 	-0.00258757 	-9.43529e-05
0.928964 	0.0139175 	-0.00258853 	-9.5121e-05
0.930465 	0.01396 	-0.00258948 	-9.5889e-05
0.931966 	0.0140026 	-0.00259044 	-9.66571e-05
0.933467 	0.0140451 	-0.00259139 	-9.74252e-05
0.934967 	0.0140881 	-0.00259222 	-9.81539e-05
0.936468 	0.0141317 	-0.00259283 	-9.88133e-05
0.937969 	0.0141753 	-0.00259344 	-9.94726e-05
0.93947 	0.014218 	-0.00259399 	-0.000100102
0.94097 	0.0142601 	-0.0025945 	-0.000100714
0.942471 	0.0143022 	-0.00259501 	-0.000101326
0.943972 	0.0143444 	-0.00259527 	-0.000101737
0.945473 	0.0143868 	-0.00259543 	-0.000102062
0.946973 	0.0144291 	-0.00259558 	-0.000102388
0.948474 	0.0144714 	-0.00259574 	-0.000102713
0.949975 	0.0145137 	-0.00259589 	-0.000103038
0.951476 	0.0145561 	-0.00259605 	-0.000103363
0.952976 	0.0145984 	-0.00259621 	-0.000103689
0.954477 	0.0146407 	-0.00259636 	-0.000104014
0.955978 	0.0146831 	-0.00259652 	-0.000104339
0.957479 	0.0147254 	-0.00259668 	-0.000104664
0.958979 	0.0147677 	-0.00259683 	-0.00010499
0.96048 	0.0148101 	-0.00259699 	-0.000105315
0.961981 	0.0148524 	-0.00259715 	-0.00010564
0.963482 	0.0148947 	-0.0025973 	-0.000105966
0.964982 	0.0149371 	-0.00259746 	-0.000106291
0.966483 	0.0149794 	-0.00259761 	-0.000106616
0.967984 	0.0150217 	-0.00259777 	-0.000106941
0.969485 	0.0150641 	-0.00259793 	-0.000107267
0.970985 	0.0151064 	-0.00259808 	-0.000107592
0.972486 	0.0151487 	-0.00259824 	-0.000107917
0.973987 	0.015191 	-0.0025984 	-0.000108242
0.975488 	0.0152334 	-0.00259855 	-0.000108568
0.976988 	0.0152757 	-0.00259871 	-0.000108893
0.978489 	0.015318 	-0.00259886 	-0.000109218
0.97999 	0.0153604 	-0.00259902 	-0.000109543
0.981491 	0.0154027 	-0.00259918 	-0.000109869
0.982991 	0.015445 	-0.00259933 	-0.000110194
0.984492 	0.0154874 	-0.00259949 	-0.000110519
0.985993 	0.0155297 	-0.00259965 	-0.000110844
0.987494 	0.015572 	-0.0025998 	-0.00011117
0.988994 	0.0156144 	-0.00259996 	-0.000111495
0.990495 	0.0156567 	-0.00260012 	-0.00011182
0.991996 	0.015699 	-0.00260027 	-0.000112146
0.993497 	0.0157414 	-0.00260043 	-0.000112471
0.994997 	0.015784 	-0.00260043 	-0.000112673
0.996498 	0.0158272 	-0.00260021 	-0.000112696
0.997999 	0.0158704 	-0.00259999 	-0.00011272
0.9995 	0.0159135 	-0.00259977 	-0.000112743
1.001 	0.0159553 	-0.0025995 	-0.000112761
1.0025 	0.0159964 	-0.0025992 	-0.000112776
1.004 	0.0160376 	-0.0025989 	-0.000112792
1.0055 	0.0160788 	-0.0025986 	-0.000112807
1.007 	0.0161164 	-0.00259815 	-0.000112794
1.0085 	0.0161528 	-0.00259765 	-0.000112773
1.01001 	0.0161892 	-0.00259715 	-0.000112751
1.01151 	0.0162257 	-0.00259664 	-0.000112729
1.01301 	0.0162621 	-0.00259614 	-0.000112708
1.01451 	0.0162985 	-0.00259564 	-0.000112686
1.01601 	0.016335 	-0.00259514 	-0.000112664
1.01751 	0.0163714 	-0.00259463 	-0.000112643
1.01901 	0.0164078 	-0.00259413 	-0.000112621
1.02051 	0.0164443 	-0.00259363 	-0.000112599
1.02201 	0.0164807 	-0.00259313 	-0.000112577
1.02351 	0.0165171 	-0.00259263 	-0.000112556
1.02501 	0.0165536 	-0.00259212 	-0.000112534
1.02651 	0.01659 	-0.00259162 	-0.000112512
1.02801 	0.0166264 	-0.00259112 	-0.000112491
1.02951 	0.0166629 	-0.00259062 	-0.000112469
1.03102 	0.0166993 	-0.00259012 	-0.000112447
1.03252 	0.0167357 	-0.00258961 	-0.000112426
1.03402 	0.0167722 	-0.00258911 	-0.000112404
1.03552 	0.0168086 	-0.00258861 	-0.000112382
1.03702 	0.016845 	-0.00258811 	-0.00011236
1.03852 	0.0168815 	-0.0025876 	-0.000112339
1.04002 	0.0169179 	-0.0025871 	-0.000112317
1.04152 	0.0169543 	-0.0025866 	-0.000112295
1.04302 	0.0169908 	-0.0025861 	-0.000112274
1.04452 	0.0170272 	-0.0025856 	-0.000112252
1.04602 	0.0170636 	-0.00258509 	-0.00011223
1.04752 	0.0171001 	-0.00258459 	-0.000112209
1.04902 	0.0171365 	-0.00258409 	-0.000112187
1.05053 	0.0171729 	-0.00258359 	-0.000112165
1.05203 	0.0172094 	-0.00258309 	-0.000112143
1.05353 	0.0172458 	-0.00258258 	-0.000112122
1.05503 	0.0172822 	-0.00258208 	-0.0001121
1.05653 	0.0173153 	-0.00258155 	-0.000112061
1.05803 	0.0173436 	-0.00258097 	-0.000111997
1.05953 	0.0173719 	-0.00258039 	-0.000111932
1.06103 	0.0174002 	-0.00257981 	-0.000111868
1.06253 	0.0174285 	-0.00257923 	-0.000111804
1.06403 	0.0174503 	-0.00257882 	-0.00011175
1.06553 	0.0174691 	-0.0025785 	-0.000111701
1.06703 	0.0174879 	-0.00257817 	-0.000111652
1.06853 	0.0175067 	-0.00257784 	-0.000111602
1.07004 	0.0175255 	-0.00257752 	-0.000111553
1.07154 	0.0175513 	-0.00257685 	-0.000111503
1.07304 	0.0175811 	-0.00257598 	-0.000111451
1.07454 	0.0176109 	-0.00257511 	-0.0001114
1.07604 	0.0176408 	-0.00257424 	-0.000111349
1.07754 	0.0176706 	-0.00257337 	-0.000111298
1.07904 	0.0177004 	-0.0025725 	-0.000111247
1.08054 	0.0177303 	-0.00257163 	-0.000111195
1.08204 	0.0177601 	-0.00257076 	-0.000111144
1.08354 	0.0177899 	-0.00256989 	-0.000111093
1.08504 	0.0178198 	-0.00256902 	-0.000111042
1.08654 	0.0178496 	-0.00256815 	-0.000110991
1.08804 	0.0178794 	-0.00256728 	-0.000110939
1.08954 	0.0179093 	-0.00256641 	-0.000110888
1.09105 	0.0179391 	-0.00256554 	-0.000110837
1.09255 	0.0179689 	-0.00256467 	-0.000110786
1.09405 	0.0179988 	-0.0025638 	-0.000110735
1.09555 	0.0180286 	-0.00256293 	-0.000110684
1.09705 	0.0180584 	-0.00256206 	-0.000110632
1.09855 	0.0180883 	-0.00256118 	-0.000110581
1.10005 	0.0181181 	-0.00256031 	-0.00011053
1.10155 	0.018148 	-0.00255944 	-0.000110479
1.10305 	0.0181778 	-0.00255857 	-0.000110428
1.10455 	0.0182076 	-0.0025577 	-0.000110376
1.10605 	0.0182375 	-0.00255683 	-0.000110325
1.10755 	0.0182673 	-0.00255596 	-0.000110274
1.10905 	0.0182971 	-0.00255509 	-0.000110223
1.11056 	0.018327 	-0.00255422 	-0.000110172
1.11206 	0.0183568 	-0.00255335 	-0.00011012
1.11356 	0.0183866 	-0.00255248 	-0.000110069
1.11506 	0.0184165 	-0.00255161 	-0.000110018
1.11656 	0.0184463 	-0.00255074 	-0.000109967
1.11806 	0.0184761 	-0.00254987 	-0.000109916
1.11956 	0.0185119 	-0.00254873 	-0.000109866
1.12106 	0.0185542 	-0.0025473 	-0.000109818
1.12256 	0.0185966 	-0.00254587 	-0.00010977
1.12406 	0.0186389 	-0.00254444 	-0.000109723
1.12556 	0.0186812 	-0.00254301 	-0.000109675
1.12706 	0.0187235 	-0.00254158 	-0.000109627
1.12856 	0.0187599 	-0.0025404 	-0.000109603
1.13007 	0.0187932 	-0.00253935 	-0.000109592
1.13157 	0.0188266 	-0.0025383 	-0.000109581
1.13307 	0.01886 	-0.00253725 	-0.000109569
1.13457 	0.0188933 	-0.0025362 	-0.000109558
1.13607 	0.0189267 	-0.00253515 	-0.000109547
1.13757 	0.0189593 	-0.00253394 	-0.00010948
1.13907 	0.018991 	-0.00253255 	-0.000109346
1.14057 	0.0190227 	-0.00253116 	-0.000109211
1.14207 	0.0190544 	-0.00252977 	-0.000109077
1.14357 	0.0190861 	-0.00252838 	-0.000108942
1.14507 	0.0191178 	-0.00252699 	-0.000108808
1.14657 	0.0191495 	-0.00252559 	-0.000108673
1.14807 	0.0191812 	-0.0025242 	-0.000108538
1.14957 	0.0192129 	-0.00252281 	-0.000108404
1.15108 	0.0192446 	-0.00252142 	-0.000108269
1.15258 	0.0192763 	-0.00252003 	-0.000108135
1.15408 	0.019308 	-0.00251864 	-0.000108
1.15558 	0.0193397 	-0.00251724 	-0.000107866
1.15708 	0.0193714 	-0.00251585 	-0.000107731
1.15858 	0.0194031 	-0.00251446 	-0.000107597
1.16008 	0.0194348 	-0.00251307 	-0.000107462
1.16158 	0.0194665 	-0.00251168 	-0.000107328
1.16308 	0.0194982 	-0.00251029 	-0.000107193
1.16458 	0.0195299 	-0.0025089 	-0.000107059
1.16608 	0.0195616 	-0.0025075 	-0.000106924
1.16758 	0.0195933 	-0.00250611 	-0.00010679
1.16908 	0.019625 	-0.00250472 	-0.000106655
1.17059 	0.0196567 	-0.00250333 	-0.000106521
1.17209 	0.0196884 	-0.00250194 	-0.000106386
1.17359 	0.0197201 	-0.00250055 	-0.000106252
1.17509 	0.0197518 	-0.00249915 	-0.000106117
1.17659 	0.0197835 	-0.00249776 	-0.000105983
1.17809 	0.0198152 	-0.00249637 	-0.000105848
1.17959 	0.0198469 	-0.00249498 	-0.000105713
1.18109 	0.0198786 	-0.00249359 	-0.000105579
1.18259 	0.0199103 	-0.0024922 	-0.000105444
1.18409 	0.019944 	-0.00249045 	-0.000105238
1.18559 	0.0199786 	-0.00248856 	-0.000105004
1.18709 	0.0200131 	-0.00248667 	-0.00010477
1.18859 	0.0200477 	-0.00248479 	-0.000104536
1.1901 	0.0200822 	-0.0024829 	-0.000104302
1.1916 	0.0201168 	-0.00248101 	-0.000104067
1.1931 	0.0201513 	-0.00247912 	-0.000103833
1.1946 	0.0201855 	-0.00247738 	-0.000103614
1.1961 	0.0202195 	-0.00247567 	-0.000103398
1.1976 	0.0202535 	-0.00247396 	-0.000103183
1.1991 	0.0202875 	-0.00247225 	-0.000102968
1.2006 	0.0203215 	-0.00247055 	-0.000102752
1.2021 	0.0203555 	-0.00246884 	-0.000102537
1.2036 	0.0203895 	-0.00246713 	-0.000102322
1.2051 	0.0204227 	-0.0024653 	-0.0001021
1.2066 	0.0204547 	-0.00246324 	-0.000101866
1.2081 	0.0204867 	-0.00246117 	-0.000101633
1.2096 	0.0205186 	-0.00245911 	-0.000101399
1.21111 	0.0205506 	-0.00245704 	-0.000101166
1.21261 	0.0205826 	-0.00245498 	-0.000100933
1.21411 	0.0206145 	-0.00245291 	-0.000100699
1.21561 	0.0206465 	-0.00245085 	-0.000100466
1.21711 	0.0206785 	-0.00244879 	-0.000100232
1.21861 	0.0207104 	-0.00244672 	-9.99987e-05
1.22011 	0.0207424 	-0.00244466 	-9.97653e-05
1.22161 	0.0207744 	-0.00244259 	-9.95318e-05
1.22311 	0.0208063 	-0.00244053 	-9.92983e-05
1.22461 	0.0208383 	-0.00243846 	-9.90649e-05
1.22611 	0.0208703 	-0.0024364 	-9.88314e-05
1.22761 	0.0209023 	-0.00243434 	-9.8598e-05
1.22911 	0.0209342 	-0.00243227 	-9.83645e-05
1.23062 	0.0209662 	-0.00243021 	-9.81311e-05
1.23212 	0.0209982 	-0.00242814 	-9.78976e-05
1.23362 	0.0210301 	-0.00242608 	-9.76641e-05
1.23512 	0.0210621 	-0.00242401 	-9.74307e-05
1.23662 	0.0210941 	-0.00242195 	-9.71972e-05
1.23812 	0.021126 	-0.00241989 	-9.69638e-05
1.23962 	0.021158 	-0.00241782 	-9.67303e-05
1.24112 	0.02119 	-0.00241576 	-9.64969e-05
1.24262 	0.0212219 	-0.00241369 	-9.62634e-05
1.24412 	0.0212539 	-0.00241163 	-9.60299e-05
1.24562 	0.0212859 	-0.00240956 	-9.57965e-05
1.24712 	0.0213178 	-0.0024075 	-9.5563e-05
1.24862 	0.0213493 	-0.00240533 	-9.53404e-05
1.25013 	0.0213795 	-0.00240287 	-9.5146e-05
1.25163 	0.0214097 	-0.00240042 	-9.49516e-05
1.25313 	0.0214399 	-0.00239796 	-9.47572e-05
1.25463 	0.0214701 	-0.0023955 	-9.45628e-05
1.25613 	0.0215003 	-0.00239305 	-9.43684e-05
1.25763 	0.0215305 	-0.00239059 	-9.4174e-05
1.25913 	0.0215608 	-0.00238814 	-9.39796e-05
1.26063 	0.0215909 	-0.00238571 	-9.37937e-05
1.26213 	0.0216207 	-0.00238344 	-9.36546e-05
1.26363 	0.0216505 	-0.00238117 	-9.35154e-05
1.26513 	0.0216803 	-0.0023789 	-9.33762e-05
1.26663 	0.0217102 	-0.00237663 	-9.3237e-05
1.26813 	0.02174 	-0.00237435 	-9.30978e-05
1.26963 	0.0217698 	-0.00237208 	-9.29586e-05
1.27114 	0.0217996 	-0.00236981 	-9.28194e-05
1.27264 	0.0218294 	-0.00236754 	-9.26802e-05
1.27414 	0.0218581 	-0.00236516 	-9.23901e-05
1.27564 	0.0218856 	-0.00236266 	-9.19514e-05
1.27714 	0.0219132 	-0.00236017 	-9.15127e-05
1.27864 	0.0219407 	-0.00235767 	-9.1074e-05
1.28014 	0.0219683 	-0.00235518 	-9.06353e-05
1.28164 	0.0219958 	-0.00235269 	-9.01965e-05
1.28314 	0.0220234 	-0.00235019 	-8.97578e-05
1.28464 	0.0220509 	-0.0023477 	-8.93191e-05
1.28614 	0.0220785 	-0.0023452 	-8.88804e-05
1.28764 	0.022106 	-0.00234271 	-8.84417e-05
1.28914 	0.0221336 	-0.00234021 	-8.8003e-05
1.29065 	0.0221611 	-0.00233772 	-8.75643e-05
1.29215 	0.0221887 	-0.00233523 	-8.71256e-05
1.29365 	0.0222162 	-0.00233273 	-8.66868e-05
1.29515 	0.0222438 	-0.00233024 	-8.62481e-05
1.29665 	0.0222713 	-0.00232774 	-8.58094e-05
1.29815 	0.0222989 	-0.00232525 	-8.53707e-05
1.29965 	0.0223264 	-0.00232275 	-8.4932e-05
1.30115 	0.022354 	-0.00232026 	-8.44933e-05
1.30265 	0.0223815 	-0.00231776 	-8.40546e-05
1.30415 	0.0224091 	-0.00231527 	-8.36159e-05
1.30565 	0.0224366 	-0.00231278 	-8.31771e-05
1.30715 	0.0224642 	-0.00231028 	-8.27384e-05
1.30865 	0.0224917 	-0.00230779 	-8.22997e-05
1.31016 	0.0225193 	-0.00230529 	-8.1861e-05
1.31166 	0.0225468 	-0.0023028 	-8.14223e-05
1.31316 	0.0225744 	-0.0023003 	-8.09836e-05
1.31466 	0.0226013 	-0.00229774 	-8.04567e-05
1.31616 	0.0226266 	-0.00229499 	-7.97014e-05
1.31766 	0.0226519 	-0.00229224 	-7.89461e-05
1.31916 	0.0226771 	-0.00228949 	-7.81908e-05
1.32066 	0.0227024 	-0.00228674 	-7.74355e-05
1.32216 	0.0227277 	-0.00228399 	-7.66802e-05
1.32366 	0.022753 	-0.00228124 	-7.59249e-05
1.32516 	0.0227783 	-0.00227849 	-7.51697e-05
1.32666 	0.0228035 	-0.00227574 	-7.44144e-05
1.32816 	0.0228288 	-0.00227299 	-7.36591e-05
1.32966 	0.0228539 	-0.0022704 	-7.30302e-05
1.33117 	0.0228789 	-0.00226782 	-7.24069e-05
1.33267 	0.022904 	-0.00226523 	-7.17836e-05
1.33417 	0.0229291 	-0.00226265 	-7.11603e-05
1.33567 	0.0229541 	-0.00226006 	-7.05369e-05
1.33717 	0.0229792 	-0.00225748 	-6.99136e-05
1.33867 	0.0230042 	-0.00225489 	-6.92903e-05
1.34017 	0.0230293 	-0.00225231 	-6.8667e-05
1.34167 	0.0230543 	-0.00224972 	-6.80437e-05
1.34317 	0.0230791 	-0.00224715 	-6.74183e-05
1.34467 	0.0231003 	-0.00224473 	-6.67624e-05
1.34617 	0.0231215 	-0.00224231 	-6.61065e-05
1.34767 	0.0231427 	-0.0022399 	-6.54507e-05
1.34917 	0.0231639 	-0.00223748 	-6.47948e-05
1.35068 	0.0231851 	-0.00223506 	-6.41389e-05
1.35218 	0.0232063 	-0.00223264 	-6.3483e-05
1.35368 	0.0232275 	-0.00223022 	-6.28271e-05
1.35518 	0.0232487 	-0.00222781 	-6.21712e-05
1.35668 	0.0232699 	-0.00222539 	-6.15153e-05
1.35818 	0.023291 	-0.00222297 	-6.08594e-05
1.35968 	0.0233122 	-0.00222055 	-6.02036e-05
1.36118 	0.0233334 	-0.00221813 	-5.95477e-05
1.36268 	0.0233546 	-0.00221571 	-5.88918e-05
1.36418 	0.0233758 	-0.0022133 	-5.82359e-05
1.36568 	0.023397 	-0.00221088 	-5.758e-05
1.36718 	0.0234182 	-0.00220846 	-5.69241e-05
1.36868 	0.0234394 	-0.00220604 	-5.62682e-05
1.37019 	0.0234606 	-0.00220362 	-5.56123e-05
1.37169 	0.0234817 	-0.00220121 	-5.49565e-05
1.37319 	0.0235029 	-0.00219879 	-5.43006e-05
1.37469 	0.0235241 	-0.00219637 	-5.36447e-05
1.37619 	0.0235453 	-0.00219395 	-5.29888e-05
1.37769 	0.0235665 	-0.00219153 	-5.23329e-05
1.37919 	0.0235877 	-0.00218912 	-5.1677e-05
1.38069 	0.0236089 	-0.0021867 	-5.10211e-05
1.38219 	0.0236249 	-0.00218463 	-5.03464e-05
1.38369 	0.0236402 	-0.00218261 	-4.96688e-05
1.38519 	0.0236555 	-0.00218059 	-4.89913e-05
1.38669 	0.0236708 	-0.00217857 	-4.83137e-05
1.38819 	0.0236861 	-0.00217655 	-4.76361e-05
1.38969 	0.0237013 	-0.00217453 	-4.69585e-05
1.3912 	0.0237166 	-0.00217251 	-4.62809e-05
1.3927 	0.0237319 	-0.00217049 	-4.56034e-05
1.3942 	0.0237472 	-0.00216847 	-4.49258e-05
1.3957 	0.0237624 	-0.00216646 	-4.42482e-05
1.3972 	0.0237764 	-0.00216467 	-4.36633e-05
1.3987 	0.0237877 	-0.00216331 	-4.32554e-05
1.4002 	0.023799 	-0.00216196 	-4.28476e-05
1.4017 	0.0238104 	-0.00216061 	-4.24397e-05
1.4032 	0.0238217 	-0.00215926 	-4.20319e-05
1.4047 	0.023833 	-0.00215791 	-4.1624e-05
1.4062 	0.0238444 	-0.00215656 	-4.12161e-05
1.4077 	0.0238557 	-0.00215521 	-4.08083e-05
1.4092 	0.023867 	-0.00215386 	-4.04004e-05
1.41071 	0.0238784 	-0.00215251 	-3.99926e-05
1.41221 	0.0238897 	-0.00215116 	-3.95847e-05
1.41371 	0.0239019 	-0.00214964 	-3.91261e-05
1.41521 	0.0239176 	-0.00214752 	-3.84742e-05
1.41671 	0.0239334 	-0.0021454 	-3.78222e-05
1.41821 	0.0239491 	-0.00214327 	-3.71703e-05
1.41971 	0.0239648 	-0.00214115 	-3.65184e-05
1.42121 	0.0239805 	-0.00213903 	-3.58664e-05
1.42271 	0.0239962 	-0.0021369 	-3.52145e-05
1.42421 	0.0240119 	-0.00213478 	-3.45626e-05
1.42571 	0.0240276 	-0.00213266 	-3.39106e-05
1.42721 	0.0240433 	-0.00213053 	-3.32587e-05
1.42871 	0.024059 	-0.00212841 	-3.26068e-05
1.43022 	0.0240748 	-0.00212628 	-3.19548e-05
1.43172 	0.0240905 	-0.00212416 	-3.13029e-05
1.43322 	0.0241062 	-0.00212204 	-3.0651e-05
1.43472 	0.0241219 	-0.00211991 	-2.9999e-05
1.43622 	0.0241376 	-0.00211779 	-2.93471e-05
1.43772 	0.0241533 	-0.00211567 	-2.86952e-05
1.43922 	0.024169 	-0.00211354 	-2.80432e-05
1.44072 	0.0241847 	-0.00211142 	-2.73913e-05
1.44222 	0.0242004 	-0.0021093 	-2.67394e-05
1.44372 	0.0242162 	-0.00210717 	-2.60874e-05
1.44522 	0.0242319 	-0.00210505 	-2.54355e-05
1.44672 	0.0242476 	-0.00210292 	-2.47836e-05
1.44822 	0.0242642 	-0.00210064 	-2.40777e-05
1.44972 	0.0242844 	-0.00209765 	-2.31453e-05
1.45123 	0.0243047 	-0.00209467 	-2.22129e-05
1.45273 	0.0243249 	-0.00209169 	-2.12806e-05
1.45423 	0.0243452 	-0.0020887 	-2.03482e-05
1.45573 	0.0243655 	-0.00208572 	-1.94159e-05
1.45723 	0.0243857 	-0.00208274 	-1.84835e-05
1.45873 	0.024406 	-0.00207975 	-1.75511e-05
1.46023 	0.0244262 	-0.00207677 	-1.66188e-05
1.46173 	0.0244465 	-0.00207379 	-1.56864e-05
1.46323 	0.0244668 	-0.0020708 	-1.47541e-05
1.46473 	0.024487 	-0.00206782 	-1.38217e-05
1.46623 	0.0245054 	-0.00206516 	-1.29754e-05
1.46773 	0.0245216 	-0.00206285 	-1.22237e-05
1.46923 	0.0245379 	-0.00206054 	-1.1472e-05
1.47074 	0.0245542 	-0.00205823 	-1.07203e-05
1.47224 	0.0245705 	-0.00205592 	-9.96857e-06
1.47374 	0.0245868 	-0.00205361 	-9.21687e-06
1.47524 	0.024603 	-0.00205131 	-8.46517e-06
1.47674 	0.0246193 	-0.002049 	-7.71347e-06
1.47824 	0.0246356 	-0.00204669 	-6.96177e-06
1.47974 	0.0246519 	-0.00204438 	-6.21007e-06
1.48124 	0.0246681 	-0.00204207 	-5.45837e-06
1.48274 	0.0246844 	-0.00203976 	-4.70667e-06
1.48424 	0.0247005 	-0.00203745 	-3.98041e-06
1.48574 	0.0247156 	-0.00203514 	-3.43978e-06
1.48724 	0.0247307 	-0.00203283 	-2.89915e-06
1.48874 	0.0247457 	-0.00203052 	-2.35852e-06
1.49025 	0.0247608 	-0.00202821 	-1.81789e-06
1.49175 	0.0247759 	-0.0020259 	-1.27727e-06
1.49325 	0.024791 	-0.00202359 	-7.36636e-07
1.49475 	0.024806 	-0.00202128 	-1.96006e-07
1.49625 	0.0248211 	-0.00201897 	3.44623e-07
1.49775 	0.0248362 	-0.00201666 	8.85253e-07
1.49925 	0.0248512 	-0.00201435 	1.42588e-06
1.50075 	0.0248663 	-0.00201204 	1.96651e-06
1.50225 	0.0248814 	-0.00200973 	2.50714e-06
1.50375 	0.0248964 	-0.00200742 	3.04777e-06
1.50525 	0.0249115 	-0.00200511 	3.5884e-06
1.50675 	0.0249266 	-0.0020028 	4.12903e-06
1.50825 	0.0249417 	-0.00200049 	4.66966e-06
1.50975 	0.0249567 	-0.00199818 	5.21029e-06
1.51126 	0.0249718 	-0.00199586 	5.75092e-06
1.51276 	0.0249869 	-0.00199355 	6.29155e-06
1.51426 	0.0250019 	-0.00199124 	6.83218e-06
1.51576 	0.0250172 	-0.00198881 	7.31331e-06
1.51726 	0.0250326 	-0.00198619 	7.7073e-06
1.51876 	0.0250481 	-0.00198357 	8.10129e-06
1.52026 	0.0250636 	-0.00198095 	8.49529e-06
1.52176 	0.0250791 	-0.00197833 	8.88928e-06
1.52326 	0.0250946 	-0.00197571 	9.28327e-06
1.52476 	0.02511 	-0.00197309 	9.67727e-06
1.52626 	0.0251255 	-0.00197047 	1.00713e-05
1.52776 	0.025141 	-0.00196785 	1.04653e-05
1.52926 	0.0251565 	-0.00196523 	1.08592e-05
1.53077 	0.025172 	-0.00196261 	1.12532e-05
1.53227 	0.0251874 	-0.00195999 	1.16472e-05
1.53377 	0.0252029 	-0.00195737 	1.20412e-05
1.53527 	0.0252184 	-0.00195482 	1.24457e-05
1.53677 	0.0252338 	-0.00195235 	1.28598e-05
1.53827 	0.0252492 	-0.00194987 	1.32739e-05
1.53977 	0.0252647 	-0.00194739 	1.3688e-05
1.54127 	0.0252801 	-0.00194491 	1.41021e-05
1.54277 	0.0252955 	-0.00194243 	1.45162e-05
1.54427 	0.025311 	-0.00193995 	1.49302e-05
1.54577 	0.0253264 	-0.00193747 	1.53443e-05
1.54727 	0.0253418 	-0.00193499 	1.57584e-05
1.54877 	0.0253573 	-0.00193251 	1.61725e-05
1.55028 	0.0253727 	-0.00193003 	1.65866e-05
1.55178 	0.0253881 	-0.00192756 	1.70007e-05
1.55328 	0.0254035 	-0.00192508 	1.74148e-05
1.55478 	0.025419 	-0.0019226 	1.78288e-05
1.55628 	0.0254334 	-0.00192011 	1.81483e-05
1.55778 	0.0254478 	-0.00191762 	1.84665e-05
1.55928 	0.0254621 	-0.00191514 	1.87848e-05
1.56078 	0.0254765 	-0.00191265 	1.9103e-05
1.56228 	0.0254909 	-0.00191016 	1.94213e-05
1.56378 	0.0255053 	-0.00190768 	1.97396e-05
1.56528 	0.0255197 	-0.00190519 	2.00578e-05
1.56678 	0.0255341 	-0.0019027 	2.03761e-05
1.56828 	0.0255485 	-0.00190022 	2.06944e-05
1.56978 	0.0255629 	-0.00189773 	2.10126e-05
1.57129 	0.0255772 	-0.00189524 	2.13309e-05
1.57279 	0.0255916 	-0.00189276 	2.16491e-05
1.57429 	0.025606 	-0.00189027 	2.19674e-05
1.57579 	0.0256204 	-0.00188779 	2.22857e-05
1.57729 	0.0256348 	-0.0018853 	2.26039e-05
1.57879 	0.0256492 	-0.00188281 	2.29222e-05
1.58029 	0.0256636 	-0.00188033 	2.32405e-05
1.58179 	0.025678 	-0.00187784 	2.35587e-05
1.58329 	0.0256915 	-0.00187533 	2.3813e-05
1.58479 	0.0257045 	-0.0018728 	2.40344e-05
1.58629 	0.0257176 	-0.00187028 	2.42557e-05
1.58779 	0.0257306 	-0.00186775 	2.44771e-05
1.58929 	0.0257437 	-0.00186523 	2.46984e-05
1.5908 	0.0257567 	-0.0018627 	2.49198e-05
1.5923 	0.0257697 	-0.00186018 	2.51412e-05
1.5938 	0.0257828 	-0.00185765 	2.53625e-05
1.5953 	0.0257958 	-0.00185513 	2.55839e-05
1.5968 	0.0258089 	-0.0018526 	2.58052e-05
1.5983 	0.0258219 	-0.00185008 	2.60266e-05
1.5998 	0.025835 	-0.00184756 	2.62479e-05
1.6013 	0.025848 	-0.00184503 	2.64693e-05
1.6028 	0.0258611 	-0.00184251 	2.66907e-05
1.6043 	0.0258741 	-0.00184007 	2.69035e-05
1.6058 	0.0258872 	-0.00183768 	2.7112e-05
1.6073 	0.0259002 	-0.00183528 	2.73205e-05
1.6088 	0.0259132 	-0.00183289 	2.7529e-05
1.61031 	0.0259263 	-0.0018305 	2.77374e-05
1.61181 	0.0259393 	-0.00182811 	2.79459e-05
1.61331 	0.0259523 	-0.00182571 	2.81544e-05
1.61481 	0.0259654 	-0.00182332 	2.83629e-05
1.61631 	0.0259784 	-0.00182093 	2.85713e-05
1.61781 	0.0259914 	-0.00181854 	2.87798e-05
1.61931 	0.0260045 	-0.00181615 	2.89883e-05
1.62081 	0.0260175 	-0.00181375 	2.91967e-05
1.62231 	0.0260306 	-0.00181136 	2.94052e-05
1.62381 	0.0260436 	-0.00180897 	2.96137e-05
1.62531 	0.0260566 	-0.00180658 	2.98222e-05
1.62681 	0.0260688 	-0.00180419 	3.01292e-05
1.62831 	0.026081 	-0.00180181 	3.04364e-05
1.62981 	0.0260931 	-0.00179942 	3.07437e-05
1.63132 	0.0261053 	-0.00179704 	3.1051e-05
1.63282 	0.0261174 	-0.00179465 	3.13583e-05
1.63432 	0.0261296 	-0.00179227 	3.16655e-05
1.63582 	0.0261418 	-0.00178988 	3.19728e-05
1.63732 	0.0261539 	-0.0017875 	3.22801e-05
1.63882 	0.0261661 	-0.00178511 	3.25874e-05
1.64032 	0.0261783 	-0.00178273 	3.28946e-05
1.64182 	0.0261904 	-0.00178034 	3.32019e-05
1.64332 	0.0262026 	-0.00177796 	3.35092e-05
1.64482 	0.0262148 	-0.00177558 	3.38165e-05
1.64632 	0.0262269 	-0.00177319 	3.41237e-05
1.64782 	0.0262391 	-0.00177081 	3.4431e-05
1.64932 	0.0262511 	-0.00176842 	3.47518e-05
1.65083 	0.0262621 	-0.00176605 	3.51845e-05
1.65233 	0.026273 	-0.00176367 	3.56173e-05
1.65383 	0.026284 	-0.00176129 	3.605e-05
1.65533 	0.0262949 	-0.00175892 	3.64828e-05
1.65683 	0.0263059 	-0.00175654 	3.69155e-05
1.65833 	0.0263169 	-0.00175417 	3.73483e-05
1.65983 	0.0263278 	-0.00175179 	3.7781e-05
1.66133 	0.0263388 	-0.00174941 	3.82138e-05
1.66283 	0.0263497 	-0.00174704 	3.86465e-05
1.66433 	0.0263607 	-0.00174466 	3.90793e-05
1.66583 	0.0263717 	-0.00174229 	3.9512e-05
1.66733 	0.0263826 	-0.00173991 	3.99448e-05
1.66883 	0.0263936 	-0.00173753 	4.03775e-05
1.67034 	0.0264045 	-0.00173516 	4.08103e-05
1.67184 	0.0264155 	-0.00173279 	4.12429e-05
1.67334 	0.0264265 	-0.00173052 	4.16737e-05
1.67484 	0.0264375 	-0.00172824 	4.21044e-05
1.67634 	0.0264486 	-0.00172597 	4.25352e-05
1.67784 	0.0264596 	-0.0017237 	4.2966e-05
1.67934 	0.0264706 	-0.00172143 	4.33967e-05
1.68084 	0.0264816 	-0.00171916 	4.38275e-05
1.68234 	0.0264927 	-0.00171689 	4.42582e-05
1.68384 	0.0265037 	-0.00171462 	4.4689e-05
1.68534 	0.0265147 	-0.00171234 	4.51197e-05
1.68684 	0.0265257 	-0.00171007 	4.55505e-05
1.68834 	0.0265368 	-0.0017078 	4.59813e-05
1.68984 	0.0265478 	-0.00170553 	4.6412e-05
1.69135 	0.0265588 	-0.00170326 	4.68428e-05
1.69285 	0.0265698 	-0.00170099 	4.72735e-05
1.69435 	0.0265809 	-0.00169872 	4.77043e-05
1.69585 	0.0265912 	-0.00169657 	4.80845e-05
1.69735 	0.0266001 	-0.00169469 	4.83639e-05
1.69885 	0.026609 	-0.0016928 	4.86432e-05
1.70035 	0.0266179 	-0.00169092 	4.89226e-05
1.70185 	0.0266268 	-0.00168904 	4.9202e-05
1.70335 	0.0266357 	-0.00168715 	4.94813e-05
1.70485 	0.0266446 	-0.00168527 	4.97607e-05
1.70635 	0.0266535 	-0.00168338 	5.00401e-05
1.70785 	0.0266624 	-0.0016815 	5.03194e-05
1.70935 	0.0266713 	-0.00167961 	5.05988e-05
1.71086 	0.0266801 	-0.00167773 	5.08782e-05
1.71236 	0.026689 	-0.00167585 	5.11575e-05
1.71386 	0.0266979 	-0.00167396 	5.14369e-05
1.71536 	0.0267068 	-0.00167208 	5.17163e-05
1.71686 	0.0267136 	-0.00167055 	5.18748e-05
1.71836 	0.0267201 	-0.00166907 	5.20196e-05
1.71986 	0.0267266 	-0.00166759 	5.21643e-05
1.72136 	0.0267331 	-0.0016661 	5.23091e-05
1.72286 	0.0267396 	-0.00166462 	5.24538e-05
1.72436 	0.0267461 	-0.00166313 	5.25986e-05
1.72586 	0.0267526 	-0.00166165 	5.27433e-05
1.72736 	0.0267591 	-0.00166017 	5.28881e-05
1.72886 	0.0267656 	-0.00165868 	5.30328e-05
1.73037 	0.0267721 	-0.0016572 	5.31776e-05
1.73187 	0.0267786 	-0.00165571 	5.33223e-05
1.73337 	0.0267852 	-0.00165423 	5.34671e-05
1.73487 	0.0267917 	-0.00165275 	5.36118e-05
1.73637 	0.0267982 	-0.00165126 	5.37566e-05
1.73787 	0.0268047 	-0.00164978 	5.39013e-05
1.73937 	0.0268112 	-0.0016483 	5.40461e-05
1.74087 	0.0268178 	-0.00164688 	5.42045e-05
1.74237 	0.0268244 	-0.00164547 	5.43653e-05
1.74387 	0.0268311 	-0.00164407 	5.45262e-05
1.74537 	0.0268377 	-0.00164267 	5.4687e-05
1.74687 	0.0268444 	-0.00164126 	5.48479e-05
1.74837 	0.026851 	-0.00163986 	5.50087e-05
1.74987 	0.0268577 	-0.00163845 	5.51696e-05
1.75138 	0.0268643 	-0.00163705 	5.53305e-05
1.75288 	0.026871 	-0.00163564 	5.54913e-05
1.75438 	0.0268776 	-0.00163424 	5.56522e-05
1.75588 	0.0268843 	-0.00163283 	5.5813e-05
1.75738 	0.0268909 	-0.00163143 	5.59739e-05
1.75888 	0.0268975 	-0.00163003 	5.61348e-05
1.76038 	0.0269042 	-0.00162862 	5.62956e-05
1.76188 	0.0269108 	-0.00162722 	5.64565e-05
1.76338 	0.0269175 	-0.00162581 	5.66173e-05
1.76488 	0.0269243 	-0.00162435 	5.67759e-05
1.76638 	0.0269321 	-0.00162261 	5.69241e-05
1.76788 	0.0269399 	-0.00162087 	5.70723e-05
1.76938 	0.0269478 	-0.00161913 	5.72204e-05
1.77089 	0.0269556 	-0.00161739 	5.73686e-05
1.77239 	0.0269634 	-0.00161565 	5.75168e-05
1.77389 	0.0269712 	-0.00161391 	5.7665e-05
1.77539 	0.026979 	-0.00161217 	5.78131e-05
1.77689 	0.0269868 	-0.00161043 	5.79613e-05
1.77839 	0.0269946 	-0.00160869 	5.81095e-05
1.77989 	0.0270024 	-0.00160695 	5.82576e-05
1.78139 	0.0270104 	-0.00160515 	5.84049e-05
1.78289 	0.0270194 	-0.00160307 	5.8548e-05
1.78439 	0.0270283 	-0.00160098 	5.86912e-05
1.78589 	0.0270372 	-0.0015989 	5.88343e-05
1.78739 	0.0270462 	-0.00159682 	5.89774e-05
1.78889 	0.0270551 	-0.00159473 	5.91205e-05
1.7904 	0.027064 	-0.00159265 	5.92636e-05
1.7919 	0.027073 	-0.00159056 	5.94068e-05
1.7934 	0.0270819 	-0.00158848 	5.95499e-05
1.7949 	0.0270908 	-0.00158639 	5.9693e-05
1.7964 	0.0270998 	-0.00158431 	5.98361e-05
1.7979 	0.0271087 	-0.00158223 	5.99792e-05
1.7994 	0.0271176 	-0.00158014 	6.01223e-05
1.8009 	0.0271266 	-0.00157806 	6.02655e-05
1.8024 	0.0271355 	-0.00157597 	6.04086e-05
1.8039 	0.0271444 	-0.00157389 	6.05517e-05
1.8054 	0.0271534 	-0.0015718 	6.06948e-05
1.8069 	0.0271624 	-0.00156974 	6.08397e-05
1.8084 	0.0271715 	-0.00156772 	6.09906e-05
1.8099 	0.0271806 	-0.0015657 	6.11414e-05
1.81141 	0.0271898 	-0.00156369 	6.12923e-05
1.81291 	0.0271989 	-0.00156167 	6.14431e-05
1.81441 	0.027208 	-0.00155966 	6.1594e-05
1.81591 	0.0272171 	-0.00155764 	6.17449e-05
1.81741 	0.0272263 	-0.00155562 	6.18957e-05
1.81891 	0.0272354 	-0.00155361 	6.20466e-05
1.82041 	0.0272445 	-0.00155159 	6.21974e-05
1.82191 	0.0272537 	-0.00154957 	6.23483e-05
1.82341 	0.0272628 	-0.00154756 	6.24992e-05
1.82491 	0.0272719 	-0.00154554 	6.265e-05
1.82641 	0.0272811 	-0.00154353 	6.28009e-05
1.82791 	0.0272902 	-0.00154151 	6.29517e-05
1.82941 	0.0272993 	-0.00153949 	6.31026e-05
1.83092 	0.0273084 	-0.00153748 	6.32535e-05
1.83242 	0.0273176 	-0.00153546 	6.34043e-05
1.83392 	0.0273265 	-0.00153344 	6.35242e-05
1.83542 	0.0273352 	-0.00153141 	6.36309e-05
1.83692 	0.027344 	-0.00152937 	6.37376e-05
1.83842 	0.0273528 	-0.00152734 	6.38442e-05
1.83992 	0.0273616 	-0.00152531 	6.39509e-05
1.84142 	0.0273703 	-0.00152328 	6.40575e-05
1.84292 	0.0273791 	-0.00152125 	6.41642e-05
1.84442 	0.0273879 	-0.00151922 	6.42708e-05
1.84592 	0.0273966 	-0.00151719 	6.43743e-05
1.84742 	0.0274049 	-0.00151517 	6.44416e-05
1.84892 	0.0274131 	-0.00151314 	6.45089e-05
1.85043 	0.0274214 	-0.00151112 	6.45762e-05
1.85193 	0.0274296 	-0.0015091 	6.46436e-05
1.85343 	0.0274379 	-0.00150708 	6.47109e-05
1.85493 	0.0274461 	-0.00150505 	6.47782e-05
1.85643 	0.0274544 	-0.00150303 	6.48455e-05
1.85793 	0.0274626 	-0.00150101 	6.49128e-05
1.85943 	0.0274709 	-0.00149898 	6.49801e-05
1.86093 	0.0274791 	-0.00149696 	6.50474e-05
1.86243 	0.0274874 	-0.00149494 	6.51147e-05
1.86393 	0.0274956 	-0.00149291 	6.5182e-05
1.86543 	0.0275039 	-0.00149089 	6.52493e-05
1.86693 	0.0275121 	-0.00148887 	6.53166e-05
1.86843 	0.0275204 	-0.00148684 	6.53839e-05
1.86993 	0.0275286 	-0.00148482 	6.54512e-05
1.87144 	0.0275369 	-0.0014828 	6.55185e-05
1.87294 	0.0275452 	-0.0014808 	6.55835e-05
1.87444 	0.0275535 	-0.00147887 	6.5644e-05
1.87594 	0.0275619 	-0.00147693 	6.57046e-05
1.87744 	0.0275702 	-0.00147499 	6.57651e-05
1.87894 	0.0275786 	-0.00147306 	6.58256e-05
1.88044 	0.027587 	-0.00147112 	6.58862e-05
1.88194 	0.0275953 	-0.00146918 	6.59467e-05
1.88344 	0.0276037 	-0.00146725 	6.60072e-05
1.88494 	0.027612 	-0.00146531 	6.60678e-05
1.88644 	0.0276204 	-0.00146337 	6.61283e-05
1.88794 	0.0276288 	-0.00146144 	6.61888e-05
1.88944 	0.0276371 	-0.0014595 	6.62494e-05
1.89095 	0.0276455 	-0.00145757 	6.63099e-05
1.89245 	0.0276538 	-0.00145563 	6.63704e-05
1.89395 	0.0276622 	-0.00145369 	6.6431e-05
1.89545 	0.0276706 	-0.00145176 	6.64915e-05
1.89695 	0.0276789 	-0.00144982 	6.6552e-05
1.89845 	0.0276873 	-0.00144788 	6.66126e-05
1.89995 	0.0276956 	-0.00144595 	6.66694e-05
1.90145 	0.0277038 	-0.00144399 	6.6672e-05
1.90295 	0.0277119 	-0.00144203 	6.66746e-05
1.90445 	0.0277201 	-0.00144007 	6.66772e-05
1.90595 	0.0277282 	-0.00143811 	6.66797e-05
1.90745 	0.0277363 	-0.00143615 	6.66823e-05
1.90895 	0.0277445 	-0.00143419 	6.66849e-05
1.91046 	0.0277524 	-0.00143222 	6.66313e-05
1.91196 	0.0277602 	-0.00143025 	6.65582e-05
1.91346 	0.027768 	-0.00142828 	6.64851e-05
1.91496 	0.0277758 	-0.0014263 	6.6412e-05
1.91646 	0.0277837 	-0.00142433 	6.63388e-05
1.91796 	0.0277915 	-0.00142236 	6.62657e-05
1.91946 	0.0277993 	-0.00142038 	6.61926e-05
1.92096 	0.0278071 	-0.00141841 	6.61195e-05
1.92246 	0.027815 	-0.00141644 	6.60464e-05
1.92396 	0.0278228 	-0.00141447 	6.59733e-05
1.92546 	0.0278306 	-0.00141249 	6.59001e-05
1.92696 	0.0278384 	-0.00141052 	6.5827e-05
1.92846 	0.0278463 	-0.00140855 	6.57539e-05
1.92996 	0.0278541 	-0.00140658 	6.56808e-05
1.93147 	0.0278619 	-0.0014046 	6.56077e-05
1.93297 	0.0278697 	-0.00140263 	6.55346e-05
1.93447 	0.0278776 	-0.00140066 	6.54615e-05
1.93597 	0.0278854 	-0.00139868 	6.53883e-05
1.93747 	0.0278932 	-0.00139674 	6.53127e-05
1.93897 	0.0279012 	-0.00139485 	6.52316e-05
1.94047 	0.0279091 	-0.00139296 	6.51505e-05
1.94197 	0.027917 	-0.00139107 	6.50694e-05
1.94347 	0.0279249 	-0.00138919 	6.49883e-05
1.94497 	0.0279329 	-0.0013873 	6.49071e-05
1.94647 	0.0279408 	-0.00138541 	6.4826e-05
1.94797 	0.0279487 	-0.00138352 	6.47449e-05
1.94947 	0.0279566 	-0.00138163 	6.46638e-05
1.95098 	0.0279646 	-0.00137974 	6.45827e-05
1.95248 	0.0279725 	-0.00137786 	6.45015e-05
1.95398 	0.0279804 	-0.00137597 	6.44204e-05
1.95548 	0.0279883 	-0.00137408 	6.43393e-05
1.95698 	0.0279963 	-0.00137219 	6.42582e-05
1.95848 	0.0280042 	-0.0013703 	6.41771e-05
1.95998 	0.0280121 	-0.00136842 	6.40959e-05
1.96148 	0.02802 	-0.00136653 	6.40148e-05
1.96298 	0.028028 	-0.00136464 	6.39337e-05
1.96448 	0.0280359 	-0.00136275 	6.38526e-05
1.96598 	0.0280435 	-0.00136091 	6.37855e-05
1.96748 	0.0280507 	-0.00135913 	6.37382e-05
1.96898 	0.0280578 	-0.00135735 	6.36909e-05
1.97049 	0.028065 	-0.00135557 	6.36436e-05
1.97199 	0.0280718 	-0.00135387 	6.35993e-05
1.97349 	0.0280775 	-0.00135236 	6.35628e-05
1.97499 	0.0280833 	-0.00135085 	6.35263e-05
1.97649 	0.028089 	-0.00134934 	6.34897e-05
1.97799 	0.0280948 	-0.00134783 	6.34532e-05
1.97949 	0.0281006 	-0.00134632 	6.34167e-05
1.98099 	0.0281063 	-0.00134481 	6.33802e-05
1.98249 	0.0281121 	-0.0013433 	6.33436e-05
1.98399 	0.0281178 	-0.00134179 	6.33071e-05
1.98549 	0.0281236 	-0.00134028 	6.32706e-05
1.98699 	0.0281293 	-0.00133877 	6.3234e-05
1.98849 	0.0281351 	-0.00133726 	6.31975e-05
1.98999 	0.0281408 	-0.00133575 	6.3161e-05
1.9915 	0.0281466 	-0.00133424 	6.31244e-05
1.993 	0.0281524 	-0.00133273 	6.30879e-05
1.9945 	0.0281581 	-0.00133122 	6.30514e-05
1.996 	0.0281639 	-0.00132971 	6.30149e-05
1.9975 	0.0281696 	-0.0013282 	6.29783e-05
1.999 	0.0281754 	-0.00132669 	6.29418e-05
2.0005 	0.0281808 	-0.00132528 	6.29058e-05
2.002 	0.0281856 	-0.00132415 	6.2871e-05
2.0035 	0.0281903 	-0.00132301 	6.28363e-05
2.005 	0.028195 	-0.00132187 	6.28015e-05
2.0065 	0.0281997 	-0.00132074 	6.27668e-05
2.008 	0.0282044 	-0.0013196 	6.27321e-05
2.0095 	0.0282092 	-0.00131847 	6.26973e-05
2.01101 	0.0282139 	-0.00131733 	6.26626e-05
2.01251 	0.0282186 	-0.00131619 	6.26278e-05
2.01401 	0.0282233 	-0.00131506 	6.25931e-05
2.01551 	0.028228 	-0.00131392 	6.25583e-05
2.01701 	0.0282327 	-0.00131279 	6.25236e-05
2.01851 	0.0282375 	-0.00131165 	6.24889e-05
2.02001 	0.0282422 	-0.00131051 	6.24541e-05
2.02151 	0.0282469 	-0.00130938 	6.24194e-05
2.02301 	0.0282516 	-0.00130824 	6.23846e-05
2.02451 	0.0282563 	-0.00130711 	6.23499e-05
2.02601 	0.028261 	-0.00130597 	6.23151e-05
2.02751 	0.0282658 	-0.00130483 	6.22804e-05
2.02901 	0.0282705 	-0.0013037 	6.22457e-05
2.03052 	0.0282765 	-0.00130216 	6.22171e-05
2.03202 	0.0282827 	-0.00130057 	6.21893e-05
2.03352 	0.0282901 	-0.00129859 	6.21674e-05
2.03502 	0.0282978 	-0.00129653 	6.21469e-05
2.03652 	0.0283055 	-0.00129446 	6.21264e-05
2.03802 	0.0283133 	-0.00129239 	6.21059e-05
2.03952 	0.028321 	-0.00129032 	6.20853e-05
2.04102 	0.0283287 	-0.00128826 	6.20648e-05
2.04252 	0.0283364 	-0.00128619 	6.20443e-05
2.04402 	0.0283441 	-0.00128412 	6.20238e-05
2.04552 	0.0283518 	-0.00128206 	6.20033e-05
2.04702 	0.0283595 	-0.00127999 	6.19828e-05
2.04852 	0.0283673 	-0.00127792 	6.19622e-05
2.05003 	0.028375 	-0.00127585 	6.19417e-05
2.05153 	0.0283827 	-0.00127379 	6.19212e-05
2.05303 	0.0283904 	-0.00127172 	6.19007e-05
2.05453 	0.0283981 	-0.00126965 	6.18802e-05
2.05603 	0.0284058 	-0.00126759 	6.18597e-05
2.05753 	0.0284135 	-0.00126552 	6.18392e-05
2.05903 	0.0284212 	-0.00126345 	6.18186e-05
2.06053 	0.028429 	-0.00126138 	6.17981e-05
2.06203 	0.0284363 	-0.00125945 	6.17783e-05
2.06353 	0.028443 	-0.00125775 	6.17598e-05
2.06503 	0.0284497 	-0.00125604 	6.17412e-05
2.06653 	0.0284563 	-0.00125434 	6.17227e-05
2.06803 	0.028463 	-0.00125264 	6.17042e-05
2.06953 	0.0284697 	-0.00125093 	6.16856e-05
2.07104 	0.0284764 	-0.00124923 	6.16671e-05
2.07254 	0.0284831 	-0.00124753 	6.16485e-05
2.07404 	0.0284898 	-0.00124583 	6.163e-05
2.07554 	0.0284965 	-0.00124412 	6.16115e-05
2.07704 	0.0285031 	-0.00124242 	6.15929e-05
2.07854 	0.0285098 	-0.00124072 	6.15744e-05
2.08004 	0.0285165 	-0.00123901 	6.15558e-05
2.08154 	0.0285232 	-0.00123731 	6.15373e-05
2.08304 	0.0285299 	-0.00123561 	6.15187e-05
2.08454 	0.0285366 	-0.00123391 	6.15002e-05
2.08604 	0.0285432 	-0.0012322 	6.14817e-05
2.08754 	0.0285499 	-0.0012305 	6.14631e-05
2.08904 	0.0285566 	-0.0012288 	6.14446e-05
2.09055 	0.0285633 	-0.00122709 	6.1426e-05
2.09205 	0.02857 	-0.00122528 	6.1386e-05
2.09355 	0.0285768 	-0.00122332 	6.13291e-05
2.09505 	0.0285835 	-0.00122136 	6.12723e-05
2.09655 	0.0285903 	-0.00121941 	6.12154e-05
2.09805 	0.0285971 	-0.00121745 	6.11586e-05
2.09955 	0.0286039 	-0.0012155 	6.11017e-05
2.10105 	0.0286107 	-0.00121354 	6.10449e-05
2.10255 	0.0286175 	-0.00121159 	6.0988e-05
2.10405 	0.0286243 	-0.00120963 	6.09312e-05
2.10555 	0.028631 	-0.00120768 	6.08743e-05
2.10705 	0.0286378 	-0.00120572 	6.08175e-05
2.10855 	0.0286446 	-0.00120377 	6.07606e-05
2.11006 	0.0286514 	-0.00120181 	6.07037e-05
2.11156 	0.0286582 	-0.00119986 	6.06469e-05
2.11306 	0.028665 	-0.0011979 	6.059e-05
2.11456 	0.0286717 	-0.00119595 	6.05332e-05
2.11606 	0.0286785 	-0.00119399 	6.04763e-05
2.11756 	0.0286853 	-0.00119203 	6.04195e-05
2.11906 	0.0286921 	-0.00119008 	6.03626e-05
2.12056 	0.0286989 	-0.00118812 	6.03058e-05
2.12206 	0.0287058 	-0.0011862 	6.02439e-05
2.12356 	0.0287127 	-0.00118429 	6.01793e-05
2.12506 	0.0287197 	-0.00118238 	6.01148e-05
2.12656 	0.0287266 	-0.00118047 	6.00503e-05
2.12806 	0.0287335 	-0.00117856 	5.99858e-05
2.12956 	0.0287405 	-0.00117666 	5.99212e-05
2.13107 	0.0287474 	-0.00117475 	5.98567e-05
2.13257 	0.0287544 	-0.00117284 	5.97922e-05
2.13407 	0.0287613 	-0.00117093 	5.97277e-05
2.13557 	0.0287682 	-0.00116902 	5.96631e-05
2.13707 	0.0287752 	-0.00116711 	5.95986e-05
2.13857 	0.0287821 	-0.0011652 	5.95341e-05
2.14007 	0.0287891 	-0.0011633 	5.94696e-05
2.14157 	0.028796 	-0.00116139 	5.9405e-05
2.14307 	0.0288029 	-0.00115948 	5.93405e-05
2.14457 	0.0288099 	-0.00115757 	5.9276e-05
2.14607 	0.0288168 	-0.00115566 	5.92115e-05
2.14757 	0.0288238 	-0.00115375 	5.91469e-05
2.14907 	0.0288306 	-0.00115184 	5.90939e-05
2.15058 	0.028837 	-0.00114993 	5.908e-05
2.15208 	0.0288432 	-0.00114801 	5.90931e-05
2.15358 	0.0288492 	-0.00114609 	5.91202e-05
2.15508 	0.0288552 	-0.00114417 	5.91473e-05
2.15658 	0.0288612 	-0.00114224 	5.91743e-05
2.15808 	0.0288672 	-0.00114032 	5.92014e-05
2.15958 	0.0288732 	-0.0011384 	5.92285e-05
2.16108 	0.0288792 	-0.00113648 	5.92556e-05
2.16258 	0.0288852 	-0.00113456 	5.92827e-05
2.16408 	0.0288912 	-0.00113263 	5.93097e-05
2.16558 	0.0288972 	-0.00113071 	5.93368e-05
2.16708 	0.0289032 	-0.00112879 	5.93639e-05
2.16858 	0.0289092 	-0.00112687 	5.9391e-05
2.17009 	0.0289152 	-0.00112494 	5.9418e-05
2.17159 	0.0289212 	-0.00112302 	5.94451e-05
2.17309 	0.0289272 	-0.0011211 	5.94722e-05
2.17459 	0.0289332 	-0.00111918 	5.94993e-05
2.17609 	0.0289392 	-0.00111726 	5.95263e-05
2.17759 	0.0289452 	-0.00111533 	5.95534e-05
2.17909 	0.0289513 	-0.00111342 	5.95795e-05
2.18059 	0.0289575 	-0.00111153 	5.96027e-05
2.18209 	0.0289637 	-0.00110964 	5.96259e-05
2.18359 	0.0289699 	-0.00110774 	5.96491e-05
2.18509 	0.0289761 	-0.00110585 	5.96723e-05
2.18659 	0.0289823 	-0.00110396 	5.96955e-05
2.18809 	0.0289885 	-0.00110207 	5.97187e-05
2.18959 	0.0289947 	-0.00110018 	5.97419e-05
2.1911 	0.0290009 	-0.00109828 	5.97651e-05
2.1926 	0.029007 	-0.00109639 	5.97883e-05
2.1941 	0.0290132 	-0.0010945 	5.98115e-05
2.1956 	0.0290194 	-0.00109261 	5.98347e-05
2.1971 	0.0290256 	-0.00109072 	5.98579e-05
2.1986 	0.0290318 	-0.00108882 	5.98811e-05
2.2001 	0.029038 	-0.00108693 	5.99043e-05
2.2016 	0.0290442 	-0.00108504 	5.99275e-05
2.2031 	0.0290504 	-0.00108315 	5.99507e-05
2.2046 	0.0290562 	-0.00108134 	5.99814e-05
2.2061 	0.0290611 	-0.00107974 	6.00318e-05
2.2076 	0.029066 	-0.00107815 	6.00823e-05
2.2091 	0.0290708 	-0.00107659 	6.01369e-05
2.21061 	0.0290745 	-0.00107526 	6.02167e-05
2.21211 	0.0290782 	-0.00107393 	6.02965e-05
2.21361 	0.0290819 	-0.0010726 	6.03763e-05
2.21511 	0.0290856 	-0.00107127 	6.0456e-05
2.21661 	0.0290893 	-0.00106994 	6.05358e-05
2.21811 	0.029093 	-0.00106861 	6.06156e-05
2.21961 	0.0290967 	-0.00106728 	6.06954e-05
2.22111 	0.0291004 	-0.00106596 	6.07752e-05
2.22261 	0.0291041 	-0.00106463 	6.0855e-05
2.22411 	0.0291078 	-0.0010633 	6.09348e-05
2.22561 	0.0291115 	-0.00106197 	6.10146e-05
2.22711 	0.0291152 	-0.00106064 	6.10944e-05
2.22861 	0.0291189 	-0.00105931 	6.11742e-05
2.23012 	0.0291226 	-0.00105798 	6.1254e-05
2.23162 	0.0291263 	-0.00105665 	6.13337e-05
2.23312 	0.02913 	-0.00105532 	6.14135e-05
2.23462 	0.0291337 	-0.001054 	6.14941e-05
2.23612 	0.0291376 	-0.0010527 	6.15776e-05
2.23762 	0.0291415 	-0.0010514 	6.16611e-05
2.23912 	0.0291454 	-0.0010501 	6.17446e-05
2.24062 	0.0291493 	-0.0010488 	6.1828e-05
2.24212 	0.0291532 	-0.0010475 	6.19115e-05
2.24362 	0.0291571 	-0.0010462 	6.1995e-05
2.24512 	0.029161 	-0.0010449 	6.20785e-05
2.24662 	0.0291649 	-0.0010436 	6.21619e-05
2.24812 	0.0291688 	-0.0010423 	6.22454e-05
2.24962 	0.0291727 	-0.001041 	6.23289e-05
2.25113 	0.0291766 	-0.0010397 	6.24124e-05
2.25263 	0.0291804 	-0.0010384 	6.24958e-05
2.25413 	0.0291843 	-0.0010371 	6.25793e-05
2.25563 	0.0291882 	-0.0010358 	6.26628e-05
2.25713 	0.0291921 	-0.0010345 	6.27463e-05
2.25863 	0.0291962 	-0.00103301 	6.28771e-05
2.26013 	0.0292005 	-0.00103142 	6.30353e-05
2.26163 	0.0292047 	-0.00102983 	6.31936e-05
2.26313 	0.029209 	-0.00102824 	6.33518e-05
2.26463 	0.0292133 	-0.00102661 	6.35178e-05
2.26613 	0.0292179 	-0.00102473 	6.37421e-05
2.26763 	0.0292225 	-0.00102286 	6.39663e-05
2.26913 	0.0292271 	-0.00102098 	6.41905e-05
2.27064 	0.0292317 	-0.0010191 	6.44148e-05
2.27214 	0.0292363 	-0.00101723 	6.4639e-05
2.27364 	0.0292409 	-0.00101535 	6.48632e-05
2.27514 	0.0292455 	-0.00101347 	6.50875e-05
2.27664 	0.0292501 	-0.0010116 	6.53117e-05
2.27814 	0.0292547 	-0.00100972 	6.5536e-05
2.27964 	0.0292593 	-0.00100784 	6.57602e-05
2.28114 	0.0292639 	-0.00100597 	6.59844e-05
2.28264 	0.0292685 	-0.00100409 	6.62087e-05
2.28414 	0.029273 	-0.00100222 	6.64329e-05
2.28564 	0.0292776 	-0.00100034 	6.66571e-05
2.28714 	0.0292822 	-0.000998462 	6.68814e-05
2.28864 	0.029287 	-0.000996601 	6.71081e-05
2.29015 	0.0292918 	-0.00099475 	6.73363e-05
2.29165 	0.0292965 	-0.000992899 	6.75645e-05
2.29315 	0.0293013 	-0.000991048 	6.77928e-05
2.29465 	0.0293061 	-0.000989197 	6.8021e-05
2.29615 	0.0293109 	-0.000987346 	6.82492e-05
2.29765 	0.0293157 	-0.000985495 	6.84774e-05
2.29915 	0.0293205 	-0.000983644 	6.87057e-05
2.30065 	0.0293253 	-0.000981793 	6.89339e-05
2.30215 	0.0293301 	-0.000979942 	6.91621e-05
2.30365 	0.0293349 	-0.000978091 	6.93904e-05
2.30515 	0.0293397 	-0.00097624 	6.96186e-05
2.30665 	0.0293445 	-0.000974389 	6.98468e-05
2.30815 	0.0293493 	-0.000972538 	7.0075e-05
2.30965 	0.0293539 	-0.000970667 	7.03196e-05
2.31116 	0.0293583 	-0.000968757 	7.05935e-05
2.31266 	0.0293627 	-0.000966848 	7.08675e-05
2.31416 	0.0293671 	-0.000964939 	7.11414e-05
2.31566 	0.0293714 	-0.00096303 	7.14154e-05
2.31716 	0.0293758 	-0.00096112 	7.16893e-05
2.31866 	0.0293799 	-0.000959172 	7.19969e-05
2.32016 	0.0293839 	-0.000957202 	7.23236e-05
2.32166 	0.0293879 	-0.000955231 	7.26502e-05
2.32316 	0.0293919 	-0.000953261 	7.29768e-05
2.32466 	0.0293959 	-0.00095129 	7.33035e-05
2.32616 	0.0293999 	-0.00094932 	7.36301e-05
2.32766 	0.0294038 	-0.000947349 	7.39567e-05
2.32916 	0.0294078 	-0.000945379 	7.42833e-05
2.33067 	0.0294118 	-0.000943408 	7.461e-05
2.33217 	0.0294158 	-0.000941438 	7.49366e-05
2.33367 	0.0294198 	-0.000939467 	7.52632e-05
2.33517 	0.0294238 	-0.000937497 	7.55899e-05
2.33667 	0.0294277 	-0.000935526 	7.59165e-05
2.33817 	0.0294317 	-0.000933556 	7.62431e-05
2.33967 	0.0294358 	-0.000931595 	7.65782e-05
2.34117 	0.02944 	-0.000929644 	7.6922e-05
2.34267 	0.0294442 	-0.000927693 	7.72659e-05
2.34417 	0.0294483 	-0.000925742 	7.76098e-05
2.34567 	0.0294525 	-0.000923792 	7.79536e-05
2.34717 	0.0294567 	-0.000921841 	7.82975e-05
2.34867 	0.0294609 	-0.00091989 	7.86414e-05
2.35018 	0.029465 	-0.000917939 	7.89852e-05
2.35168 	0.0294692 	-0.000915988 	7.93291e-05
2.35318 	0.0294734 	-0.000914037 	7.9673e-05
2.35468 	0.0294776 	-0.000912087 	8.00168e-05
2.35618 	0.0294818 	-0.000910136 	8.03607e-05
2.35768 	0.0294859 	-0.000908185 	8.07046e-05
2.35918 	0.0294897 	-0.000906253 	8.10004e-05
2.36068 	0.0294932 	-0.000904341 	8.12442e-05
2.36218 	0.0294966 	-0.00090243 	8.1488e-05
2.36368 	0.0295 	-0.000900519 	8.17318e-05
2.36518 	0.0295034 	-0.000898607 	8.19756e-05
2.36668 	0.0295068 	-0.000896696 	8.22194e-05
2.36818 	0.0295102 	-0.000894784 	8.24632e-05
2.36968 	0.0295131 	-0.000892895 	8.26325e-05
2.37119 	0.0295158 	-0.000891015 	8.27754e-05
2.37269 	0.0295185 	-0.000889134 	8.29183e-05
2.37419 	0.0295212 	-0.000887253 	8.30613e-05
2.37569 	0.0295239 	-0.000885373 	8.32042e-05
2.37719 	0.0295266 	-0.000883492 	8.33471e-05
2.37869 	0.0295293 	-0.000881611 	8.349e-05
2.38019 	0.029532 	-0.000879731 	8.36329e-05
2.38169 	0.0295348 	-0.00087785 	8.37758e-05
2.38319 	0.0295375 	-0.000875969 	8.39187e-05
2.38469 	0.0295402 	-0.000874088 	8.40616e-05
2.38619 	0.0295429 	-0.000872208 	8.42045e-05
2.38769 	0.0295456 	-0.000870327 	8.43474e-05
2.38919 	0.0295484 	-0.000868467 	8.45038e-05
2.3907 	0.0295513 	-0.00086661 	8.46624e-05
2.3922 	0.0295541 	-0.000864753 	8.48211e-05
2.3937 	0.029557 	-0.000862897 	8.49797e-05
2.3952 	0.0295599 	-0.00086104 	8.51383e-05
2.3967 	0.0295627 	-0.000859183 	8.52969e-05
2.3982 	0.0295656 	-0.000857326 	8.54555e-05
2.3997 	0.0295684 	-0.00085547 	8.56142e-05
2.4012 	0.0295713 	-0.000853613 	8.57728e-05
2.4027 	0.0295742 	-0.000851756 	8.59314e-05
2.4042 	0.029577 	-0.000849899 	8.609e-05
2.4057 	0.0295798 	-0.00084805 	8.62481e-05
2.4072 	0.0295819 	-0.000846463 	8.63861e-05
2.4087 	0.029584 	-0.000844876 	8.65241e-05
2.41021 	0.0295861 	-0.000843289 	8.66622e-05
2.41171 	0.0295882 	-0.000841702 	8.68002e-05
2.41321 	0.0295903 	-0.000840115 	8.69382e-05
2.41471 	0.0295925 	-0.000838528 	8.70763e-05
2.41621 	0.0295946 	-0.000836941 	8.72143e-05
2.41771 	0.0295963 	-0.000835462 	8.73351e-05
2.41921 	0.0295977 	-0.000834124 	8.74336e-05
2.42071 	0.0295991 	-0.000832786 	8.7532e-05
2.42221 	0.0296005 	-0.000831447 	8.76305e-05
2.42371 	0.0296019 	-0.000830109 	8.7729e-05
2.42521 	0.0296033 	-0.00082877 	8.78274e-05
2.42671 	0.0296047 	-0.000827432 	8.79259e-05
2.42821 	0.0296061 	-0.000826094 	8.80244e-05
2.42971 	0.0296075 	-0.000824755 	8.81228e-05
2.43122 	0.0296088 	-0.000823417 	8.82213e-05
2.43272 	0.0296102 	-0.000822079 	8.83198e-05
2.43422 	0.0296116 	-0.00082074 	8.84182e-05
2.43572 	0.0296131 	-0.000819442 	8.85185e-05
2.43722 	0.0296145 	-0.000818157 	8.86194e-05
2.43872 	0.029616 	-0.000816872 	8.87202e-05
2.44022 	0.0296174 	-0.000815588 	8.88211e-05
2.44172 	0.0296189 	-0.000814303 	8.8922e-05
2.44322 	0.0296203 	-0.000813018 	8.90229e-05
2.44472 	0.0296218 	-0.000811734 	8.91237e-05
2.44622 	0.0296232 	-0.000810449 	8.92246e-05
2.44772 	0.0296247 	-0.000809164 	8.93255e-05
2.44922 	0.0296262 	-0.000807879 	8.94264e-05
2.45073 	0.0296276 	-0.00080659 	8.95268e-05
2.45223 	0.0296289 	-0.00080497 	8.95972e-05
2.45373 	0.0296302 	-0.000803351 	8.96675e-05
2.45523 	0.0296315 	-0.000801731 	8.97379e-05
2.45673 	0.0296328 	-0.000800112 	8.98082e-05
2.45823 	0.0296341 	-0.000798492 	8.98786e-05
2.45973 	0.0296354 	-0.000796873 	8.99489e-05
2.46123 	0.0296367 	-0.000795253 	9.00193e-05
2.46273 	0.0296379 	-0.000793634 	9.00896e-05
2.46423 	0.0296391 	-0.000791773 	9.01419e-05
2.46573 	0.0296403 	-0.000789826 	9.01877e-05
2.46723 	0.0296415 	-0.000787878 	9.02335e-05
2.46873 	0.0296426 	-0.000785931 	9.02793e-05
2.47024 	0.0296438 	-0.000783983 	9.03251e-05
2.47174 	0.0296449 	-0.000782036 	9.03709e-05
2.47324 	0.0296461 	-0.000780089 	9.04167e-05
2.47474 	0.0296473 	-0.000778141 	9.04624e-05
2.47624 	0.0296484 	-0.000776194 	9.05082e-05
2.47774 	0.0296496 	-0.000774246 	9.0554e-05
2.47924 	0.0296507 	-0.000772297 	9.06e-05
2.48074 	0.029652 	-0.000770337 	9.06473e-05
2.48224 	0.0296532 	-0.000768378 	9.06945e-05
2.48374 	0.0296545 	-0.000766418 	9.07418e-05
2.48524 	0.0296557 	-0.000764459 	9.0789e-05
2.48674 	0.029657 	-0.000762499 	9.08363e-05
2.48824 	0.0296582 	-0.00076054 	9.08836e-05
2.48974 	0.0296595 	-0.00075858 	9.09308e-05
2.49125 	0.0296607 	-0.000756621 	9.09781e-05
2.49275 	0.029662 	-0.000754661 	9.10253e-05
2.49425 	0.0296629 	-0.000752703 	9.10138e-05
2.49575 	0.0296634 	-0.000750747 	9.09283e-05
2.49725 	0.0296639 	-0.000748791 	9.08429e-05
2.49875 	0.0296644 	-0.000746835 	9.07575e-05
2.50025 	0.029665 	-0.000744879 	9.0672e-05
2.50175 	0.0296655 	-0.000742923 	9.05866e-05
2.50325 	0.029666 	-0.000740967 	9.05012e-05
2.50475 	0.0296665 	-0.000739011 	9.04157e-05
2.50625 	0.0296671 	-0.000737054 	9.03303e-05
2.50775 	0.0296672 	-0.000735105 	9.01671e-05
2.50925 	0.029667 	-0.000733159 	8.99582e-05
2.51076 	0.0296668 	-0.000731213 	8.97493e-05
2.51226 	0.0296667 	-0.000729267 	8.95404e-05
2.51376 	0.0296665 	-0.000727321 	8.93315e-05
2.51526 	0.0296663 	-0.000725375 	8.91226e-05
2.51676 	0.0296662 	-0.000723429 	8.89137e-05
2.51826 	0.029666 	-0.000721483 	8.87048e-05
2.51976 	0.0296659 	-0.000719537 	8.84959e-05
2.52126 	0.0296657 	-0.000717592 	8.82866e-05
2.52276 	0.0296656 	-0.000715652 	8.80722e-05
2.52426 	0.0296655 	-0.000713713 	8.78578e-05
2.52576 	0.0296653 	-0.000711773 	8.76433e-05
2.52726 	0.0296652 	-0.000709834 	8.74289e-05
2.52876 	0.0296651 	-0.000707894 	8.72145e-05
2.53027 	0.029665 	-0.000705954 	8.70001e-05
2.53177 	0.0296649 	-0.000704015 	8.67857e-05
2.53327 	0.0296647 	-0.000702075 	8.65713e-05
2.53477 	0.0296645 	-0.000700235 	8.6359e-05
2.53627 	0.029664 	-0.000698617 	8.61516e-05
2.53777 	0.0296635 	-0.000697 	8.59442e-05
2.53927 	0.029663 	-0.000695383 	8.57367e-05
2.54077 	0.0296625 	-0.000693766 	8.55293e-05
2.54227 	0.029662 	-0.000692149 	8.53219e-05
2.54377 	0.0296614 	-0.000690531 	8.51145e-05
2.54527 	0.0296609 	-0.000688914 	8.4907e-05
2.54677 	0.0296604 	-0.000687297 	8.46996e-05
2.54827 	0.0296599 	-0.000685709 	8.44922e-05
2.54977 	0.029659 	-0.000684379 	8.4285e-05
2.55128 	0.0296581 	-0.000683048 	8.40778e-05
2.55278 	0.0296572 	-0.000681718 	8.38706e-05
2.55428 	0.0296563 	-0.000680388 	8.36634e-05
2.55578 	0.0296554 	-0.000679057 	8.34562e-05
2.55728 	0.0296544 	-0.000677727 	8.3249e-05
2.55878 	0.0296535 	-0.000676397 	8.30418e-05
2.56028 	0.0296526 	-0.000675066 	8.28346e-05
2.56178 	0.0296518 	-0.000673752 	8.26232e-05
2.56328 	0.0296509 	-0.000672454 	8.24072e-05
2.56478 	0.02965 	-0.000671157 	8.21912e-05
2.56628 	0.0296491 	-0.00066986 	8.19752e-05
2.56778 	0.0296482 	-0.000668562 	8.17592e-05
2.56928 	0.0296474 	-0.000667265 	8.15433e-05
2.57079 	0.0296465 	-0.000665967 	8.13273e-05
2.57229 	0.0296456 	-0.00066467 	8.11113e-05
2.57379 	0.0296442 	-0.000663169 	8.09083e-05
2.57529 	0.0296423 	-0.000661527 	8.07143e-05
2.57679 	0.0296405 	-0.000659886 	8.05202e-05
2.57829 	0.0296386 	-0.000658244 	8.03262e-05
2.57979 	0.0296368 	-0.000656602 	8.01322e-05
2.58129 	0.0296349 	-0.00065496 	7.99382e-05
2.58279 	0.0296331 	-0.000653319 	7.97442e-05
2.58429 	0.0296313 	-0.000651677 	7.95501e-05
2.58579 	0.0296294 	-0.000650035 	7.93561e-05
2.58729 	0.0296275 	-0.000648349 	7.91644e-05
2.58879 	0.0296247 	-0.000646354 	7.89889e-05
2.5903 	0.0296219 	-0.000644358 	7.88134e-05
2.5918 	0.0296192 	-0.000642363 	7.86379e-05
2.5933 	0.0296164 	-0.000640367 	7.84623e-05
2.5948 	0.0296137 	-0.000638372 	7.82868e-05
2.5963 	0.0296109 	-0.000636376 	7.81113e-05
2.5978 	0.0296081 	-0.00063438 	7.79358e-05
2.5993 	0.0296053 	-0.000632375 	7.77546e-05
2.6008 	0.0296025 	-0.000630355 	7.75636e-05
2.6023 	0.0295996 	-0.000628334 	7.73727e-05
2.6038 	0.0295968 	-0.000626313 	7.71818e-05
2.6053 	0.0295939 	-0.000624292 	7.69908e-05
2.6068 	0.029591 	-0.000622271 	7.67999e-05
2.6083 	0.0295882 	-0.000620251 	7.66089e-05
2.6098 	0.0295851 	-0.000618227 	7.64337e-05
2.61131 	0.0295812 	-0.000616197 	7.63012e-05
2.61281 	0.0295774 	-0.000614167 	7.61686e-05
2.61431 	0.0295736 	-0.000612137 	7.60361e-05
2.61581 	0.0295698 	-0.000610107 	7.59035e-05
2.61731 	0.0295659 	-0.000608077 	7.5771e-05
2.61881 	0.0295621 	-0.000606047 	7.56384e-05
2.62031 	0.0295583 	-0.000604017 	7.55059e-05
2.62181 	0.0295545 	-0.000601987 	7.53733e-05
2.62331 	0.0295507 	-0.000599957 	7.52408e-05
2.62481 	0.0295463 	-0.000597937 	7.51438e-05
2.62631 	0.0295416 	-0.000595922 	7.50653e-05
2.62781 	0.0295369 	-0.000593908 	7.49868e-05
2.62931 	0.0295323 	-0.000591893 	7.49083e-05
2.63082 	0.0295276 	-0.000589878 	7.48298e-05
2.63232 	0.0295229 	-0.000587864 	7.47513e-05
2.63382 	0.0295183 	-0.000585849 	7.46728e-05
2.63532 	0.0295135 	-0.000583829 	7.45885e-05
2.63682 	0.0295086 	-0.000581807 	7.45015e-05
2.63832 	0.0295038 	-0.000579786 	7.44146e-05
2.63982 	0.029499 	-0.000577764 	7.43276e-05
2.64132 	0.0294941 	-0.000575742 	7.42407e-05
2.64282 	0.0294893 	-0.00057372 	7.41537e-05
2.64432 	0.0294846 	-0.000571814 	7.40646e-05
2.64582 	0.0294802 	-0.000570159 	7.39707e-05
2.64732 	0.0294758 	-0.000568505 	7.38769e-05
2.64882 	0.0294714 	-0.000566851 	7.3783e-05
2.65033 	0.029467 	-0.000565196 	7.36891e-05
2.65183 	0.0294626 	-0.000563542 	7.35953e-05
2.65333 	0.0294581 	-0.000561888 	7.35014e-05
2.65483 	0.0294537 	-0.000560234 	7.34076e-05
2.65633 	0.0294493 	-0.000558579 	7.33137e-05
2.65783 	0.0294449 	-0.000556925 	7.32198e-05
2.65933 	0.0294407 	-0.000555491 	7.31216e-05
2.66083 	0.0294367 	-0.000554171 	7.30211e-05
2.66233 	0.0294326 	-0.000552852 	7.29206e-05
2.66383 	0.0294286 	-0.000551532 	7.28201e-05
2.66533 	0.0294245 	-0.000550212 	7.27197e-05
2.66683 	0.0294205 	-0.000548892 	7.26192e-05
2.66833 	0.0294164 	-0.000547583 	7.25146e-05
2.66983 	0.0294122 	-0.00054629 	7.24042e-05
2.67134 	0.0294081 	-0.000544997 	7.22937e-05
2.67284 	0.0294039 	-0.000543704 	7.21833e-05
2.67434 	0.0293997 	-0.000542411 	7.20729e-05
2.67584 	0.0293956 	-0.000541119 	7.19624e-05
2.67734 	0.0293899 	-0.00053955 	7.18133e-05
2.67884 	0.0293836 	-0.000537858 	7.1647e-05
2.68034 	0.0293772 	-0.000536166 	7.14806e-05
2.68184 	0.0293709 	-0.000534474 	7.13142e-05
2.68334 	0.0293645 	-0.000532782 	7.11479e-05
2.68484 	0.0293582 	-0.00053109 	7.09815e-05
2.68634 	0.0293518 	-0.000529398 	7.08151e-05
2.68784 	0.0293455 	-0.000527707 	7.06488e-05
2.68934 	0.0293392 	-0.000526015 	7.04824e-05
2.69085 	0.0293326 	-0.000524288 	7.03128e-05
2.69235 	0.0293241 	-0.00052217 	7.01066e-05
2.69385 	0.0293155 	-0.000520052 	6.99005e-05
2.69535 	0.029307 	-0.000517934 	6.96944e-05
2.69685 	0.0292984 	-0.000515816 	6.94883e-05
2.69835 	0.0292899 	-0.000513698 	6.92821e-05
2.69985 	0.0292812 	-0.000511567 	6.90685e-05
2.70135 	0.0292722 	-0.000509421 	6.88469e-05
2.70285 	0.0292633 	-0.000507275 	6.86253e-05
2.70435 	0.0292544 	-0.000505129 	6.84037e-05
2.70585 	0.0292455 	-0.000502984 	6.81821e-05
2.70735 	0.029237 	-0.000500987 	6.7975e-05
2.70885 	0.0292292 	-0.000499258 	6.77942e-05
2.71036 	0.0292215 	-0.00049753 	6.76134e-05
2.71186 	0.0292137 	-0.000495802 	6.74326e-05
2.71336 	0.029206 	-0.000494073 	6.72518e-05
2.71486 	0.0291983 	-0.000492345 	6.70709e-05
2.71636 	0.0291905 	-0.000490616 	6.68901e-05
2.71786 	0.0291828 	-0.000488888 	6.67093e-05
2.71936 	0.0291751 	-0.000487159 	6.65285e-05
2.72086 	0.0291673 	-0.000485431 	6.63477e-05
2.72236 	0.0291604 	-0.000484019 	6.62119e-05
2.72386 	0.0291536 	-0.000482655 	6.60829e-05
2.72536 	0.0291468 	-0.000481291 	6.59539e-05
2.72686 	0.02914 	-0.000479927 	6.58249e-05
2.72836 	0.0291332 	-0.000478563 	6.56959e-05
2.72986 	0.0291263 	-0.00047723 	6.5559e-05
2.73137 	0.0291193 	-0.000475901 	6.54209e-05
2.73287 	0.0291124 	-0.000474573 	6.52827e-05
2.73437 	0.0291055 	-0.000473245 	6.51446e-05
2.73587 	0.0290976 	-0.000471788 	6.49908e-05
2.73737 	0.029087 	-0.000469979 	6.47944e-05
2.73887 	0.0290764 	-0.00046817 	6.45979e-05
2.74037 	0.0290658 	-0.000466361 	6.44015e-05
2.74187 	0.0290552 	-0.000464552 	6.42051e-05
2.74337 	0.0290447 	-0.000462743 	6.40086e-05
2.74487 	0.0290341 	-0.000460935 	6.38122e-05
2.74637 	0.0290235 	-0.000459126 	6.36158e-05
2.74787 	0.0290129 	-0.000457317 	6.34194e-05
2.74937 	0.0290023 	-0.000455508 	6.32229e-05
2.75088 	0.0289881 	-0.000453213 	6.29816e-05
2.75238 	0.0289738 	-0.000450901 	6.27388e-05
2.75388 	0.0289594 	-0.000448589 	6.24959e-05
2.75538 	0.0289451 	-0.000446277 	6.22531e-05
2.75688 	0.0289304 	-0.000443947 	6.2003e-05
2.75838 	0.0289155 	-0.000441597 	6.1745e-05
2.75988 	0.0289005 	-0.000439247 	6.14871e-05
2.76138 	0.0288855 	-0.000436898 	6.12292e-05
2.76288 	0.0288706 	-0.000434632 	6.09812e-05
2.76438 	0.0288558 	-0.000432504 	6.07496e-05
2.76588 	0.0288409 	-0.000430376 	6.0518e-05
2.76738 	0.0288261 	-0.000428248 	6.02863e-05
2.76888 	0.0288112 	-0.00042612 	6.00547e-05
2.77039 	0.0287964 	-0.000423993 	5.98231e-05
2.77189 	0.0287815 	-0.000421865 	5.95915e-05
2.77339 	0.0287667 	-0.000419737 	5.93599e-05
2.77489 	0.0287518 	-0.000417609 	5.91283e-05
2.77639 	0.0287364 	-0.000415476 	5.89032e-05
2.77789 	0.0287196 	-0.000413331 	5.86924e-05
2.77939 	0.0287027 	-0.000411186 	5.84815e-05
2.78089 	0.0286859 	-0.000409041 	5.82707e-05
2.78239 	0.0286672 	-0.000406692 	5.80376e-05
2.78389 	0.0286442 	-0.000403876 	5.77534e-05
2.78539 	0.0286212 	-0.00040106 	5.74692e-05
2.78689 	0.0285982 	-0.000398244 	5.7185e-05
2.78839 	0.028579 	-0.000395958 	5.69664e-05
2.78989 	0.028562 	-0.000393978 	5.67859e-05
2.7914 	0.028545 	-0.000391998 	5.66054e-05
2.7929 	0.028528 	-0.000390019 	5.64248e-05
2.7944 	0.0285109 	-0.000388039 	5.62443e-05
2.7959 	0.0284939 	-0.000386059 	5.60637e-05
2.7974 	0.0284769 	-0.00038408 	5.58832e-05
2.7989 	0.0284599 	-0.0003821 	5.57027e-05
2.8004 	0.0284429 	-0.00038012 	5.55221e-05
2.8019 	0.0284306 	-0.000378806 	5.54337e-05
2.8034 	0.0284191 	-0.000377608 	5.53612e-05
2.8049 	0.0284076 	-0.000376409 	5.52886e-05
2.8064 	0.0283945 	-0.00037504 	5.51966e-05
2.8079 	0.0283769 	-0.0003732 	5.50511e-05
2.8094 	0.0283594 	-0.000371361 	5.49057e-05
2.81091 	0.0283418 	-0.000369521 	5.47602e-05
2.81241 	0.0283161 	-0.000367074 	5.46021e-05
2.81391 	0.0282903 	-0.000364617 	5.44438e-05
2.81541 	0.0282645 	-0.00036216 	5.42856e-05
2.81691 	0.0282387 	-0.000359704 	5.41273e-05
2.81841 	0.0282129 	-0.000357247 	5.3969e-05
2.81991 	0.0281871 	-0.000354791 	5.38108e-05
2.82141 	0.0281613 	-0.000352334 	5.36525e-05
2.82291 	0.0281355 	-0.000349877 	5.34942e-05
2.82441 	0.0281067 	-0.000347245 	5.33428e-05
2.82591 	0.0280751 	-0.000344449 	5.31976e-05
2.82741 	0.0280435 	-0.000341653 	5.30524e-05
2.82891 	0.0280112 	-0.000338816 	5.29007e-05
2.83042 	0.0279774 	-0.000335891 	5.27345e-05
2.83192 	0.0279436 	-0.000332965 	5.25683e-05
2.83342 	0.027912 	-0.000330283 	5.24238e-05
2.83492 	0.0278842 	-0.000327997 	5.23147e-05
2.83642 	0.0278564 	-0.00032571 	5.22055e-05
2.83792 	0.0278286 	-0.000323424 	5.20964e-05
2.83942 	0.0278008 	-0.000321138 	5.19872e-05
2.84092 	0.027773 	-0.000318852 	5.18781e-05
2.84242 	0.0277452 	-0.000316565 	5.1769e-05
2.84392 	0.0277174 	-0.000314279 	5.16598e-05
2.84542 	0.027691 	-0.000312143 	5.15643e-05
2.84692 	0.0276685 	-0.000310445 	5.15087e-05
2.84842 	0.027646 	-0.000308748 	5.14531e-05
2.84992 	0.027623 	-0.000307029 	5.13906e-05
2.85143 	0.0275989 	-0.000305277 	5.13171e-05
2.85293 	0.0275749 	-0.000303525 	5.12437e-05
2.85443 	0.0275503 	-0.000301783 	5.11859e-05
2.85593 	0.0275254 	-0.000300045 	5.11327e-05
2.85743 	0.0275005 	-0.000298307 	5.10796e-05
2.85893 	0.0274757 	-0.000296569 	5.10264e-05
2.86043 	0.0274508 	-0.000294831 	5.09732e-05
2.86193 	0.027426 	-0.000293092 	5.09201e-05
2.86343 	0.0274011 	-0.000291354 	5.08669e-05
2.86493 	0.0273762 	-0.000289616 	5.08138e-05
2.86643 	0.0273436 	-0.000287464 	5.07712e-05
2.86793 	0.0273109 	-0.000285311 	5.07286e-05
2.86943 	0.0272827 	-0.000283448 	5.06873e-05
2.87094 	0.0272603 	-0.000281958 	5.06479e-05
2.87244 	0.0272358 	-0.000280356 	5.06037e-05
2.87394 	0.02719 	-0.00027766 	5.05143e-05
2.87544 	0.0271442 	-0.000274964 	5.04249e-05
2.87694 	0.0270983 	-0.000272268 	5.03354e-05
2.87844 	0.0270525 	-0.000269572 	5.0246e-05
2.87994 	0.0270067 	-0.000266876 	5.01566e-05
2.88144 	0.0269609 	-0.00026418 	5.00672e-05
2.88294 	0.0269151 	-0.000261484 	4.99777e-05
2.88444 	0.026853 	-0.000257949 	4.98595e-05
2.88594 	0.0267837 	-0.00025404 	4.97284e-05
2.88744 	0.0267176 	-0.000250359 	4.96049e-05
2.88894 	0.0266566 	-0.000247018 	4.94928e-05
2.89045 	0.0265973 	-0.000243818 	4.93677e-05
2.89195 	0.0265419 	-0.000240939 	4.92131e-05
2.89345 	0.0264866 	-0.000238059 	4.90585e-05
2.89495 	0.0264312 	-0.00023518 	4.8904e-05
2.89645 	0.0263758 	-0.000232301 	4.87494e-05
2.89795 	0.0263205 	-0.000229421 	4.85948e-05
2.89945 	0.0262651 	-0.000226542 	4.84402e-05
2.90095 	0.0262128 	-0.000223886 	4.82765e-05
2.90245 	0.0261687 	-0.000221817 	4.80888e-05
2.90395 	0.026124 	-0.000219739 	4.79066e-05
2.90545 	0.0260776 	-0.000217629 	4.77434e-05
2.90695 	0.0260206 	-0.00021517 	4.75142e-05
2.90845 	0.025944 	-0.000212069 	4.71631e-05
2.90995 	0.0258674 	-0.000208967 	4.68121e-05
2.91146 	0.0257907 	-0.000205866 	4.6461e-05
2.91296 	0.0257141 	-0.000202764 	4.611e-05
2.91446 	0.0256375 	-0.000199663 	4.5759e-05
2.91596 	0.0255609 	-0.000196562 	4.54079e-05
2.91746 	0.0254633 	-0.000192782 	4.49162e-05
2.91896 	0.0253567 	-0.000188708 	4.43635e-05
2.92046 	0.0252435 	-0.000184446 	4.37998e-05
2.92196 	0.0251331 	-0.000180341 	4.3258e-05
2.92346 	0.0250396 	-0.000177057 	4.28204e-05
2.92496 	0.0249461 	-0.000173774 	4.23828e-05
2.92646 	0.0248526 	-0.00017049 	4.19452e-05
2.92796 	0.0247591 	-0.000167207 	4.15077e-05
2.92946 	0.0246656 	-0.000163923 	4.10701e-05
2.93097 	0.0245721 	-0.00016064 	4.06325e-05
2.93247 	0.0244971 	-0.000158285 	4.02879e-05
2.93397 	0.0244226 	-0.000156 	3.99481e-05
2.93547 	0.0243439 	-0.000153631 	3.95933e-05
2.93697 	0.0242614 	-0.000151274 	3.92689e-05
2.93847 	0.0241776 	-0.00014892 	3.89544e-05
2.93997 	0.0240938 	-0.000146567 	3.86398e-05
2.94147 	0.02401 	-0.000144214 	3.83252e-05
2.94297 	0.0239262 	-0.00014186 	3.80107e-05
2.94447 	0.0238424 	-0.000139507 	3.76961e-05
2.94597 	0.0237526 	-0.000137136 	3.7386e-05
2.94747 	0.0236597 	-0.000134732 	3.70677e-05
2.94897 	0.0235622 	-0.000132257 	3.67333e-05
2.95048 	0.0233964 	-0.000128717 	3.63828e-05
2.95198 	0.0232305 	-0.000125176 	3.60323e-05
2.95348 	0.0230647 	-0.000121635 	3.56818e-05
2.95498 	0.0228988 	-0.000118094 	3.53313e-05
2.95648 	0.022733 	-0.000114553 	3.49808e-05
2.95798 	0.0225363 	-0.000110557 	3.46013e-05
2.95948 	0.0223006 	-0.000105976 	3.41811e-05
2.96098 	0.0220491 	-0.000101136 	3.3722e-05
2.96248 	0.0218383 	-9.74284e-05 	3.34353e-05
2.96398 	0.0216307 	-9.3809e-05 	3.31621e-05
2.96548 	0.0214231 	-9.01897e-05 	3.28888e-05
2.96698 	0.0212154 	-8.65703e-05 	3.26156e-05
2.96848 	0.0210078 	-8.29509e-05 	3.23424e-05
2.96998 	0.0208326 	-8.02688e-05 	3.21822e-05
2.97149 	0.0206631 	-7.78814e-05 	3.20497e-05
2.97299 	0.0204807 	-7.54505e-05 	3.19079e-05
2.97449 	0.0202909 	-7.30629e-05 	3.17751e-05
2.97599 	0.0201011 	-7.06753e-05 	3.16422e-05
2.97749 	0.0199113 	-6.82878e-05 	3.15093e-05
2.97899 	0.0197215 	-6.59002e-05 	3.13765e-05
2.98049 	0.0195236 	-6.35778e-05 	3.12654e-05
2.98199 	0.0193115 	-6.12418e-05 	3.11514e-05
2.98349 	0.0190825 	-5.88799e-05 	3.10062e-05
2.98499 	0.0188451 	-5.65566e-05 	3.08512e-05
2.98649 	0.0186076 	-5.42332e-05 	3.06961e-05
2.98799 	0.0183702 	-5.19099e-05 	3.05411e-05
2.98949 	0.0181328 	-4.95865e-05 	3.0386e-05
2.991 	0.0178783 	-4.73994e-05 	3.02548e-05
2.9925 	0.017278 	-4.4412e-05 	2.94871e-05
2.994 	0.014283 	-3.64064e-05 	2.44184e-05
2.9955 	0.011288 	-2.84008e-05 	1.93498e-05
2.997 	0.00829294 	-2.03952e-05 	1.42812e-05
2.9985 	0.0052979 	-1.23895e-05 	9.21257e-06
3 	0 	0 	0
