9.99156e-19 	-3.08453e-20 	-7.85072e-22 	1.71114e-21
0.00150075 	-4.63302e-05 	-1.17919e-06 	2.57017e-06
0.0030015 	-9.26605e-05 	-2.35838e-06 	5.14034e-06
0.00450225 	-0.000128146 	-3.67863e-06 	7.6226e-06
0.006003 	-0.000134728 	-5.51305e-06 	1.00712e-05
0.00750375 	-0.000137468 	-7.46695e-06 	1.25895e-05
0.0090045 	-0.000140211 	-9.42328e-06 	1.5103e-05
0.0105053 	-0.000144225 	-1.21858e-05 	1.60032e-05
0.012006 	-0.000148239 	-1.49482e-05 	1.69035e-05
0.0135068 	-0.000150119 	-1.76614e-05 	1.78687e-05
0.0150075 	-0.000133675 	-1.98484e-05 	1.9563e-05
0.0165083 	-0.000113246 	-2.17828e-05 	2.16464e-05
0.018009 	-9.28168e-05 	-2.37172e-05 	2.37297e-05
0.0195098 	-7.33828e-05 	-2.66435e-05 	2.46846e-05
0.0210105 	-5.4917e-05 	-3.05347e-05 	2.45414e-05
0.0225113 	-3.64513e-05 	-3.44258e-05 	2.43983e-05
0.024012 	-1.33944e-05 	-3.82225e-05 	2.47008e-05
0.0255128 	2.02409e-05 	-4.1752e-05 	2.62508e-05
0.0270135 	5.60733e-05 	-4.52027e-05 	2.81635e-05
0.0285143 	9.19056e-05 	-4.86535e-05 	3.00763e-05
0.030015 	0.000126899 	-5.3521e-05 	3.08602e-05
0.0315158 	0.00016096 	-5.99627e-05 	3.03898e-05
0.0330165 	0.00019502 	-6.64045e-05 	2.99195e-05
0.0345173 	0.000228881 	-7.26347e-05 	2.95523e-05
0.036018 	0.000259406 	-7.6358e-05 	3.03236e-05
0.0375188 	0.000285399 	-7.84908e-05 	3.16066e-05
0.0390195 	0.000311392 	-8.06236e-05 	3.28896e-05
0.0405203 	0.000337385 	-8.27564e-05 	3.41726e-05
0.042021 	0.000363355 	-8.82182e-05 	3.35999e-05
0.0435218 	0.000389322 	-9.42066e-05 	3.27337e-05
0.0450225 	0.000415289 	-0.000100195 	3.18674e-05
0.0465233 	0.000441212 	-0.000105769 	3.12332e-05
0.048024 	0.000466502 	-0.000109284 	3.16734e-05
0.0495248 	0.000490624 	-0.000111546 	3.2624e-05
0.0510255 	0.000514746 	-0.000113808 	3.35746e-05
0.0525263 	0.000538868 	-0.000116071 	3.45252e-05
0.054027 	0.000563423 	-0.000120866 	3.44658e-05
0.0555278 	0.000588226 	-0.000127126 	3.38227e-05
0.0570285 	0.00061303 	-0.000133385 	3.31797e-05
0.0585293 	0.000637834 	-0.000139645 	3.25366e-05
0.06003 	0.000664794 	-0.000145087 	3.25364e-05
0.0615308 	0.000693927 	-0.000149493 	3.31466e-05
0.0630315 	0.000723598 	-0.000153599 	3.39007e-05
0.0645323 	0.00075327 	-0.000157705 	3.46548e-05
0.066033 	0.000782941 	-0.000161811 	3.5409e-05
0.0675338 	0.000813092 	-0.000168633 	3.56824e-05
0.0690345 	0.000843411 	-0.000176408 	3.57872e-05
0.0705353 	0.00087373 	-0.000184184 	3.58919e-05
0.072036 	0.000904049 	-0.000191959 	3.59967e-05
0.0735368 	0.000932182 	-0.000198531 	3.62549e-05
0.0750375 	0.00095572 	-0.000202899 	3.65989e-05
0.0765383 	0.000975935 	-0.000205932 	3.68195e-05
0.078039 	0.00099615 	-0.000208966 	3.70401e-05
0.0795398 	0.00101637 	-0.000211999 	3.72607e-05
0.0810405 	0.00103678 	-0.000215483 	3.75488e-05
0.0825413 	0.00105843 	-0.000221827 	3.8266e-05
0.084042 	0.00108008 	-0.000228171 	3.89831e-05
0.0855428 	0.00110173 	-0.000234516 	3.97002e-05
0.0870435 	0.00112338 	-0.00024086 	4.04174e-05
0.0885443 	0.00114434 	-0.000246317 	4.0967e-05
0.090045 	0.00116414 	-0.000250532 	4.10706e-05
0.0915458 	0.00118299 	-0.000253946 	4.06652e-05
0.0930465 	0.00120185 	-0.00025736 	4.02598e-05
0.0945473 	0.0012207 	-0.000260773 	3.98544e-05
0.096048 	0.00123955 	-0.000264187 	3.94489e-05
0.0975488 	0.0012594 	-0.00026972 	4.01303e-05
0.0990495 	0.00127955 	-0.000275878 	4.11318e-05
0.10055 	0.00129969 	-0.000282035 	4.21333e-05
0.102051 	0.00131983 	-0.000288193 	4.31348e-05
0.103552 	0.00133998 	-0.000294351 	4.41363e-05
0.105053 	0.00135926 	-0.000299374 	4.45218e-05
0.106553 	0.00137769 	-0.000303563 	4.41341e-05
0.108054 	0.00139559 	-0.000307296 	4.32445e-05
0.109555 	0.00141348 	-0.000311028 	4.23549e-05
0.111056 	0.00143138 	-0.00031476 	4.14654e-05
0.112556 	0.00144928 	-0.000318493 	4.05758e-05
0.114057 	0.0014677 	-0.000323525 	4.07365e-05
0.115558 	0.00148648 	-0.000329428 	4.16007e-05
0.117059 	0.00150526 	-0.000335331 	4.2465e-05
0.118559 	0.00152404 	-0.000341234 	4.33292e-05
0.12006 	0.00154282 	-0.000347137 	4.41934e-05
0.121561 	0.0015614 	-0.000352755 	4.48462e-05
0.123062 	0.00157941 	-0.000357553 	4.48914e-05
0.124562 	0.00159672 	-0.000361656 	4.40654e-05
0.126063 	0.00161395 	-0.000365685 	4.31468e-05
0.127564 	0.00163119 	-0.000369713 	4.22283e-05
0.129065 	0.00164842 	-0.000373742 	4.13097e-05
0.130565 	0.00166565 	-0.000377771 	4.03912e-05
0.132066 	0.00168308 	-0.000382708 	4.03478e-05
0.133567 	0.00170065 	-0.000388351 	4.09846e-05
0.135068 	0.00171823 	-0.000393994 	4.16214e-05
0.136568 	0.0017358 	-0.000399637 	4.22582e-05
0.138069 	0.00175338 	-0.00040528 	4.2895e-05
0.13957 	0.00177095 	-0.000410923 	4.35317e-05
0.141071 	0.00178823 	-0.000415907 	4.35351e-05
0.142571 	0.00180533 	-0.000420557 	4.31325e-05
0.144072 	0.00182225 	-0.000424873 	4.22577e-05
0.145573 	0.00183917 	-0.000429189 	4.13829e-05
0.147074 	0.00185609 	-0.000433505 	4.05082e-05
0.148574 	0.00187301 	-0.000437822 	3.96334e-05
0.150075 	0.00188993 	-0.000442138 	3.87586e-05
0.151576 	0.00190666 	-0.000447158 	3.86182e-05
0.153077 	0.00192328 	-0.000452627 	3.89472e-05
0.154577 	0.0019399 	-0.000458097 	3.92762e-05
0.156078 	0.00195652 	-0.000463567 	3.96052e-05
0.157579 	0.00197314 	-0.000469037 	3.99342e-05
0.15908 	0.00198976 	-0.000474507 	4.02632e-05
0.16058 	0.00200645 	-0.000479743 	4.031e-05
0.162081 	0.00202321 	-0.000484674 	3.99864e-05
0.163582 	0.00204012 	-0.000489284 	3.92455e-05
0.165083 	0.00205706 	-0.000493843 	3.84389e-05
0.166583 	0.002074 	-0.000498402 	3.76323e-05
0.168084 	0.00209094 	-0.000502961 	3.68258e-05
0.169585 	0.00210789 	-0.00050752 	3.60192e-05
0.171086 	0.00212483 	-0.000512079 	3.52126e-05
0.172586 	0.00214106 	-0.000517283 	3.4999e-05
0.174087 	0.00215698 	-0.000522784 	3.50575e-05
0.175588 	0.0021729 	-0.000528284 	3.5116e-05
0.177089 	0.00218881 	-0.000533784 	3.51745e-05
0.178589 	0.00220473 	-0.000539284 	3.5233e-05
0.18009 	0.00222065 	-0.000544784 	3.52916e-05
0.181591 	0.0022366 	-0.000550259 	3.5327e-05
0.183092 	0.00225319 	-0.000555275 	3.49453e-05
0.184592 	0.00227006 	-0.000560123 	3.45014e-05
0.186093 	0.00228739 	-0.00056468 	3.39506e-05
0.187594 	0.00230472 	-0.000569238 	3.33997e-05
0.189095 	0.00232205 	-0.000573796 	3.28488e-05
0.190595 	0.00233938 	-0.000578353 	3.2298e-05
0.192096 	0.00235671 	-0.000582911 	3.17471e-05
0.193597 	0.00237404 	-0.000587469 	3.11962e-05
0.195098 	0.00239012 	-0.000592757 	3.10751e-05
0.196598 	0.00240573 	-0.000598312 	3.11106e-05
0.198099 	0.00242135 	-0.000603867 	3.11461e-05
0.1996 	0.00243697 	-0.000609421 	3.11815e-05
0.201101 	0.00245259 	-0.000614976 	3.1217e-05
0.202601 	0.0024682 	-0.000620531 	3.12524e-05
0.204102 	0.00248382 	-0.000626085 	3.12879e-05
0.205603 	0.00250011 	-0.000631313 	3.11739e-05
0.207104 	0.00251681 	-0.000636338 	3.09682e-05
0.208604 	0.00253458 	-0.000640895 	3.08096e-05
0.210105 	0.00255261 	-0.000645341 	3.0662e-05
0.211606 	0.00257063 	-0.000649787 	3.05144e-05
0.213107 	0.00258865 	-0.000654234 	3.03668e-05
0.214607 	0.00260668 	-0.00065868 	3.02192e-05
0.216108 	0.0026247 	-0.000663127 	3.00716e-05
0.217609 	0.00264272 	-0.000667573 	2.99241e-05
0.21911 	0.00265932 	-0.000672775 	2.99882e-05
0.22061 	0.0026753 	-0.000678306 	3.01449e-05
0.222111 	0.00269128 	-0.000683837 	3.03016e-05
0.223612 	0.00270726 	-0.000689368 	3.04583e-05
0.225113 	0.00272324 	-0.000694899 	3.0615e-05
0.226613 	0.00273921 	-0.00070043 	3.07716e-05
0.228114 	0.00275519 	-0.000705961 	3.09283e-05
0.229615 	0.00277125 	-0.000711449 	3.10702e-05
0.231116 	0.00278827 	-0.000716428 	3.10347e-05
0.232616 	0.00280549 	-0.000721321 	3.10141e-05
0.234117 	0.00282391 	-0.000725682 	3.10859e-05
0.235618 	0.00284234 	-0.000730042 	3.11577e-05
0.237119 	0.00286076 	-0.000734402 	3.12295e-05
0.238619 	0.00287918 	-0.000738762 	3.13013e-05
0.24012 	0.00289761 	-0.000743122 	3.13731e-05
0.241621 	0.00291603 	-0.000747482 	3.14449e-05
0.243122 	0.00293445 	-0.000751843 	3.15167e-05
0.244622 	0.00295193 	-0.000756712 	3.16149e-05
0.246123 	0.00296853 	-0.000762055 	3.17379e-05
0.247624 	0.00298513 	-0.000767398 	3.18608e-05
0.249125 	0.00300173 	-0.000772741 	3.19837e-05
0.250625 	0.00301833 	-0.000778084 	3.21067e-05
0.252126 	0.00303493 	-0.000783426 	3.22296e-05
0.253627 	0.00305153 	-0.000788769 	3.23525e-05
0.255128 	0.00306813 	-0.000794112 	3.24754e-05
0.256628 	0.0030851 	-0.000799287 	3.25785e-05
0.258129 	0.00310273 	-0.000804176 	3.26475e-05
0.25963 	0.00312076 	-0.000808924 	3.27906e-05
0.261131 	0.00313977 	-0.000813334 	3.31124e-05
0.262631 	0.00315877 	-0.000817743 	3.34341e-05
0.264132 	0.00317778 	-0.000822153 	3.37559e-05
0.265633 	0.00319678 	-0.000826562 	3.40776e-05
0.267134 	0.00321578 	-0.000830972 	3.43994e-05
0.268634 	0.00323479 	-0.000835381 	3.47211e-05
0.270135 	0.00325379 	-0.000839791 	3.50429e-05
0.271636 	0.00327261 	-0.000844314 	3.53867e-05
0.273137 	0.00329027 	-0.000849516 	3.58624e-05
0.274637 	0.00330794 	-0.000854719 	3.63381e-05
0.276138 	0.0033256 	-0.000859921 	3.68138e-05
0.277639 	0.00334327 	-0.000865123 	3.72895e-05
0.27914 	0.00336093 	-0.000870326 	3.77653e-05
0.28064 	0.0033786 	-0.000875528 	3.8241e-05
0.282141 	0.00339626 	-0.00088073 	3.87167e-05
0.283642 	0.00341393 	-0.000885933 	3.91924e-05
0.285143 	0.00343196 	-0.000890942 	3.95696e-05
0.286643 	0.00345047 	-0.000895705 	3.98216e-05
0.288144 	0.00346923 	-0.000900383 	4.00582e-05
0.289645 	0.00348892 	-0.000904763 	4.02407e-05
0.291146 	0.0035086 	-0.000909144 	4.04231e-05
0.292646 	0.00352829 	-0.000913524 	4.06055e-05
0.294147 	0.00354797 	-0.000917905 	4.0788e-05
0.295648 	0.00356766 	-0.000922285 	4.09704e-05
0.297149 	0.00358735 	-0.000926666 	4.11529e-05
0.298649 	0.00360703 	-0.000931046 	4.13353e-05
0.30015 	0.00362672 	-0.000935427 	4.15177e-05
0.301651 	0.00364592 	-0.00094009 	4.19382e-05
0.303152 	0.00366468 	-0.000945017 	4.25806e-05
0.304652 	0.00368344 	-0.000949944 	4.32231e-05
0.306153 	0.0037022 	-0.000954871 	4.38655e-05
0.307654 	0.00372095 	-0.000959798 	4.45079e-05
0.309155 	0.00373971 	-0.000964725 	4.51504e-05
0.310655 	0.00375847 	-0.000969652 	4.57928e-05
0.312156 	0.00377722 	-0.000974579 	4.64352e-05
0.313657 	0.00379598 	-0.000979506 	4.70777e-05
0.315158 	0.00381488 	-0.000984361 	4.76272e-05
0.316658 	0.0038342 	-0.000988985 	4.78795e-05
0.318159 	0.00385353 	-0.00099361 	4.81319e-05
0.31966 	0.00387367 	-0.000998075 	4.79232e-05
0.321161 	0.00389393 	-0.00100252 	4.76455e-05
0.322661 	0.00391419 	-0.00100696 	4.73677e-05
0.324162 	0.00393445 	-0.0010114 	4.709e-05
0.325663 	0.00395472 	-0.00101584 	4.68122e-05
0.327164 	0.00397498 	-0.00102028 	4.65345e-05
0.328664 	0.00399524 	-0.00102472 	4.62567e-05
0.330165 	0.0040155 	-0.00102916 	4.5979e-05
0.331666 	0.00403576 	-0.0010336 	4.57012e-05
0.333167 	0.00405557 	-0.0010381 	4.56847e-05
0.334667 	0.00407506 	-0.00104263 	4.58508e-05
0.336168 	0.00409455 	-0.00104716 	4.60169e-05
0.337669 	0.00411404 	-0.00105169 	4.6183e-05
0.33917 	0.00413353 	-0.00105622 	4.63491e-05
0.34067 	0.00415302 	-0.00106075 	4.65152e-05
0.342171 	0.00417251 	-0.00106528 	4.66814e-05
0.343672 	0.00419201 	-0.00106981 	4.68475e-05
0.345173 	0.0042115 	-0.00107434 	4.70136e-05
0.346673 	0.00423099 	-0.00107887 	4.71797e-05
0.348174 	0.00425091 	-0.0010834 	4.71225e-05
0.349675 	0.00427102 	-0.00108793 	4.69745e-05
0.351176 	0.0042913 	-0.00109249 	4.67192e-05
0.352676 	0.00431235 	-0.00109717 	4.5998e-05
0.354177 	0.0043334 	-0.00110184 	4.52768e-05
0.355678 	0.00435444 	-0.00110652 	4.45555e-05
0.357179 	0.00437549 	-0.00111119 	4.38343e-05
0.358679 	0.00439654 	-0.00111586 	4.31131e-05
0.36018 	0.00441758 	-0.00112054 	4.23918e-05
0.361681 	0.00443863 	-0.00112521 	4.16706e-05
0.363182 	0.00445968 	-0.00112989 	4.09493e-05
0.364682 	0.00448073 	-0.00113456 	4.02281e-05
0.366183 	0.00450155 	-0.00113911 	3.95577e-05
0.367684 	0.00452187 	-0.00114337 	3.90017e-05
0.369185 	0.00454219 	-0.00114763 	3.84458e-05
0.370685 	0.0045625 	-0.00115189 	3.78898e-05
0.372186 	0.00458282 	-0.00115615 	3.73339e-05
0.373687 	0.00460314 	-0.0011604 	3.67779e-05
0.375188 	0.00462346 	-0.00116466 	3.62219e-05
0.376688 	0.00464378 	-0.00116892 	3.5666e-05
0.378189 	0.0046641 	-0.00117318 	3.511e-05
0.37969 	0.00468441 	-0.00117744 	3.45541e-05
0.381191 	0.00470473 	-0.0011817 	3.39981e-05
0.382691 	0.00472571 	-0.00118609 	3.33497e-05
0.384192 	0.00474683 	-0.00119051 	3.26798e-05
0.385693 	0.00476811 	-0.00119496 	3.19763e-05
0.387194 	0.00479046 	-0.00119968 	3.10411e-05
0.388694 	0.0048128 	-0.0012044 	3.01059e-05
0.390195 	0.00483515 	-0.00120913 	2.91707e-05
0.391696 	0.00485749 	-0.00121385 	2.82355e-05
0.393197 	0.00487983 	-0.00121857 	2.73003e-05
0.394697 	0.00490218 	-0.00122329 	2.63651e-05
0.396198 	0.00492452 	-0.00122801 	2.54299e-05
0.397699 	0.00494686 	-0.00123273 	2.44947e-05
0.3992 	0.00496921 	-0.00123746 	2.35595e-05
0.4007 	0.00499155 	-0.00124218 	2.26243e-05
0.402201 	0.00501341 	-0.00124642 	2.16111e-05
0.403702 	0.00503498 	-0.00125039 	2.05518e-05
0.405203 	0.00505655 	-0.00125436 	1.94925e-05
0.406703 	0.00507812 	-0.00125832 	1.84333e-05
0.408204 	0.00509969 	-0.00126229 	1.7374e-05
0.409705 	0.00512126 	-0.00126626 	1.63148e-05
0.411206 	0.00514283 	-0.00127022 	1.52555e-05
0.412706 	0.0051644 	-0.00127419 	1.41963e-05
0.414207 	0.00518597 	-0.00127816 	1.3137e-05
0.415708 	0.00520754 	-0.00128212 	1.20778e-05
0.417209 	0.00522911 	-0.00128609 	1.10185e-05
0.418709 	0.00525106 	-0.00129018 	9.98417e-06
0.42021 	0.00527339 	-0.00129441 	8.97481e-06
0.421711 	0.00529571 	-0.00129863 	7.96545e-06
0.423212 	0.0053188 	-0.00130316 	7.00484e-06
0.424712 	0.0053423 	-0.00130784 	6.07071e-06
0.426213 	0.0053658 	-0.00131253 	5.13657e-06
0.427714 	0.00538931 	-0.00131722 	4.20244e-06
0.429215 	0.00541281 	-0.00132191 	3.26831e-06
0.430715 	0.00543631 	-0.0013266 	2.33418e-06
0.432216 	0.00545981 	-0.00133129 	1.40005e-06
0.433717 	0.00548331 	-0.00133598 	4.65919e-07
0.435218 	0.00550681 	-0.00134066 	-4.68212e-07
0.436718 	0.00553031 	-0.00134535 	-1.40234e-06
0.438219 	0.00555382 	-0.00135004 	-2.33647e-06
0.43972 	0.00557699 	-0.00135429 	-3.51262e-06
0.441221 	0.00559986 	-0.00135813 	-4.9167e-06
0.442721 	0.00562273 	-0.00136197 	-6.32078e-06
0.444222 	0.0056456 	-0.0013658 	-7.72487e-06
0.445723 	0.00566847 	-0.00136964 	-9.12895e-06
0.447224 	0.00569135 	-0.00137348 	-1.0533e-05
0.448724 	0.00571422 	-0.00137731 	-1.19371e-05
0.450225 	0.00573709 	-0.00138115 	-1.33412e-05
0.451726 	0.00575996 	-0.00138499 	-1.47453e-05
0.453227 	0.00578283 	-0.00138882 	-1.61494e-05
0.454727 	0.0058057 	-0.00139266 	-1.75534e-05
0.456228 	0.00582857 	-0.0013965 	-1.89575e-05
0.457729 	0.00585172 	-0.00140049 	-2.01117e-05
0.45923 	0.00587497 	-0.00140453 	-2.11759e-05
0.46073 	0.00589822 	-0.00140857 	-2.224e-05
0.462231 	0.00592196 	-0.00141295 	-2.30062e-05
0.463732 	0.0059459 	-0.00141746 	-2.36528e-05
0.465233 	0.00596983 	-0.00142197 	-2.42993e-05
0.466733 	0.00599376 	-0.00142649 	-2.49459e-05
0.468234 	0.0060177 	-0.001431 	-2.55925e-05
0.469735 	0.00604163 	-0.00143551 	-2.62391e-05
0.471236 	0.00606557 	-0.00144003 	-2.68857e-05
0.472736 	0.0060895 	-0.00144454 	-2.75322e-05
0.474237 	0.00611344 	-0.00144905 	-2.81788e-05
0.475738 	0.00613737 	-0.00145356 	-2.88254e-05
0.477239 	0.0061613 	-0.00145808 	-2.9472e-05
0.478739 	0.00618524 	-0.00146259 	-3.01185e-05
0.48024 	0.00620875 	-0.00146639 	-3.14308e-05
0.481741 	0.00623223 	-0.00147013 	-3.27927e-05
0.483242 	0.00625571 	-0.00147387 	-3.41546e-05
0.484742 	0.00627919 	-0.00147762 	-3.55166e-05
0.486243 	0.00630267 	-0.00148136 	-3.68785e-05
0.487744 	0.00632616 	-0.0014851 	-3.82405e-05
0.489245 	0.00634964 	-0.00148884 	-3.96024e-05
0.490745 	0.00637312 	-0.00149259 	-4.09644e-05
0.492246 	0.0063966 	-0.00149633 	-4.23263e-05
0.493747 	0.00642008 	-0.00150007 	-4.36882e-05
0.495248 	0.00644356 	-0.00150382 	-4.50502e-05
0.496748 	0.00646704 	-0.00150756 	-4.64121e-05
0.498249 	0.00649076 	-0.00151135 	-4.75071e-05
0.49975 	0.00651471 	-0.00151519 	-4.83238e-05
0.501251 	0.00653867 	-0.00151902 	-4.91406e-05
0.502751 	0.00656288 	-0.00152297 	-4.97887e-05
0.504252 	0.00658769 	-0.00152718 	-5.00322e-05
0.505753 	0.00661249 	-0.00153138 	-5.02757e-05
0.507254 	0.0066373 	-0.00153559 	-5.05192e-05
0.508754 	0.0066621 	-0.00153979 	-5.07627e-05
0.510255 	0.00668691 	-0.001544 	-5.10062e-05
0.511756 	0.00671171 	-0.0015482 	-5.12497e-05
0.513257 	0.00673652 	-0.00155241 	-5.14932e-05
0.514757 	0.00676132 	-0.00155661 	-5.17367e-05
0.516258 	0.00678613 	-0.00156082 	-5.19802e-05
0.517759 	0.00681093 	-0.00156502 	-5.22237e-05
0.51926 	0.00683574 	-0.00156923 	-5.24672e-05
0.52076 	0.00686055 	-0.00157343 	-5.27107e-05
0.522261 	0.00688487 	-0.0015771 	-5.34707e-05
0.523762 	0.0069091 	-0.00158068 	-5.43218e-05
0.525263 	0.00693333 	-0.00158426 	-5.51729e-05
0.526763 	0.00695757 	-0.00158784 	-5.6024e-05
0.528264 	0.0069818 	-0.00159142 	-5.68751e-05
0.529765 	0.00700604 	-0.001595 	-5.77262e-05
0.531266 	0.00703027 	-0.00159858 	-5.85772e-05
0.532766 	0.0070545 	-0.00160215 	-5.94283e-05
0.534267 	0.00707874 	-0.00160573 	-6.02794e-05
0.535768 	0.00710297 	-0.00160931 	-6.11305e-05
0.537269 	0.00712721 	-0.00161289 	-6.19816e-05
0.538769 	0.00715144 	-0.00161647 	-6.28327e-05
0.54027 	0.00717568 	-0.00162005 	-6.36837e-05
0.541771 	0.00719764 	-0.00162324 	-6.42403e-05
0.543272 	0.00721882 	-0.00162631 	-6.46942e-05
0.544772 	0.00723999 	-0.00162937 	-6.5148e-05
0.546273 	0.00726026 	-0.00163234 	-6.54324e-05
0.547774 	0.00727898 	-0.00163513 	-6.54272e-05
0.549275 	0.0072977 	-0.00163793 	-6.54221e-05
0.550775 	0.00731642 	-0.00164072 	-6.5417e-05
0.552276 	0.00733514 	-0.00164352 	-6.54119e-05
0.553777 	0.00735385 	-0.00164631 	-6.54068e-05
0.555278 	0.00737257 	-0.00164911 	-6.54017e-05
0.556778 	0.00739129 	-0.0016519 	-6.53966e-05
0.558279 	0.00741001 	-0.00165469 	-6.53915e-05
0.55978 	0.00742873 	-0.00165749 	-6.53864e-05
0.561281 	0.00744745 	-0.00166028 	-6.53813e-05
0.562781 	0.00746617 	-0.00166308 	-6.53762e-05
0.564282 	0.00748489 	-0.00166587 	-6.53711e-05
0.565783 	0.00750352 	-0.00166855 	-6.54803e-05
0.567284 	0.00752188 	-0.00167086 	-6.59205e-05
0.568784 	0.00754025 	-0.00167318 	-6.63606e-05
0.570285 	0.00755861 	-0.00167549 	-6.68008e-05
0.571786 	0.00757698 	-0.00167781 	-6.7241e-05
0.573287 	0.00759534 	-0.00168012 	-6.76811e-05
0.574787 	0.0076137 	-0.00168244 	-6.81213e-05
0.576288 	0.00763207 	-0.00168476 	-6.85614e-05
0.577789 	0.00765043 	-0.00168707 	-6.90016e-05
0.57929 	0.0076688 	-0.00168939 	-6.94418e-05
0.58079 	0.00768716 	-0.0016917 	-6.98819e-05
0.582291 	0.00770553 	-0.00169402 	-7.03221e-05
0.583792 	0.00772389 	-0.00169633 	-7.07622e-05
0.585293 	0.00774225 	-0.00169865 	-7.12024e-05
0.586793 	0.00776249 	-0.00170118 	-7.15657e-05
0.588294 	0.00778478 	-0.00170395 	-7.18446e-05
0.589795 	0.00780708 	-0.00170672 	-7.21236e-05
0.591296 	0.00782937 	-0.00170949 	-7.24026e-05
0.592796 	0.00785592 	-0.00171287 	-7.23364e-05
0.594297 	0.00788281 	-0.0017163 	-7.2243e-05
0.595798 	0.0079097 	-0.00171972 	-7.21496e-05
0.597299 	0.0079366 	-0.00172315 	-7.20562e-05
0.598799 	0.00796349 	-0.00172657 	-7.19627e-05
0.6003 	0.00799038 	-0.00173 	-7.18693e-05
0.601801 	0.00801727 	-0.00173342 	-7.17759e-05
0.603302 	0.00804416 	-0.00173685 	-7.16825e-05
0.604802 	0.00807105 	-0.00174027 	-7.1589e-05
0.606303 	0.00809794 	-0.0017437 	-7.14956e-05
0.607804 	0.00812483 	-0.00174712 	-7.14022e-05
0.609305 	0.00815172 	-0.00175055 	-7.13088e-05
0.610805 	0.00817861 	-0.00175397 	-7.12153e-05
0.612306 	0.0082054 	-0.00175732 	-7.11818e-05
0.613807 	0.00823155 	-0.00176024 	-7.15069e-05
0.615308 	0.0082577 	-0.00176315 	-7.18319e-05
0.616808 	0.00828385 	-0.00176606 	-7.2157e-05
0.618309 	0.00831 	-0.00176897 	-7.24821e-05
0.61981 	0.00833615 	-0.00177188 	-7.28072e-05
0.621311 	0.0083623 	-0.00177479 	-7.31322e-05
0.622811 	0.00838846 	-0.00177771 	-7.34573e-05
0.624312 	0.00841461 	-0.00178062 	-7.37824e-05
0.625813 	0.00844076 	-0.00178353 	-7.41074e-05
0.627314 	0.00846691 	-0.00178644 	-7.44325e-05
0.628814 	0.00849306 	-0.00178935 	-7.47576e-05
0.630315 	0.00851921 	-0.00179227 	-7.50826e-05
0.631816 	0.00854536 	-0.00179518 	-7.54077e-05
0.633317 	0.00857151 	-0.00179809 	-7.57328e-05
0.634817 	0.00859814 	-0.001801 	-7.59856e-05
0.636318 	0.00862498 	-0.00180391 	-7.62067e-05
0.637819 	0.00865182 	-0.00180682 	-7.64278e-05
0.63932 	0.00867866 	-0.00180973 	-7.66489e-05
0.64082 	0.00870689 	-0.00181277 	-7.65067e-05
0.642321 	0.00873517 	-0.00181582 	-7.63516e-05
0.643822 	0.00876345 	-0.00181886 	-7.61965e-05
0.645323 	0.00879173 	-0.00182191 	-7.60414e-05
0.646823 	0.00882 	-0.00182495 	-7.58863e-05
0.648324 	0.00884828 	-0.001828 	-7.57312e-05
0.649825 	0.00887656 	-0.00183104 	-7.55761e-05
0.651326 	0.00890484 	-0.00183409 	-7.5421e-05
0.652826 	0.00893312 	-0.00183713 	-7.52659e-05
0.654327 	0.0089614 	-0.00184018 	-7.51108e-05
0.655828 	0.00898968 	-0.00184322 	-7.49557e-05
0.657329 	0.00901796 	-0.00184627 	-7.48006e-05
0.658829 	0.00904624 	-0.00184931 	-7.46455e-05
0.66033 	0.00907452 	-0.00185236 	-7.44904e-05
0.661831 	0.00910233 	-0.00185513 	-7.45185e-05
0.663332 	0.00912969 	-0.00185764 	-7.47208e-05
0.664832 	0.00915705 	-0.00186015 	-7.4923e-05
0.666333 	0.00918442 	-0.00186266 	-7.51253e-05
0.667834 	0.00921178 	-0.00186517 	-7.53275e-05
0.669335 	0.00923914 	-0.00186768 	-7.55298e-05
0.670835 	0.0092665 	-0.00187019 	-7.5732e-05
0.672336 	0.00929387 	-0.0018727 	-7.59343e-05
0.673837 	0.00932123 	-0.00187521 	-7.61365e-05
0.675338 	0.00934859 	-0.00187772 	-7.63388e-05
0.676838 	0.00937596 	-0.00188023 	-7.6541e-05
0.678339 	0.00940332 	-0.00188274 	-7.67433e-05
0.67984 	0.00943068 	-0.00188525 	-7.69455e-05
0.681341 	0.00945805 	-0.00188776 	-7.71478e-05
0.682841 	0.00948541 	-0.00189027 	-7.735e-05
0.684342 	0.00951308 	-0.00189277 	-7.75306e-05
0.685843 	0.0095412 	-0.00189525 	-7.76792e-05
0.687344 	0.00956933 	-0.00189774 	-7.78278e-05
0.688844 	0.00959746 	-0.00190022 	-7.79764e-05
0.690345 	0.00962647 	-0.00190271 	-7.79901e-05
0.691846 	0.00965638 	-0.0019052 	-7.78671e-05
0.693347 	0.00968628 	-0.0019077 	-7.77442e-05
0.694847 	0.00971619 	-0.00191019 	-7.76212e-05
0.696348 	0.0097461 	-0.00191269 	-7.74982e-05
0.697849 	0.00977601 	-0.00191518 	-7.73752e-05
0.69935 	0.00980592 	-0.00191768 	-7.72522e-05
0.70085 	0.00983583 	-0.00192017 	-7.71292e-05
0.702351 	0.00986573 	-0.00192267 	-7.70063e-05
0.703852 	0.00989564 	-0.00192517 	-7.68833e-05
0.705353 	0.00992555 	-0.00192766 	-7.67603e-05
0.706853 	0.00995546 	-0.00193016 	-7.66373e-05
0.708354 	0.00998537 	-0.00193265 	-7.65143e-05
0.709855 	0.0100153 	-0.00193515 	-7.63913e-05
0.711356 	0.0100452 	-0.00193764 	-7.62684e-05
0.712856 	0.0100746 	-0.00193993 	-7.62055e-05
0.714357 	0.0101034 	-0.00194187 	-7.62401e-05
0.715858 	0.0101321 	-0.00194382 	-7.62748e-05
0.717359 	0.0101608 	-0.00194576 	-7.63094e-05
0.718859 	0.0101896 	-0.00194771 	-7.6344e-05
0.72036 	0.0102183 	-0.00194965 	-7.63787e-05
0.721861 	0.010247 	-0.0019516 	-7.64133e-05
0.723362 	0.0102758 	-0.00195354 	-7.64479e-05
0.724862 	0.0103045 	-0.00195549 	-7.64825e-05
0.726363 	0.0103333 	-0.00195743 	-7.65172e-05
0.727864 	0.010362 	-0.00195938 	-7.65518e-05
0.729365 	0.0103907 	-0.00196132 	-7.65864e-05
0.730865 	0.0104195 	-0.00196327 	-7.66211e-05
0.732366 	0.0104482 	-0.00196521 	-7.66557e-05
0.733867 	0.0104769 	-0.00196716 	-7.66903e-05
0.735368 	0.0105057 	-0.0019691 	-7.6725e-05
0.736868 	0.0105347 	-0.00197106 	-7.67893e-05
0.738369 	0.0105639 	-0.00197304 	-7.68715e-05
0.73987 	0.0105932 	-0.00197501 	-7.69537e-05
0.741371 	0.0106224 	-0.00197698 	-7.70359e-05
0.742871 	0.0106524 	-0.00197895 	-7.71066e-05
0.744372 	0.010683 	-0.00198091 	-7.71674e-05
0.745873 	0.0107137 	-0.00198287 	-7.72282e-05
0.747374 	0.0107443 	-0.00198483 	-7.7289e-05
0.748874 	0.010775 	-0.00198679 	-7.73498e-05
0.750375 	0.0108056 	-0.00198875 	-7.74107e-05
0.751876 	0.0108363 	-0.00199071 	-7.74715e-05
0.753377 	0.0108669 	-0.00199267 	-7.75323e-05
0.754877 	0.0108976 	-0.00199463 	-7.75931e-05
0.756378 	0.0109282 	-0.00199659 	-7.76539e-05
0.757879 	0.0109589 	-0.00199855 	-7.77148e-05
0.75938 	0.0109895 	-0.00200051 	-7.77756e-05
0.76088 	0.0110202 	-0.00200247 	-7.78364e-05
0.762381 	0.0110508 	-0.00200443 	-7.78972e-05
0.763882 	0.0110814 	-0.00200639 	-7.7958e-05
0.765383 	0.0111121 	-0.00200835 	-7.80189e-05
0.766883 	0.0111418 	-0.00200996 	-7.80329e-05
0.768384 	0.0111712 	-0.00201147 	-7.80336e-05
0.769885 	0.0112006 	-0.00201297 	-7.80343e-05
0.771386 	0.0112299 	-0.00201448 	-7.80351e-05
0.772886 	0.0112593 	-0.00201599 	-7.80358e-05
0.774387 	0.0112887 	-0.00201749 	-7.80365e-05
0.775888 	0.0113181 	-0.002019 	-7.80372e-05
0.777389 	0.0113475 	-0.0020205 	-7.80379e-05
0.778889 	0.0113769 	-0.00202201 	-7.80387e-05
0.78039 	0.0114063 	-0.00202352 	-7.80394e-05
0.781891 	0.0114357 	-0.00202502 	-7.80401e-05
0.783392 	0.0114651 	-0.00202653 	-7.80408e-05
0.784892 	0.0114945 	-0.00202803 	-7.80415e-05
0.786393 	0.0115239 	-0.00202954 	-7.80423e-05
0.787894 	0.0115533 	-0.00203105 	-7.8043e-05
0.789395 	0.0115827 	-0.00203255 	-7.80437e-05
0.790895 	0.0116122 	-0.00203406 	-7.80282e-05
0.792396 	0.011642 	-0.00203556 	-7.79874e-05
0.793897 	0.0116717 	-0.00203707 	-7.79466e-05
0.795398 	0.0117015 	-0.00203857 	-7.79058e-05
0.796898 	0.0117314 	-0.00204007 	-7.78907e-05
0.798399 	0.0117622 	-0.00204151 	-7.80352e-05
0.7999 	0.0117929 	-0.00204295 	-7.81796e-05
0.801401 	0.0118236 	-0.00204438 	-7.83241e-05
0.802901 	0.0118544 	-0.00204582 	-7.84686e-05
0.804402 	0.0118851 	-0.00204726 	-7.86131e-05
0.805903 	0.0119158 	-0.0020487 	-7.87575e-05
0.807404 	0.0119466 	-0.00205013 	-7.8902e-05
0.808904 	0.0119773 	-0.00205157 	-7.90465e-05
0.810405 	0.012008 	-0.00205301 	-7.91909e-05
0.811906 	0.0120388 	-0.00205445 	-7.93354e-05
0.813407 	0.0120695 	-0.00205589 	-7.94799e-05
0.814907 	0.0121002 	-0.00205732 	-7.96244e-05
0.816408 	0.012131 	-0.00205876 	-7.97688e-05
0.817909 	0.0121617 	-0.0020602 	-7.99133e-05
0.81941 	0.0121925 	-0.00206164 	-8.00578e-05
0.82091 	0.0122232 	-0.00206307 	-8.02022e-05
0.822411 	0.0122531 	-0.00206429 	-8.0287e-05
0.823912 	0.0122826 	-0.00206544 	-8.03513e-05
0.825413 	0.0123122 	-0.00206659 	-8.04156e-05
0.826913 	0.0123418 	-0.00206773 	-8.048e-05
0.828414 	0.0123714 	-0.00206888 	-8.05443e-05
0.829915 	0.012401 	-0.00207002 	-8.06087e-05
0.831416 	0.0124306 	-0.00207117 	-8.0673e-05
0.832916 	0.0124602 	-0.00207231 	-8.07374e-05
0.834417 	0.0124897 	-0.00207346 	-8.08017e-05
0.835918 	0.0125193 	-0.0020746 	-8.08661e-05
0.837419 	0.0125489 	-0.00207575 	-8.09304e-05
0.838919 	0.0125785 	-0.0020769 	-8.09947e-05
0.84042 	0.0126081 	-0.00207804 	-8.10591e-05
0.841921 	0.0126377 	-0.00207919 	-8.11234e-05
0.843422 	0.0126673 	-0.00208033 	-8.11878e-05
0.844922 	0.0126968 	-0.00208148 	-8.12521e-05
0.846423 	0.0127264 	-0.00208262 	-8.13165e-05
0.847924 	0.012753 	-0.00208364 	-8.12337e-05
0.849425 	0.0127786 	-0.00208461 	-8.11032e-05
0.850925 	0.0128042 	-0.00208558 	-8.09727e-05
0.852426 	0.0128298 	-0.00208656 	-8.08423e-05
0.853927 	0.0128543 	-0.00208745 	-8.07269e-05
0.855428 	0.0128764 	-0.0020882 	-8.06412e-05
0.856928 	0.0128986 	-0.00208894 	-8.05555e-05
0.858429 	0.0129208 	-0.00208968 	-8.04697e-05
0.85993 	0.012943 	-0.00209043 	-8.0384e-05
0.861431 	0.0129652 	-0.00209117 	-8.02982e-05
0.862931 	0.0129873 	-0.00209191 	-8.02125e-05
0.864432 	0.0130095 	-0.00209266 	-8.01267e-05
0.865933 	0.0130317 	-0.0020934 	-8.0041e-05
0.867434 	0.0130539 	-0.00209414 	-7.99553e-05
0.868934 	0.0130761 	-0.00209489 	-7.98695e-05
0.870435 	0.0130982 	-0.00209563 	-7.97838e-05
0.871936 	0.0131204 	-0.00209637 	-7.9698e-05
0.873437 	0.0131426 	-0.00209712 	-7.96123e-05
0.874937 	0.0131648 	-0.00209786 	-7.95266e-05
0.876438 	0.013187 	-0.0020986 	-7.94408e-05
0.877939 	0.0132091 	-0.00209935 	-7.93551e-05
0.87944 	0.0132311 	-0.00210005 	-7.92537e-05
0.88094 	0.0132525 	-0.00210066 	-7.91222e-05
0.882441 	0.0132739 	-0.00210128 	-7.89907e-05
0.883942 	0.0132954 	-0.00210189 	-7.88592e-05
0.885443 	0.0133168 	-0.0021025 	-7.87277e-05
0.886943 	0.0133382 	-0.00210312 	-7.85962e-05
0.888444 	0.0133597 	-0.00210373 	-7.84647e-05
0.889945 	0.0133811 	-0.00210435 	-7.83332e-05
0.891446 	0.0134025 	-0.00210496 	-7.82017e-05
0.892946 	0.013424 	-0.00210558 	-7.80702e-05
0.894447 	0.0134454 	-0.00210619 	-7.79388e-05
0.895948 	0.0134668 	-0.00210681 	-7.78073e-05
0.897449 	0.0134883 	-0.00210742 	-7.76758e-05
0.898949 	0.0135097 	-0.00210804 	-7.75443e-05
0.90045 	0.0135311 	-0.00210865 	-7.74128e-05
0.901951 	0.0135526 	-0.00210927 	-7.72813e-05
0.903452 	0.013574 	-0.00210988 	-7.71498e-05
0.904952 	0.0135954 	-0.0021105 	-7.70183e-05
0.906453 	0.0136206 	-0.00211109 	-7.69187e-05
0.907954 	0.0136468 	-0.00211168 	-7.68282e-05
0.909455 	0.0136729 	-0.00211226 	-7.67377e-05
0.910955 	0.0136991 	-0.00211285 	-7.66471e-05
0.912456 	0.0137264 	-0.00211342 	-7.65781e-05
0.913957 	0.0137579 	-0.00211395 	-7.65926e-05
0.915458 	0.0137893 	-0.00211448 	-7.6607e-05
0.916958 	0.0138208 	-0.00211501 	-7.66215e-05
0.918459 	0.0138523 	-0.00211554 	-7.66359e-05
0.91996 	0.0138837 	-0.00211607 	-7.66504e-05
0.921461 	0.0139152 	-0.0021166 	-7.66649e-05
0.922961 	0.0139467 	-0.00211713 	-7.66793e-05
0.924462 	0.0139782 	-0.00211766 	-7.66938e-05
0.925963 	0.0140096 	-0.00211819 	-7.67082e-05
0.927464 	0.0140411 	-0.00211872 	-7.67227e-05
0.928964 	0.0140726 	-0.00211925 	-7.67372e-05
0.930465 	0.0141041 	-0.00211978 	-7.67516e-05
0.931966 	0.0141355 	-0.00212031 	-7.67661e-05
0.933467 	0.014167 	-0.00212084 	-7.67805e-05
0.934967 	0.0141985 	-0.00212137 	-7.6795e-05
0.936468 	0.0142299 	-0.0021219 	-7.68095e-05
0.937969 	0.0142614 	-0.00212243 	-7.68239e-05
0.93947 	0.0142924 	-0.00212295 	-7.67846e-05
0.94097 	0.014323 	-0.00212347 	-7.67146e-05
0.942471 	0.0143536 	-0.002124 	-7.66446e-05
0.943972 	0.0143843 	-0.00212452 	-7.65746e-05
0.945473 	0.0144149 	-0.00212504 	-7.65046e-05
0.946973 	0.0144455 	-0.00212556 	-7.64346e-05
0.948474 	0.0144762 	-0.00212608 	-7.63646e-05
0.949975 	0.0145068 	-0.00212661 	-7.62946e-05
0.951476 	0.0145375 	-0.00212713 	-7.62246e-05
0.952976 	0.0145681 	-0.00212765 	-7.61546e-05
0.954477 	0.0145987 	-0.00212817 	-7.60846e-05
0.955978 	0.0146294 	-0.00212869 	-7.60146e-05
0.957479 	0.01466 	-0.00212921 	-7.59447e-05
0.958979 	0.0146906 	-0.00212974 	-7.58747e-05
0.96048 	0.0147213 	-0.00213026 	-7.58047e-05
0.961981 	0.0147519 	-0.00213078 	-7.57347e-05
0.963482 	0.0147826 	-0.0021313 	-7.56647e-05
0.964982 	0.0148132 	-0.00213182 	-7.55947e-05
0.966483 	0.0148441 	-0.0021322 	-7.56044e-05
0.967984 	0.0148752 	-0.00213247 	-7.56809e-05
0.969485 	0.0149063 	-0.00213273 	-7.57575e-05
0.970985 	0.0149374 	-0.00213299 	-7.58341e-05
0.972486 	0.0149686 	-0.00213325 	-7.59107e-05
0.973987 	0.0150006 	-0.00213329 	-7.61675e-05
0.975488 	0.0150328 	-0.00213328 	-7.64638e-05
0.976988 	0.0150651 	-0.00213327 	-7.67601e-05
0.978489 	0.0150973 	-0.00213326 	-7.70564e-05
0.97999 	0.0151295 	-0.00213325 	-7.73528e-05
0.981491 	0.0151618 	-0.00213325 	-7.76491e-05
0.982991 	0.015194 	-0.00213324 	-7.79454e-05
0.984492 	0.0152262 	-0.00213323 	-7.82418e-05
0.985993 	0.0152585 	-0.00213322 	-7.85381e-05
0.987494 	0.0152907 	-0.00213321 	-7.88344e-05
0.988994 	0.015323 	-0.0021332 	-7.91307e-05
0.990495 	0.0153552 	-0.00213319 	-7.94271e-05
0.991996 	0.0153874 	-0.00213318 	-7.97234e-05
0.993497 	0.0154197 	-0.00213317 	-8.00197e-05
0.994997 	0.0154519 	-0.00213316 	-8.0316e-05
0.996498 	0.0154841 	-0.00213315 	-8.06124e-05
0.997999 	0.0155164 	-0.00213314 	-8.09087e-05
0.9995 	0.0155486 	-0.00213313 	-8.1205e-05
1.001 	0.0155803 	-0.00213312 	-8.14041e-05
1.0025 	0.0156117 	-0.00213312 	-8.15652e-05
1.004 	0.0156431 	-0.00213311 	-8.17264e-05
1.0055 	0.0156746 	-0.0021331 	-8.18876e-05
1.007 	0.015706 	-0.00213309 	-8.20487e-05
1.0085 	0.0157374 	-0.00213308 	-8.22099e-05
1.01001 	0.0157688 	-0.00213307 	-8.23711e-05
1.01151 	0.0158003 	-0.00213306 	-8.25322e-05
1.01301 	0.0158317 	-0.00213305 	-8.26934e-05
1.01451 	0.0158631 	-0.00213304 	-8.28545e-05
1.01601 	0.0158946 	-0.00213303 	-8.30157e-05
1.01751 	0.015926 	-0.00213303 	-8.31769e-05
1.01901 	0.0159574 	-0.00213302 	-8.3338e-05
1.02051 	0.0159889 	-0.00213301 	-8.34992e-05
1.02201 	0.0160203 	-0.002133 	-8.36603e-05
1.02351 	0.0160517 	-0.00213299 	-8.38215e-05
1.02501 	0.0160832 	-0.00213298 	-8.39827e-05
1.02651 	0.0161146 	-0.00213297 	-8.41438e-05
1.02801 	0.016146 	-0.00213292 	-8.43106e-05
1.02951 	0.0161772 	-0.00213264 	-8.45118e-05
1.03102 	0.0162085 	-0.00213236 	-8.47131e-05
1.03252 	0.0162397 	-0.00213208 	-8.49144e-05
1.03402 	0.016271 	-0.00213179 	-8.51156e-05
1.03552 	0.0163024 	-0.00213142 	-8.53338e-05
1.03702 	0.0163343 	-0.00213079 	-8.55961e-05
1.03852 	0.0163663 	-0.00213016 	-8.58584e-05
1.04002 	0.0163982 	-0.00212954 	-8.61206e-05
1.04152 	0.0164302 	-0.00212891 	-8.63829e-05
1.04302 	0.0164621 	-0.00212828 	-8.66451e-05
1.04452 	0.0164941 	-0.00212765 	-8.69074e-05
1.04602 	0.016526 	-0.00212703 	-8.71697e-05
1.04752 	0.016558 	-0.0021264 	-8.74319e-05
1.04902 	0.0165899 	-0.00212577 	-8.76942e-05
1.05053 	0.0166219 	-0.00212515 	-8.79564e-05
1.05203 	0.0166538 	-0.00212452 	-8.82187e-05
1.05353 	0.0166857 	-0.00212389 	-8.84809e-05
1.05503 	0.0167177 	-0.00212326 	-8.87432e-05
1.05653 	0.0167496 	-0.00212264 	-8.90055e-05
1.05803 	0.0167816 	-0.00212201 	-8.92677e-05
1.05953 	0.0168135 	-0.00212138 	-8.953e-05
1.06103 	0.0168455 	-0.00212076 	-8.97922e-05
1.06253 	0.0168774 	-0.00212013 	-9.00545e-05
1.06403 	0.0169088 	-0.0021195 	-9.02246e-05
1.06553 	0.01694 	-0.00211886 	-9.03534e-05
1.06703 	0.0169711 	-0.00211822 	-9.04822e-05
1.06853 	0.0170023 	-0.00211759 	-9.06111e-05
1.07004 	0.0170335 	-0.00211695 	-9.07399e-05
1.07154 	0.0170646 	-0.00211632 	-9.08687e-05
1.07304 	0.0170958 	-0.00211568 	-9.09975e-05
1.07454 	0.017127 	-0.00211505 	-9.11264e-05
1.07604 	0.0171581 	-0.00211441 	-9.12552e-05
1.07754 	0.0171893 	-0.00211378 	-9.1384e-05
1.07904 	0.0172204 	-0.00211314 	-9.15128e-05
1.08054 	0.0172516 	-0.0021125 	-9.16417e-05
1.08204 	0.0172828 	-0.00211187 	-9.17705e-05
1.08354 	0.0173139 	-0.00211123 	-9.18993e-05
1.08504 	0.0173451 	-0.0021106 	-9.20281e-05
1.08654 	0.0173763 	-0.00210996 	-9.2157e-05
1.08804 	0.0174074 	-0.00210933 	-9.22858e-05
1.08954 	0.0174386 	-0.00210869 	-9.24146e-05
1.09105 	0.0174697 	-0.00210806 	-9.25434e-05
1.09255 	0.0175002 	-0.00210726 	-9.25598e-05
1.09405 	0.0175303 	-0.00210639 	-9.25222e-05
1.09555 	0.0175605 	-0.00210552 	-9.24845e-05
1.09705 	0.0175906 	-0.00210464 	-9.24469e-05
1.09855 	0.0176207 	-0.00210377 	-9.24092e-05
1.10005 	0.0176507 	-0.00210268 	-9.22307e-05
1.10155 	0.0176805 	-0.00210149 	-9.19886e-05
1.10305 	0.0177104 	-0.0021003 	-9.17464e-05
1.10455 	0.0177402 	-0.00209911 	-9.15043e-05
1.10605 	0.0177701 	-0.00209792 	-9.12622e-05
1.10755 	0.0177999 	-0.00209672 	-9.102e-05
1.10905 	0.0178298 	-0.00209553 	-9.07779e-05
1.11056 	0.0178597 	-0.00209434 	-9.05358e-05
1.11206 	0.0178895 	-0.00209315 	-9.02937e-05
1.11356 	0.0179194 	-0.00209196 	-9.00515e-05
1.11506 	0.0179492 	-0.00209077 	-8.98094e-05
1.11656 	0.0179791 	-0.00208958 	-8.95673e-05
1.11806 	0.018009 	-0.00208839 	-8.93251e-05
1.11956 	0.0180388 	-0.0020872 	-8.9083e-05
1.12106 	0.0180687 	-0.00208601 	-8.88409e-05
1.12256 	0.0180985 	-0.00208482 	-8.85987e-05
1.12406 	0.0181284 	-0.00208363 	-8.83566e-05
1.12556 	0.0181583 	-0.00208243 	-8.81145e-05
1.12706 	0.0181881 	-0.00208124 	-8.78724e-05
1.12856 	0.0182176 	-0.00208007 	-8.75994e-05
1.13007 	0.0182468 	-0.00207891 	-8.73109e-05
1.13157 	0.0182761 	-0.00207774 	-8.70224e-05
1.13307 	0.0183054 	-0.00207658 	-8.67339e-05
1.13457 	0.0183346 	-0.00207541 	-8.64454e-05
1.13607 	0.0183639 	-0.00207425 	-8.61569e-05
1.13757 	0.0183932 	-0.00207308 	-8.58684e-05
1.13907 	0.0184224 	-0.00207192 	-8.55799e-05
1.14057 	0.0184517 	-0.00207076 	-8.52914e-05
1.14207 	0.018481 	-0.00206959 	-8.50029e-05
1.14357 	0.0185102 	-0.00206843 	-8.47144e-05
1.14507 	0.0185395 	-0.00206726 	-8.44259e-05
1.14657 	0.0185688 	-0.0020661 	-8.41374e-05
1.14807 	0.018598 	-0.00206493 	-8.3849e-05
1.14957 	0.0186273 	-0.00206377 	-8.35605e-05
1.15108 	0.0186566 	-0.00206261 	-8.3272e-05
1.15258 	0.0186858 	-0.00206144 	-8.29835e-05
1.15408 	0.0187151 	-0.00206028 	-8.2695e-05
1.15558 	0.0187444 	-0.00205911 	-8.24065e-05
1.15708 	0.0187722 	-0.00205796 	-8.21043e-05
1.15858 	0.0187963 	-0.00205685 	-8.17653e-05
1.16008 	0.0188203 	-0.00205574 	-8.14264e-05
1.16158 	0.0188444 	-0.00205462 	-8.10875e-05
1.16308 	0.0188684 	-0.00205351 	-8.07485e-05
1.16458 	0.0188916 	-0.0020524 	-8.04038e-05
1.16608 	0.0189109 	-0.00205132 	-8.00321e-05
1.16758 	0.0189302 	-0.00205025 	-7.96603e-05
1.16908 	0.0189495 	-0.00204917 	-7.92886e-05
1.17059 	0.0189688 	-0.0020481 	-7.89169e-05
1.17209 	0.0189881 	-0.00204702 	-7.85451e-05
1.17359 	0.0190074 	-0.00204595 	-7.81734e-05
1.17509 	0.0190267 	-0.00204487 	-7.78016e-05
1.17659 	0.019046 	-0.00204379 	-7.74299e-05
1.17809 	0.0190653 	-0.00204272 	-7.70582e-05
1.17959 	0.0190845 	-0.00204164 	-7.66864e-05
1.18109 	0.0191038 	-0.00204057 	-7.63147e-05
1.18259 	0.0191231 	-0.00203949 	-7.59429e-05
1.18409 	0.0191424 	-0.00203841 	-7.55712e-05
1.18559 	0.0191617 	-0.00203734 	-7.51995e-05
1.18709 	0.019181 	-0.00203626 	-7.48277e-05
1.18859 	0.0192003 	-0.00203519 	-7.4456e-05
1.1901 	0.0192196 	-0.00203411 	-7.40842e-05
1.1916 	0.0192389 	-0.00203303 	-7.37125e-05
1.1931 	0.0192582 	-0.00203196 	-7.33408e-05
1.1946 	0.0192773 	-0.0020309 	-7.29778e-05
1.1961 	0.0192963 	-0.00202986 	-7.26175e-05
1.1976 	0.0193154 	-0.00202881 	-7.22572e-05
1.1991 	0.0193344 	-0.00202776 	-7.18968e-05
1.2006 	0.0193535 	-0.00202671 	-7.15365e-05
1.2021 	0.0193725 	-0.00202566 	-7.11762e-05
1.2036 	0.0193916 	-0.00202461 	-7.08158e-05
1.2051 	0.0194106 	-0.00202357 	-7.04555e-05
1.2066 	0.0194297 	-0.00202252 	-7.00951e-05
1.2081 	0.0194487 	-0.00202147 	-6.97348e-05
1.2096 	0.0194678 	-0.00202042 	-6.93745e-05
1.21111 	0.0194868 	-0.00201937 	-6.90141e-05
1.21261 	0.0195059 	-0.00201832 	-6.86538e-05
1.21411 	0.0195249 	-0.00201728 	-6.82935e-05
1.21561 	0.019544 	-0.00201623 	-6.79331e-05
1.21711 	0.0195631 	-0.00201518 	-6.75728e-05
1.21861 	0.0195821 	-0.00201413 	-6.72125e-05
1.22011 	0.0196012 	-0.00201308 	-6.68521e-05
1.22161 	0.0196202 	-0.00201203 	-6.64918e-05
1.22311 	0.0196394 	-0.00201097 	-6.6124e-05
1.22461 	0.0196613 	-0.00200962 	-6.56466e-05
1.22611 	0.0196831 	-0.00200828 	-6.51693e-05
1.22761 	0.0197049 	-0.00200693 	-6.4692e-05
1.22911 	0.0197267 	-0.00200559 	-6.42147e-05
1.23062 	0.0197485 	-0.00200424 	-6.37373e-05
1.23212 	0.0197729 	-0.00200264 	-6.31633e-05
1.23362 	0.0197976 	-0.00200101 	-6.25751e-05
1.23512 	0.0198224 	-0.00199937 	-6.19869e-05
1.23662 	0.0198471 	-0.00199774 	-6.13987e-05
1.23812 	0.0198719 	-0.0019961 	-6.08105e-05
1.23962 	0.0198966 	-0.00199446 	-6.02223e-05
1.24112 	0.0199214 	-0.00199283 	-5.96341e-05
1.24262 	0.0199461 	-0.00199119 	-5.90459e-05
1.24412 	0.0199709 	-0.00198955 	-5.84577e-05
1.24562 	0.0199956 	-0.00198792 	-5.78695e-05
1.24712 	0.0200204 	-0.00198628 	-5.72813e-05
1.24862 	0.0200451 	-0.00198465 	-5.66931e-05
1.25013 	0.0200699 	-0.00198301 	-5.61049e-05
1.25163 	0.0200946 	-0.00198137 	-5.55167e-05
1.25313 	0.0201194 	-0.00197974 	-5.49285e-05
1.25463 	0.0201441 	-0.0019781 	-5.43403e-05
1.25613 	0.0201689 	-0.00197647 	-5.37521e-05
1.25763 	0.0201936 	-0.00197483 	-5.31639e-05
1.25913 	0.0202184 	-0.00197319 	-5.25757e-05
1.26063 	0.0202431 	-0.00197156 	-5.19886e-05
1.26213 	0.0202676 	-0.00196995 	-5.14073e-05
1.26363 	0.0202921 	-0.00196834 	-5.08261e-05
1.26513 	0.0203165 	-0.00196673 	-5.02449e-05
1.26663 	0.020341 	-0.00196512 	-4.96636e-05
1.26813 	0.0203655 	-0.00196351 	-4.90824e-05
1.26963 	0.02039 	-0.00196191 	-4.85011e-05
1.27114 	0.0204145 	-0.0019603 	-4.79199e-05
1.27264 	0.020439 	-0.00195869 	-4.73386e-05
1.27414 	0.0204635 	-0.00195708 	-4.67574e-05
1.27564 	0.020488 	-0.00195547 	-4.61761e-05
1.27714 	0.0205125 	-0.00195386 	-4.55949e-05
1.27864 	0.020537 	-0.00195225 	-4.50136e-05
1.28014 	0.0205615 	-0.00195064 	-4.44324e-05
1.28164 	0.020586 	-0.00194903 	-4.38511e-05
1.28314 	0.0206104 	-0.00194742 	-4.32699e-05
1.28464 	0.0206349 	-0.00194581 	-4.26887e-05
1.28614 	0.0206594 	-0.0019442 	-4.21074e-05
1.28764 	0.0206839 	-0.00194259 	-4.15262e-05
1.28914 	0.0207084 	-0.00194098 	-4.09449e-05
1.29065 	0.0207327 	-0.00193935 	-4.03444e-05
1.29215 	0.0207565 	-0.00193763 	-3.96643e-05
1.29365 	0.0207802 	-0.00193591 	-3.89843e-05
1.29515 	0.0208039 	-0.00193419 	-3.83042e-05
1.29665 	0.0208276 	-0.00193246 	-3.76242e-05
1.29815 	0.0208513 	-0.00193074 	-3.69441e-05
1.29965 	0.0208745 	-0.00192891 	-3.61289e-05
1.30115 	0.0208975 	-0.00192706 	-3.53027e-05
1.30265 	0.0209206 	-0.00192522 	-3.44765e-05
1.30415 	0.0209437 	-0.00192338 	-3.36502e-05
1.30565 	0.0209668 	-0.00192153 	-3.2824e-05
1.30715 	0.0209899 	-0.00191969 	-3.19978e-05
1.30865 	0.0210129 	-0.00191785 	-3.11716e-05
1.31016 	0.021036 	-0.001916 	-3.03454e-05
1.31166 	0.0210591 	-0.00191416 	-2.95192e-05
1.31316 	0.0210822 	-0.00191232 	-2.8693e-05
1.31466 	0.0211052 	-0.00191047 	-2.78668e-05
1.31616 	0.0211283 	-0.00190863 	-2.70406e-05
1.31766 	0.0211514 	-0.00190678 	-2.62143e-05
1.31916 	0.0211745 	-0.00190494 	-2.53881e-05
1.32066 	0.0211976 	-0.0019031 	-2.45619e-05
1.32216 	0.0212206 	-0.00190125 	-2.37357e-05
1.32366 	0.0212437 	-0.00189941 	-2.29095e-05
1.32516 	0.0212668 	-0.00189757 	-2.20833e-05
1.32666 	0.0212899 	-0.00189572 	-2.12571e-05
1.32816 	0.021313 	-0.00189388 	-2.04309e-05
1.32966 	0.0213358 	-0.00189206 	-1.96298e-05
1.33117 	0.0213586 	-0.00189023 	-1.88299e-05
1.33267 	0.0213815 	-0.00188841 	-1.80301e-05
1.33417 	0.0214043 	-0.00188659 	-1.72302e-05
1.33567 	0.0214271 	-0.00188477 	-1.64303e-05
1.33717 	0.02145 	-0.00188294 	-1.56304e-05
1.33867 	0.0214728 	-0.00188112 	-1.48305e-05
1.34017 	0.0214956 	-0.0018793 	-1.40306e-05
1.34167 	0.0215185 	-0.00187748 	-1.32307e-05
1.34317 	0.0215413 	-0.00187565 	-1.24308e-05
1.34467 	0.0215641 	-0.00187383 	-1.16309e-05
1.34617 	0.021587 	-0.00187201 	-1.0831e-05
1.34767 	0.0216098 	-0.00187018 	-1.00311e-05
1.34917 	0.0216326 	-0.00186836 	-9.23119e-06
1.35068 	0.0216555 	-0.00186654 	-8.4313e-06
1.35218 	0.0216783 	-0.00186472 	-7.6314e-06
1.35368 	0.0217011 	-0.00186289 	-6.8315e-06
1.35518 	0.021724 	-0.00186107 	-6.03161e-06
1.35668 	0.0217468 	-0.00185925 	-5.23171e-06
1.35818 	0.0217696 	-0.00185743 	-4.43181e-06
1.35968 	0.0217916 	-0.00185554 	-3.67136e-06
1.36118 	0.0218134 	-0.00185363 	-2.91956e-06
1.36268 	0.0218351 	-0.00185173 	-2.16775e-06
1.36418 	0.0218569 	-0.00184982 	-1.41595e-06
1.36568 	0.0218787 	-0.00184792 	-6.64141e-07
1.36718 	0.0219 	-0.00184596 	7.71235e-08
1.36868 	0.0219209 	-0.00184394 	8.07408e-07
1.37019 	0.0219418 	-0.00184192 	1.53769e-06
1.37169 	0.0219627 	-0.0018399 	2.26798e-06
1.37319 	0.0219836 	-0.00183788 	2.99826e-06
1.37469 	0.0220045 	-0.00183586 	3.72854e-06
1.37619 	0.0220254 	-0.00183384 	4.45883e-06
1.37769 	0.0220464 	-0.00183182 	5.18911e-06
1.37919 	0.0220673 	-0.0018298 	5.9194e-06
1.38069 	0.0220882 	-0.00182778 	6.64968e-06
1.38219 	0.0221091 	-0.00182576 	7.37997e-06
1.38369 	0.02213 	-0.00182373 	8.11025e-06
1.38519 	0.0221509 	-0.00182171 	8.84053e-06
1.38669 	0.0221718 	-0.00181969 	9.57082e-06
1.38819 	0.0221927 	-0.00181767 	1.03011e-05
1.38969 	0.0222136 	-0.00181565 	1.10314e-05
1.3912 	0.0222345 	-0.00181363 	1.17617e-05
1.3927 	0.0222554 	-0.00181161 	1.2492e-05
1.3942 	0.0222763 	-0.00180959 	1.32222e-05
1.3957 	0.0222972 	-0.00180757 	1.39525e-05
1.3972 	0.0223181 	-0.00180556 	1.46694e-05
1.3987 	0.0223388 	-0.00180355 	1.53606e-05
1.4002 	0.0223596 	-0.00180154 	1.60518e-05
1.4017 	0.0223803 	-0.00179953 	1.6743e-05
1.4032 	0.022401 	-0.00179752 	1.74342e-05
1.4047 	0.0224218 	-0.00179551 	1.81254e-05
1.4062 	0.0224425 	-0.0017935 	1.88166e-05
1.4077 	0.0224632 	-0.0017915 	1.95078e-05
1.4092 	0.022484 	-0.00178949 	2.0199e-05
1.41071 	0.0225047 	-0.00178748 	2.08902e-05
1.41221 	0.0225254 	-0.00178547 	2.15814e-05
1.41371 	0.0225461 	-0.00178346 	2.22727e-05
1.41521 	0.0225669 	-0.00178145 	2.29639e-05
1.41671 	0.0225876 	-0.00177945 	2.36551e-05
1.41821 	0.0226083 	-0.00177744 	2.43463e-05
1.41971 	0.0226291 	-0.00177543 	2.50375e-05
1.42121 	0.0226498 	-0.00177342 	2.57287e-05
1.42271 	0.0226705 	-0.00177141 	2.64199e-05
1.42421 	0.0226913 	-0.0017694 	2.71111e-05
1.42571 	0.022712 	-0.00176739 	2.78023e-05
1.42721 	0.0227326 	-0.00176539 	2.84842e-05
1.42871 	0.0227519 	-0.00176342 	2.90825e-05
1.43022 	0.0227712 	-0.00176145 	2.96808e-05
1.43172 	0.0227906 	-0.00175948 	3.0279e-05
1.43322 	0.0228099 	-0.00175751 	3.08773e-05
1.43472 	0.0228292 	-0.00175554 	3.14756e-05
1.43622 	0.0228476 	-0.00175356 	3.20001e-05
1.43772 	0.0228655 	-0.00175158 	3.24972e-05
1.43922 	0.0228835 	-0.00174959 	3.29942e-05
1.44072 	0.0229015 	-0.00174761 	3.34913e-05
1.44222 	0.0229195 	-0.00174562 	3.39883e-05
1.44372 	0.0229375 	-0.00174364 	3.44854e-05
1.44522 	0.0229555 	-0.00174165 	3.49825e-05
1.44672 	0.0229735 	-0.00173967 	3.54795e-05
1.44822 	0.0229915 	-0.00173768 	3.59766e-05
1.44972 	0.0230094 	-0.0017357 	3.64736e-05
1.45123 	0.0230274 	-0.00173371 	3.69707e-05
1.45273 	0.0230454 	-0.00173173 	3.74677e-05
1.45423 	0.0230634 	-0.00172974 	3.79648e-05
1.45573 	0.0230814 	-0.00172776 	3.84618e-05
1.45723 	0.0230994 	-0.00172577 	3.89589e-05
1.45873 	0.0231174 	-0.00172379 	3.9456e-05
1.46023 	0.0231354 	-0.0017218 	3.9953e-05
1.46173 	0.0231534 	-0.00171982 	4.04501e-05
1.46323 	0.0231713 	-0.00171783 	4.09471e-05
1.46473 	0.0231893 	-0.00171584 	4.14442e-05
1.46623 	0.0232073 	-0.00171388 	4.19409e-05
1.46773 	0.0232251 	-0.00171194 	4.24373e-05
1.46923 	0.023243 	-0.00170999 	4.29337e-05
1.47074 	0.0232608 	-0.00170805 	4.343e-05
1.47224 	0.0232787 	-0.0017061 	4.39264e-05
1.47374 	0.0232965 	-0.00170416 	4.44228e-05
1.47524 	0.0233144 	-0.00170222 	4.49192e-05
1.47674 	0.0233322 	-0.00170027 	4.54156e-05
1.47824 	0.0233501 	-0.00169833 	4.59119e-05
1.47974 	0.023368 	-0.00169638 	4.64083e-05
1.48124 	0.0233858 	-0.00169444 	4.69047e-05
1.48274 	0.0234037 	-0.0016925 	4.74011e-05
1.48424 	0.0234215 	-0.00169055 	4.78975e-05
1.48574 	0.0234394 	-0.00168861 	4.83938e-05
1.48724 	0.0234572 	-0.00168667 	4.88902e-05
1.48874 	0.0234751 	-0.00168472 	4.93866e-05
1.49025 	0.023493 	-0.00168278 	4.9883e-05
1.49175 	0.0235108 	-0.00168083 	5.03794e-05
1.49325 	0.0235287 	-0.00167889 	5.08757e-05
1.49475 	0.0235465 	-0.00167695 	5.13721e-05
1.49625 	0.0235637 	-0.00167506 	5.18338e-05
1.49775 	0.0235782 	-0.0016734 	5.21573e-05
1.49925 	0.0235926 	-0.00167174 	5.24809e-05
1.50075 	0.0236071 	-0.00167008 	5.28044e-05
1.50225 	0.0236216 	-0.00166841 	5.3128e-05
1.50375 	0.023636 	-0.00166675 	5.34515e-05
1.50525 	0.0236478 	-0.00166527 	5.36392e-05
1.50675 	0.0236589 	-0.00166383 	5.37945e-05
1.50825 	0.02367 	-0.00166239 	5.39498e-05
1.50975 	0.0236811 	-0.00166095 	5.41051e-05
1.51126 	0.0236922 	-0.00165951 	5.42604e-05
1.51276 	0.0237033 	-0.00165807 	5.44157e-05
1.51426 	0.0237144 	-0.00165663 	5.45709e-05
1.51576 	0.0237255 	-0.00165519 	5.47262e-05
1.51726 	0.0237366 	-0.00165375 	5.48815e-05
1.51876 	0.0237477 	-0.00165232 	5.50368e-05
1.52026 	0.0237588 	-0.00165088 	5.51921e-05
1.52176 	0.0237699 	-0.00164944 	5.53474e-05
1.52326 	0.023781 	-0.001648 	5.55027e-05
1.52476 	0.0237921 	-0.00164656 	5.5658e-05
1.52626 	0.0238032 	-0.00164512 	5.58133e-05
1.52776 	0.0238143 	-0.00164368 	5.59686e-05
1.52926 	0.0238254 	-0.00164224 	5.61239e-05
1.53077 	0.0238365 	-0.0016408 	5.62792e-05
1.53227 	0.0238476 	-0.00163936 	5.64345e-05
1.53377 	0.0238587 	-0.00163792 	5.65898e-05
1.53527 	0.0238698 	-0.00163652 	5.67523e-05
1.53677 	0.0238808 	-0.00163516 	5.69214e-05
1.53827 	0.0238919 	-0.0016338 	5.70904e-05
1.53977 	0.0239029 	-0.00163243 	5.72594e-05
1.54127 	0.0239139 	-0.00163107 	5.74285e-05
1.54277 	0.0239249 	-0.00162971 	5.75975e-05
1.54427 	0.023936 	-0.00162835 	5.77665e-05
1.54577 	0.023947 	-0.00162699 	5.79356e-05
1.54727 	0.023958 	-0.00162563 	5.81046e-05
1.54877 	0.023969 	-0.00162426 	5.82737e-05
1.55028 	0.0239801 	-0.0016229 	5.84427e-05
1.55178 	0.0239911 	-0.00162154 	5.86117e-05
1.55328 	0.0240021 	-0.00162018 	5.87808e-05
1.55478 	0.0240131 	-0.00161882 	5.89498e-05
1.55628 	0.0240242 	-0.00161745 	5.91188e-05
1.55778 	0.0240352 	-0.00161609 	5.92879e-05
1.55928 	0.0240462 	-0.00161473 	5.94569e-05
1.56078 	0.0240573 	-0.00161337 	5.9626e-05
1.56228 	0.0240683 	-0.00161201 	5.9795e-05
1.56378 	0.0240793 	-0.00161064 	5.9964e-05
1.56528 	0.0240908 	-0.0016092 	6.013e-05
1.56678 	0.0241034 	-0.00160754 	6.02887e-05
1.56828 	0.0241159 	-0.00160588 	6.04473e-05
1.56978 	0.0241285 	-0.00160422 	6.06059e-05
1.57129 	0.0241411 	-0.00160257 	6.07645e-05
1.57279 	0.0241536 	-0.00160091 	6.09231e-05
1.57429 	0.0241676 	-0.00159894 	6.10778e-05
1.57579 	0.0241816 	-0.00159693 	6.1232e-05
1.57729 	0.0241957 	-0.00159493 	6.13862e-05
1.57879 	0.0242098 	-0.00159292 	6.15404e-05
1.58029 	0.0242238 	-0.00159091 	6.16947e-05
1.58179 	0.0242379 	-0.00158891 	6.18489e-05
1.58329 	0.024252 	-0.0015869 	6.20031e-05
1.58479 	0.0242661 	-0.0015849 	6.21573e-05
1.58629 	0.0242801 	-0.00158289 	6.23115e-05
1.58779 	0.0242942 	-0.00158088 	6.24657e-05
1.58929 	0.0243083 	-0.00157888 	6.26199e-05
1.5908 	0.0243224 	-0.00157687 	6.27741e-05
1.5923 	0.0243364 	-0.00157487 	6.29283e-05
1.5938 	0.0243505 	-0.00157286 	6.30826e-05
1.5953 	0.0243646 	-0.00157086 	6.32368e-05
1.5968 	0.0243786 	-0.00156885 	6.3391e-05
1.5983 	0.0243927 	-0.00156684 	6.35452e-05
1.5998 	0.0244068 	-0.00156484 	6.36994e-05
1.6013 	0.0244209 	-0.00156283 	6.38536e-05
1.6028 	0.0244349 	-0.00156083 	6.40078e-05
1.6043 	0.024449 	-0.00155887 	6.41749e-05
1.6058 	0.024463 	-0.00155694 	6.43486e-05
1.6073 	0.0244771 	-0.00155501 	6.45224e-05
1.6088 	0.0244912 	-0.00155308 	6.46962e-05
1.61031 	0.0245052 	-0.00155115 	6.487e-05
1.61181 	0.0245193 	-0.00154922 	6.50437e-05
1.61331 	0.0245333 	-0.00154729 	6.52175e-05
1.61481 	0.0245474 	-0.00154536 	6.53913e-05
1.61631 	0.0245614 	-0.00154343 	6.5565e-05
1.61781 	0.0245755 	-0.0015415 	6.57388e-05
1.61931 	0.0245895 	-0.00153957 	6.59126e-05
1.62081 	0.0246036 	-0.00153764 	6.60864e-05
1.62231 	0.0246177 	-0.00153571 	6.62601e-05
1.62381 	0.0246317 	-0.00153377 	6.64339e-05
1.62531 	0.0246458 	-0.00153184 	6.66077e-05
1.62681 	0.0246598 	-0.00152991 	6.67814e-05
1.62831 	0.0246739 	-0.00152798 	6.69552e-05
1.62981 	0.0246879 	-0.00152605 	6.7129e-05
1.63132 	0.024702 	-0.00152412 	6.73028e-05
1.63282 	0.0247161 	-0.00152219 	6.74765e-05
1.63432 	0.0247298 	-0.00152026 	6.76502e-05
1.63582 	0.0247432 	-0.00151834 	6.78237e-05
1.63732 	0.0247566 	-0.00151641 	6.79972e-05
1.63882 	0.02477 	-0.00151448 	6.81707e-05
1.64032 	0.0247834 	-0.00151255 	6.83442e-05
1.64182 	0.0247967 	-0.00151062 	6.8515e-05
1.64332 	0.0248093 	-0.00150865 	6.86723e-05
1.64482 	0.024822 	-0.00150668 	6.88296e-05
1.64632 	0.0248346 	-0.00150471 	6.89869e-05
1.64782 	0.0248473 	-0.00150274 	6.91441e-05
1.64932 	0.0248599 	-0.00150078 	6.93014e-05
1.65083 	0.0248726 	-0.00149881 	6.94587e-05
1.65233 	0.0248852 	-0.00149684 	6.9616e-05
1.65383 	0.0248979 	-0.00149487 	6.97733e-05
1.65533 	0.0249106 	-0.0014929 	6.99306e-05
1.65683 	0.0249232 	-0.00149094 	7.00878e-05
1.65833 	0.0249359 	-0.00148897 	7.02451e-05
1.65983 	0.0249485 	-0.001487 	7.04024e-05
1.66133 	0.0249612 	-0.00148503 	7.05597e-05
1.66283 	0.0249738 	-0.00148306 	7.0717e-05
1.66433 	0.0249865 	-0.0014811 	7.08743e-05
1.66583 	0.0249991 	-0.00147913 	7.10315e-05
1.66733 	0.0250118 	-0.00147716 	7.11888e-05
1.66883 	0.0250244 	-0.00147519 	7.13461e-05
1.67034 	0.0250371 	-0.00147322 	7.15034e-05
1.67184 	0.0250497 	-0.00147126 	7.16613e-05
1.67334 	0.0250624 	-0.00146935 	7.1833e-05
1.67484 	0.025075 	-0.00146745 	7.20048e-05
1.67634 	0.0250877 	-0.00146555 	7.21766e-05
1.67784 	0.0251003 	-0.00146364 	7.23483e-05
1.67934 	0.025113 	-0.00146174 	7.25201e-05
1.68084 	0.0251256 	-0.00145983 	7.26918e-05
1.68234 	0.0251382 	-0.00145793 	7.28636e-05
1.68384 	0.0251509 	-0.00145603 	7.30353e-05
1.68534 	0.0251635 	-0.00145412 	7.32071e-05
1.68684 	0.0251762 	-0.00145222 	7.33788e-05
1.68834 	0.0251888 	-0.00145032 	7.35506e-05
1.68984 	0.0252015 	-0.00144841 	7.37223e-05
1.69135 	0.0252141 	-0.00144651 	7.38941e-05
1.69285 	0.0252267 	-0.0014446 	7.40658e-05
1.69435 	0.0252394 	-0.0014427 	7.42376e-05
1.69585 	0.025252 	-0.0014408 	7.44094e-05
1.69735 	0.0252647 	-0.00143889 	7.45811e-05
1.69885 	0.0252773 	-0.00143699 	7.47529e-05
1.70035 	0.02529 	-0.00143509 	7.49246e-05
1.70185 	0.0253025 	-0.00143319 	7.50832e-05
1.70335 	0.0253143 	-0.00143131 	7.51427e-05
1.70485 	0.0253262 	-0.00142944 	7.52022e-05
1.70635 	0.025338 	-0.00142757 	7.52618e-05
1.70785 	0.0253499 	-0.0014257 	7.53213e-05
1.70935 	0.0253617 	-0.00142382 	7.53809e-05
1.71086 	0.0253728 	-0.00142194 	7.53495e-05
1.71236 	0.0253838 	-0.00142006 	7.52922e-05
1.71386 	0.0253948 	-0.00141818 	7.5235e-05
1.71536 	0.0254057 	-0.0014163 	7.51778e-05
1.71686 	0.0254167 	-0.00141442 	7.51206e-05
1.71836 	0.0254276 	-0.00141254 	7.50634e-05
1.71986 	0.0254386 	-0.00141066 	7.50062e-05
1.72136 	0.0254496 	-0.00140878 	7.4949e-05
1.72286 	0.0254605 	-0.0014069 	7.48917e-05
1.72436 	0.0254715 	-0.00140502 	7.48345e-05
1.72586 	0.0254824 	-0.00140314 	7.47773e-05
1.72736 	0.0254934 	-0.00140126 	7.47201e-05
1.72886 	0.0255044 	-0.00139938 	7.46629e-05
1.73037 	0.0255153 	-0.0013975 	7.46057e-05
1.73187 	0.0255263 	-0.00139562 	7.45485e-05
1.73337 	0.0255372 	-0.00139374 	7.44913e-05
1.73487 	0.0255482 	-0.00139186 	7.4434e-05
1.73637 	0.0255591 	-0.00138998 	7.43768e-05
1.73787 	0.0255701 	-0.0013881 	7.43196e-05
1.73937 	0.0255811 	-0.00138622 	7.42624e-05
1.74087 	0.025592 	-0.00138438 	7.41959e-05
1.74237 	0.025603 	-0.00138254 	7.41277e-05
1.74387 	0.025614 	-0.00138071 	7.40595e-05
1.74537 	0.025625 	-0.00137888 	7.39913e-05
1.74687 	0.025636 	-0.00137705 	7.39231e-05
1.74837 	0.025647 	-0.00137521 	7.38549e-05
1.74987 	0.025658 	-0.00137338 	7.37867e-05
1.75138 	0.025669 	-0.00137155 	7.37185e-05
1.75288 	0.02568 	-0.00136972 	7.36503e-05
1.75438 	0.0256909 	-0.00136788 	7.35821e-05
1.75588 	0.0257019 	-0.00136605 	7.35139e-05
1.75738 	0.0257129 	-0.00136422 	7.34457e-05
1.75888 	0.0257239 	-0.00136239 	7.33775e-05
1.76038 	0.0257349 	-0.00136055 	7.33093e-05
1.76188 	0.0257459 	-0.00135872 	7.32411e-05
1.76338 	0.0257569 	-0.00135689 	7.31729e-05
1.76488 	0.0257679 	-0.00135505 	7.31047e-05
1.76638 	0.0257789 	-0.00135322 	7.30365e-05
1.76788 	0.0257898 	-0.00135139 	7.29683e-05
1.76938 	0.0258007 	-0.00134957 	7.2912e-05
1.77089 	0.0258111 	-0.0013478 	7.29089e-05
1.77239 	0.0258214 	-0.00134603 	7.29058e-05
1.77389 	0.0258318 	-0.00134426 	7.29027e-05
1.77539 	0.0258422 	-0.00134249 	7.28996e-05
1.77689 	0.0258525 	-0.00134072 	7.28966e-05
1.77839 	0.0258622 	-0.00133897 	7.29558e-05
1.77989 	0.0258718 	-0.00133723 	7.3022e-05
1.78139 	0.0258814 	-0.00133549 	7.30881e-05
1.78289 	0.025891 	-0.00133375 	7.31543e-05
1.78439 	0.0259007 	-0.001332 	7.32205e-05
1.78589 	0.0259103 	-0.00133026 	7.32867e-05
1.78739 	0.0259199 	-0.00132852 	7.33528e-05
1.78889 	0.0259295 	-0.00132678 	7.3419e-05
1.7904 	0.0259391 	-0.00132504 	7.34852e-05
1.7919 	0.0259487 	-0.00132329 	7.35514e-05
1.7934 	0.0259584 	-0.00132155 	7.36175e-05
1.7949 	0.025968 	-0.00131981 	7.36837e-05
1.7964 	0.0259776 	-0.00131807 	7.37499e-05
1.7979 	0.0259872 	-0.00131632 	7.38161e-05
1.7994 	0.0259968 	-0.00131458 	7.38822e-05
1.8009 	0.0260064 	-0.00131284 	7.39484e-05
1.8024 	0.026016 	-0.0013111 	7.40146e-05
1.8039 	0.0260257 	-0.00130935 	7.40808e-05
1.8054 	0.0260353 	-0.00130761 	7.41469e-05
1.8069 	0.0260449 	-0.00130588 	7.42139e-05
1.8084 	0.0260545 	-0.00130418 	7.42834e-05
1.8099 	0.0260642 	-0.00130248 	7.4353e-05
1.81141 	0.0260738 	-0.00130078 	7.44226e-05
1.81291 	0.0260835 	-0.00129907 	7.44921e-05
1.81441 	0.0260931 	-0.00129737 	7.45617e-05
1.81591 	0.0261028 	-0.00129567 	7.46313e-05
1.81741 	0.0261124 	-0.00129397 	7.47008e-05
1.81891 	0.0261221 	-0.00129227 	7.47704e-05
1.82041 	0.0261317 	-0.00129057 	7.484e-05
1.82191 	0.0261414 	-0.00128887 	7.49095e-05
1.82341 	0.0261511 	-0.00128717 	7.49791e-05
1.82491 	0.0261607 	-0.00128547 	7.50486e-05
1.82641 	0.0261704 	-0.00128377 	7.51182e-05
1.82791 	0.02618 	-0.00128207 	7.51878e-05
1.82941 	0.0261897 	-0.00128037 	7.52573e-05
1.83092 	0.0261993 	-0.00127866 	7.53269e-05
1.83242 	0.026209 	-0.00127696 	7.53965e-05
1.83392 	0.0262186 	-0.00127526 	7.5466e-05
1.83542 	0.0262283 	-0.00127356 	7.55356e-05
1.83692 	0.0262365 	-0.00127209 	7.56011e-05
1.83842 	0.0262445 	-0.00127065 	7.56662e-05
1.83992 	0.0262525 	-0.00126921 	7.57312e-05
1.84142 	0.0262605 	-0.00126777 	7.57963e-05
1.84292 	0.0262686 	-0.00126633 	7.58613e-05
1.84442 	0.0262754 	-0.00126504 	7.59133e-05
1.84592 	0.0262818 	-0.00126382 	7.59593e-05
1.84742 	0.0262881 	-0.00126261 	7.60053e-05
1.84892 	0.0262944 	-0.00126139 	7.60512e-05
1.85043 	0.0263008 	-0.00126018 	7.60972e-05
1.85193 	0.0263071 	-0.00125896 	7.61432e-05
1.85343 	0.0263135 	-0.00125774 	7.61891e-05
1.85493 	0.0263198 	-0.00125653 	7.62351e-05
1.85643 	0.0263261 	-0.00125531 	7.62811e-05
1.85793 	0.0263325 	-0.00125409 	7.6327e-05
1.85943 	0.0263388 	-0.00125288 	7.6373e-05
1.86093 	0.0263451 	-0.00125166 	7.6419e-05
1.86243 	0.0263515 	-0.00125044 	7.64649e-05
1.86393 	0.0263578 	-0.00124923 	7.65109e-05
1.86543 	0.0263641 	-0.00124801 	7.65569e-05
1.86693 	0.0263705 	-0.00124679 	7.66028e-05
1.86843 	0.0263768 	-0.00124558 	7.66488e-05
1.86993 	0.0263832 	-0.00124436 	7.66948e-05
1.87144 	0.0263895 	-0.00124315 	7.67407e-05
1.87294 	0.0263958 	-0.00124194 	7.67916e-05
1.87444 	0.0264022 	-0.00124078 	7.68521e-05
1.87594 	0.0264085 	-0.00123961 	7.69126e-05
1.87744 	0.0264148 	-0.00123844 	7.69731e-05
1.87894 	0.0264212 	-0.00123727 	7.70336e-05
1.88044 	0.0264275 	-0.0012361 	7.70942e-05
1.88194 	0.0264338 	-0.00123493 	7.71547e-05
1.88344 	0.0264402 	-0.00123376 	7.72152e-05
1.88494 	0.0264465 	-0.00123259 	7.72757e-05
1.88644 	0.0264528 	-0.00123143 	7.73362e-05
1.88794 	0.0264592 	-0.00123026 	7.73967e-05
1.88944 	0.0264655 	-0.00122909 	7.74573e-05
1.89095 	0.0264718 	-0.00122792 	7.75178e-05
1.89245 	0.0264782 	-0.00122675 	7.75783e-05
1.89395 	0.0264845 	-0.00122558 	7.76388e-05
1.89545 	0.0264908 	-0.00122441 	7.76993e-05
1.89695 	0.0264972 	-0.00122324 	7.77599e-05
1.89845 	0.0265035 	-0.00122208 	7.78204e-05
1.89995 	0.0265098 	-0.00122091 	7.78809e-05
1.90145 	0.0265166 	-0.00121964 	7.79292e-05
1.90295 	0.0265241 	-0.00121822 	7.79577e-05
1.90445 	0.0265316 	-0.00121681 	7.79862e-05
1.90595 	0.0265391 	-0.00121539 	7.80147e-05
1.90745 	0.0265466 	-0.00121397 	7.80432e-05
1.90895 	0.0265544 	-0.00121247 	7.80631e-05
1.91046 	0.026563 	-0.00121077 	7.80597e-05
1.91196 	0.0265717 	-0.00120906 	7.80562e-05
1.91346 	0.0265803 	-0.00120736 	7.80528e-05
1.91496 	0.0265889 	-0.00120565 	7.80493e-05
1.91646 	0.0265975 	-0.00120394 	7.80458e-05
1.91796 	0.0266062 	-0.00120224 	7.80424e-05
1.91946 	0.0266148 	-0.00120053 	7.80389e-05
1.92096 	0.0266234 	-0.00119883 	7.80355e-05
1.92246 	0.026632 	-0.00119712 	7.8032e-05
1.92396 	0.0266407 	-0.00119542 	7.80286e-05
1.92546 	0.0266493 	-0.00119371 	7.80251e-05
1.92696 	0.0266579 	-0.001192 	7.80216e-05
1.92846 	0.0266665 	-0.0011903 	7.80182e-05
1.92996 	0.0266752 	-0.00118859 	7.80147e-05
1.93147 	0.0266838 	-0.00118689 	7.80113e-05
1.93297 	0.0266924 	-0.00118518 	7.80078e-05
1.93447 	0.026701 	-0.00118348 	7.80043e-05
1.93597 	0.0267097 	-0.00118177 	7.80009e-05
1.93747 	0.0267183 	-0.00118007 	7.79945e-05
1.93897 	0.026727 	-0.00117839 	7.79815e-05
1.94047 	0.0267357 	-0.00117671 	7.79686e-05
1.94197 	0.0267444 	-0.00117502 	7.79556e-05
1.94347 	0.0267532 	-0.00117334 	7.79427e-05
1.94497 	0.0267619 	-0.00117166 	7.79298e-05
1.94647 	0.0267706 	-0.00116997 	7.79168e-05
1.94797 	0.0267793 	-0.00116829 	7.79039e-05
1.94947 	0.026788 	-0.00116661 	7.78909e-05
1.95098 	0.0267967 	-0.00116493 	7.7878e-05
1.95248 	0.0268054 	-0.00116324 	7.7865e-05
1.95398 	0.0268141 	-0.00116156 	7.78521e-05
1.95548 	0.0268228 	-0.00115988 	7.78391e-05
1.95698 	0.0268315 	-0.00115819 	7.78262e-05
1.95848 	0.0268403 	-0.00115651 	7.78132e-05
1.95998 	0.026849 	-0.00115483 	7.78003e-05
1.96148 	0.0268577 	-0.00115314 	7.77874e-05
1.96298 	0.0268664 	-0.00115146 	7.77744e-05
1.96448 	0.0268751 	-0.00114978 	7.77615e-05
1.96598 	0.0268835 	-0.00114812 	7.77439e-05
1.96748 	0.0268919 	-0.00114646 	7.77253e-05
1.96898 	0.0269003 	-0.00114481 	7.77067e-05
1.97049 	0.0269087 	-0.00114315 	7.7688e-05
1.97199 	0.0269171 	-0.0011415 	7.76694e-05
1.97349 	0.0269252 	-0.00113983 	7.76636e-05
1.97499 	0.0269332 	-0.00113817 	7.76612e-05
1.97649 	0.0269412 	-0.0011365 	7.76587e-05
1.97799 	0.0269493 	-0.00113483 	7.76563e-05
1.97949 	0.0269573 	-0.00113316 	7.76538e-05
1.98099 	0.0269653 	-0.0011315 	7.76514e-05
1.98249 	0.0269733 	-0.00112983 	7.76489e-05
1.98399 	0.0269814 	-0.00112816 	7.76465e-05
1.98549 	0.0269894 	-0.0011265 	7.7644e-05
1.98699 	0.0269974 	-0.00112483 	7.76416e-05
1.98849 	0.0270054 	-0.00112316 	7.76391e-05
1.98999 	0.0270135 	-0.00112149 	7.76367e-05
1.9915 	0.0270215 	-0.00111983 	7.76342e-05
1.993 	0.0270295 	-0.00111816 	7.76318e-05
1.9945 	0.0270375 	-0.00111649 	7.76293e-05
1.996 	0.0270455 	-0.00111483 	7.76268e-05
1.9975 	0.0270536 	-0.00111316 	7.76244e-05
1.999 	0.0270616 	-0.00111149 	7.76219e-05
2.0005 	0.0270697 	-0.00110983 	7.76174e-05
2.002 	0.0270778 	-0.00110818 	7.76076e-05
2.0035 	0.0270859 	-0.00110653 	7.75978e-05
2.005 	0.0270941 	-0.00110487 	7.7588e-05
2.0065 	0.0271022 	-0.00110322 	7.75782e-05
2.008 	0.0271103 	-0.00110157 	7.75684e-05
2.0095 	0.0271185 	-0.00109992 	7.75587e-05
2.01101 	0.0271266 	-0.00109827 	7.75489e-05
2.01251 	0.0271347 	-0.00109661 	7.75391e-05
2.01401 	0.0271429 	-0.00109496 	7.75293e-05
2.01551 	0.027151 	-0.00109331 	7.75195e-05
2.01701 	0.0271592 	-0.00109166 	7.75097e-05
2.01851 	0.0271673 	-0.00109001 	7.74999e-05
2.02001 	0.0271754 	-0.00108835 	7.74901e-05
2.02151 	0.0271836 	-0.0010867 	7.74803e-05
2.02301 	0.0271917 	-0.00108505 	7.74705e-05
2.02451 	0.0271998 	-0.0010834 	7.74607e-05
2.02601 	0.027208 	-0.00108175 	7.74509e-05
2.02751 	0.027216 	-0.0010801 	7.74151e-05
2.02901 	0.0272235 	-0.00107849 	7.73078e-05
2.03052 	0.0272311 	-0.00107687 	7.72005e-05
2.03202 	0.0272387 	-0.00107526 	7.70932e-05
2.03352 	0.0272463 	-0.00107364 	7.6986e-05
2.03502 	0.0272536 	-0.00107202 	7.68454e-05
2.03652 	0.0272606 	-0.00107041 	7.66512e-05
2.03802 	0.0272676 	-0.0010688 	7.64571e-05
2.03952 	0.0272746 	-0.00106718 	7.62629e-05
2.04102 	0.0272816 	-0.00106557 	7.60688e-05
2.04252 	0.0272886 	-0.00106395 	7.58746e-05
2.04402 	0.0272956 	-0.00106234 	7.56805e-05
2.04552 	0.0273026 	-0.00106073 	7.54863e-05
2.04702 	0.0273096 	-0.00105911 	7.52922e-05
2.04852 	0.0273166 	-0.0010575 	7.5098e-05
2.05003 	0.0273235 	-0.00105589 	7.49039e-05
2.05153 	0.0273305 	-0.00105427 	7.47097e-05
2.05303 	0.0273375 	-0.00105266 	7.45156e-05
2.05453 	0.0273445 	-0.00105104 	7.43214e-05
2.05603 	0.0273515 	-0.00104943 	7.41273e-05
2.05753 	0.0273585 	-0.00104782 	7.39331e-05
2.05903 	0.0273655 	-0.0010462 	7.3739e-05
2.06053 	0.0273725 	-0.00104459 	7.35448e-05
2.06203 	0.0273795 	-0.00104298 	7.33504e-05
2.06353 	0.0273866 	-0.00104139 	7.31553e-05
2.06503 	0.0273937 	-0.0010398 	7.29603e-05
2.06653 	0.0274008 	-0.0010382 	7.27652e-05
2.06803 	0.0274079 	-0.00103661 	7.25702e-05
2.06953 	0.0274149 	-0.00103502 	7.23752e-05
2.07104 	0.027422 	-0.00103342 	7.21801e-05
2.07254 	0.0274291 	-0.00103183 	7.19851e-05
2.07404 	0.0274362 	-0.00103024 	7.179e-05
2.07554 	0.0274433 	-0.00102865 	7.1595e-05
2.07704 	0.0274504 	-0.00102705 	7.14e-05
2.07854 	0.0274574 	-0.00102546 	7.12049e-05
2.08004 	0.0274645 	-0.00102387 	7.10099e-05
2.08154 	0.0274716 	-0.00102228 	7.08148e-05
2.08304 	0.0274787 	-0.00102068 	7.06198e-05
2.08454 	0.0274858 	-0.00101909 	7.04247e-05
2.08604 	0.0274929 	-0.0010175 	7.02297e-05
2.08754 	0.0274999 	-0.0010159 	7.00347e-05
2.08904 	0.0275059 	-0.00101452 	6.98732e-05
2.09055 	0.0275117 	-0.00101316 	6.9716e-05
2.09205 	0.0275176 	-0.00101181 	6.95587e-05
2.09355 	0.0275234 	-0.00101045 	6.94015e-05
2.09505 	0.0275291 	-0.00100912 	6.92484e-05
2.09655 	0.0275336 	-0.00100798 	6.91205e-05
2.09805 	0.0275382 	-0.00100683 	6.89926e-05
2.09955 	0.0275428 	-0.00100568 	6.88646e-05
2.10105 	0.0275474 	-0.00100453 	6.87367e-05
2.10255 	0.027552 	-0.00100338 	6.86088e-05
2.10405 	0.0275565 	-0.00100223 	6.84809e-05
2.10555 	0.0275611 	-0.00100109 	6.83529e-05
2.10705 	0.0275657 	-0.000999938 	6.8225e-05
2.10855 	0.0275703 	-0.000998789 	6.80971e-05
2.11006 	0.0275749 	-0.000997641 	6.79691e-05
2.11156 	0.0275794 	-0.000996493 	6.78412e-05
2.11306 	0.027584 	-0.000995344 	6.77133e-05
2.11456 	0.0275886 	-0.000994196 	6.75854e-05
2.11606 	0.0275932 	-0.000993048 	6.74574e-05
2.11756 	0.0275978 	-0.0009919 	6.73295e-05
2.11906 	0.0276023 	-0.000990751 	6.72016e-05
2.12056 	0.0276069 	-0.000989603 	6.70737e-05
2.12206 	0.0276115 	-0.000988475 	6.69455e-05
2.12356 	0.0276161 	-0.000987357 	6.68171e-05
2.12506 	0.0276208 	-0.000986239 	6.66887e-05
2.12656 	0.0276254 	-0.000985121 	6.65603e-05
2.12806 	0.02763 	-0.000984003 	6.6432e-05
2.12956 	0.0276346 	-0.000982885 	6.63036e-05
2.13107 	0.0276392 	-0.000981767 	6.61752e-05
2.13257 	0.0276439 	-0.000980649 	6.60469e-05
2.13407 	0.0276485 	-0.000979531 	6.59185e-05
2.13557 	0.0276531 	-0.000978414 	6.57901e-05
2.13707 	0.0276577 	-0.000977296 	6.56618e-05
2.13857 	0.0276623 	-0.000976178 	6.55334e-05
2.14007 	0.0276669 	-0.00097506 	6.5405e-05
2.14157 	0.0276716 	-0.000973942 	6.52767e-05
2.14307 	0.0276762 	-0.000972824 	6.51483e-05
2.14457 	0.0276808 	-0.000971706 	6.50199e-05
2.14607 	0.0276854 	-0.000970588 	6.48916e-05
2.14757 	0.0276906 	-0.000969278 	6.47684e-05
2.14907 	0.0276959 	-0.000967907 	6.46469e-05
2.15058 	0.0277012 	-0.000966536 	6.45254e-05
2.15208 	0.0277064 	-0.000965165 	6.44039e-05
2.15358 	0.0277119 	-0.000963748 	6.42838e-05
2.15508 	0.0277178 	-0.00096209 	6.41713e-05
2.15658 	0.0277238 	-0.000960432 	6.40588e-05
2.15808 	0.0277298 	-0.000958774 	6.39462e-05
2.15958 	0.0277358 	-0.000957116 	6.38337e-05
2.16108 	0.0277417 	-0.000955458 	6.37212e-05
2.16258 	0.0277477 	-0.0009538 	6.36087e-05
2.16408 	0.0277537 	-0.000952142 	6.34962e-05
2.16558 	0.0277597 	-0.000950484 	6.33837e-05
2.16708 	0.0277657 	-0.000948826 	6.32712e-05
2.16858 	0.0277716 	-0.000947168 	6.31586e-05
2.17009 	0.0277776 	-0.00094551 	6.30461e-05
2.17159 	0.0277836 	-0.000943852 	6.29336e-05
2.17309 	0.0277896 	-0.000942194 	6.28211e-05
2.17459 	0.0277956 	-0.000940536 	6.27086e-05
2.17609 	0.0278015 	-0.000938878 	6.25961e-05
2.17759 	0.0278075 	-0.00093722 	6.24836e-05
2.17909 	0.0278135 	-0.000935563 	6.23687e-05
2.18059 	0.0278196 	-0.000933911 	6.22468e-05
2.18209 	0.0278257 	-0.000932259 	6.21249e-05
2.18359 	0.0278318 	-0.000930607 	6.2003e-05
2.18509 	0.0278378 	-0.000928955 	6.18811e-05
2.18659 	0.0278439 	-0.000927302 	6.17593e-05
2.18809 	0.02785 	-0.00092565 	6.16374e-05
2.18959 	0.0278561 	-0.000923998 	6.15155e-05
2.1911 	0.0278622 	-0.000922346 	6.13936e-05
2.1926 	0.0278682 	-0.000920694 	6.12717e-05
2.1941 	0.0278743 	-0.000919042 	6.11498e-05
2.1956 	0.0278804 	-0.000917389 	6.1028e-05
2.1971 	0.0278865 	-0.000915737 	6.09061e-05
2.1986 	0.0278926 	-0.000914085 	6.07842e-05
2.2001 	0.0278986 	-0.000912433 	6.06623e-05
2.2016 	0.0279047 	-0.000910781 	6.05404e-05
2.2031 	0.0279108 	-0.000909128 	6.04186e-05
2.2046 	0.0279166 	-0.000907502 	6.04153e-05
2.2061 	0.0279223 	-0.000905877 	6.04166e-05
2.2076 	0.027928 	-0.000904252 	6.04178e-05
2.2091 	0.0279337 	-0.000902626 	6.04191e-05
2.21061 	0.0279393 	-0.000900991 	6.0499e-05
2.21211 	0.0279447 	-0.000899346 	6.06519e-05
2.21361 	0.02795 	-0.000897701 	6.08048e-05
2.21511 	0.0279554 	-0.000896056 	6.09577e-05
2.21661 	0.0279608 	-0.000894412 	6.11106e-05
2.21811 	0.0279661 	-0.000892767 	6.12636e-05
2.21961 	0.0279715 	-0.000891122 	6.14165e-05
2.22111 	0.0279769 	-0.000889477 	6.15694e-05
2.22261 	0.0279822 	-0.000887832 	6.17223e-05
2.22411 	0.0279876 	-0.000886188 	6.18752e-05
2.22561 	0.027993 	-0.000884543 	6.20281e-05
2.22711 	0.0279984 	-0.000882898 	6.2181e-05
2.22861 	0.0280037 	-0.000881253 	6.23339e-05
2.23012 	0.0280091 	-0.000879608 	6.24868e-05
2.23162 	0.0280145 	-0.000877964 	6.26397e-05
2.23312 	0.0280198 	-0.000876319 	6.27926e-05
2.23462 	0.0280252 	-0.000874674 	6.29456e-05
2.23612 	0.0280307 	-0.000873031 	6.30985e-05
2.23762 	0.0280361 	-0.000871388 	6.32515e-05
2.23912 	0.0280416 	-0.000869745 	6.34045e-05
2.24062 	0.028047 	-0.000868102 	6.35575e-05
2.24212 	0.0280525 	-0.000866459 	6.37105e-05
2.24362 	0.0280579 	-0.000864816 	6.38635e-05
2.24512 	0.0280634 	-0.000863173 	6.40165e-05
2.24662 	0.0280688 	-0.00086153 	6.41695e-05
2.24812 	0.0280743 	-0.000859888 	6.43225e-05
2.24962 	0.0280798 	-0.000858245 	6.44755e-05
2.25113 	0.0280852 	-0.000856602 	6.46284e-05
2.25263 	0.0280907 	-0.000854959 	6.47814e-05
2.25413 	0.0280961 	-0.000853316 	6.49344e-05
2.25563 	0.0281016 	-0.000851673 	6.50874e-05
2.25713 	0.028107 	-0.00085003 	6.52404e-05
2.25863 	0.0281118 	-0.000848545 	6.53745e-05
2.26013 	0.0281162 	-0.000847183 	6.54939e-05
2.26163 	0.0281205 	-0.000845821 	6.56133e-05
2.26313 	0.0281248 	-0.00084446 	6.57327e-05
2.26463 	0.0281289 	-0.000843162 	6.58486e-05
2.26613 	0.0281321 	-0.000842027 	6.59558e-05
2.26763 	0.0281354 	-0.000840893 	6.6063e-05
2.26913 	0.0281386 	-0.000839758 	6.61702e-05
2.27064 	0.0281419 	-0.000838624 	6.62773e-05
2.27214 	0.0281452 	-0.000837489 	6.63845e-05
2.27364 	0.0281484 	-0.000836354 	6.64917e-05
2.27514 	0.0281517 	-0.00083522 	6.65989e-05
2.27664 	0.0281549 	-0.000834085 	6.67061e-05
2.27814 	0.0281582 	-0.000832951 	6.68132e-05
2.27964 	0.0281614 	-0.000831816 	6.69204e-05
2.28114 	0.0281647 	-0.000830682 	6.70276e-05
2.28264 	0.0281679 	-0.000829547 	6.71348e-05
2.28414 	0.0281712 	-0.000828412 	6.7242e-05
2.28564 	0.0281745 	-0.000827278 	6.73491e-05
2.28714 	0.0281777 	-0.000826143 	6.74563e-05
2.28864 	0.028181 	-0.000825014 	6.75696e-05
2.29015 	0.0281843 	-0.000823888 	6.76866e-05
2.29165 	0.0281876 	-0.000822762 	6.78037e-05
2.29315 	0.0281909 	-0.000821637 	6.79207e-05
2.29465 	0.0281943 	-0.000820511 	6.80378e-05
2.29615 	0.0281976 	-0.000819385 	6.81548e-05
2.29765 	0.0282009 	-0.000818259 	6.82719e-05
2.29915 	0.0282042 	-0.000817133 	6.83889e-05
2.30065 	0.0282075 	-0.000816007 	6.85059e-05
2.30215 	0.0282108 	-0.000814881 	6.8623e-05
2.30365 	0.0282141 	-0.000813756 	6.874e-05
2.30515 	0.0282174 	-0.00081263 	6.88571e-05
2.30665 	0.0282208 	-0.000811504 	6.89741e-05
2.30815 	0.0282241 	-0.000810378 	6.90912e-05
2.30965 	0.0282274 	-0.000809252 	6.92082e-05
2.31116 	0.0282309 	-0.000807988 	6.9329e-05
2.31266 	0.0282345 	-0.000806637 	6.94522e-05
2.31416 	0.0282381 	-0.000805285 	6.95755e-05
2.31566 	0.0282416 	-0.000803933 	6.96987e-05
2.31716 	0.0282454 	-0.000802451 	6.98246e-05
2.31866 	0.0282493 	-0.000800838 	6.99532e-05
2.32016 	0.0282532 	-0.000799226 	7.00817e-05
2.32166 	0.0282571 	-0.000797613 	7.02103e-05
2.32316 	0.0282609 	-0.000796001 	7.03389e-05
2.32466 	0.0282648 	-0.000794388 	7.04675e-05
2.32616 	0.0282687 	-0.000792776 	7.05961e-05
2.32766 	0.0282726 	-0.000791163 	7.07247e-05
2.32916 	0.0282765 	-0.000789551 	7.08532e-05
2.33067 	0.0282804 	-0.000787938 	7.09818e-05
2.33217 	0.0282843 	-0.000786326 	7.11104e-05
2.33367 	0.0282882 	-0.000784714 	7.1239e-05
2.33517 	0.0282921 	-0.000783101 	7.13676e-05
2.33667 	0.0282959 	-0.000781489 	7.14961e-05
2.33817 	0.0282998 	-0.000779876 	7.16247e-05
2.33967 	0.0283038 	-0.000778254 	7.17543e-05
2.34117 	0.0283078 	-0.000776622 	7.1885e-05
2.34267 	0.0283117 	-0.00077499 	7.20156e-05
2.34417 	0.0283157 	-0.000773358 	7.21463e-05
2.34567 	0.0283197 	-0.000771726 	7.22769e-05
2.34717 	0.0283237 	-0.000770094 	7.24076e-05
2.34867 	0.0283277 	-0.000768462 	7.25382e-05
2.35018 	0.0283317 	-0.000766831 	7.26689e-05
2.35168 	0.0283357 	-0.000765199 	7.27995e-05
2.35318 	0.0283396 	-0.000763567 	7.29302e-05
2.35468 	0.0283436 	-0.000761935 	7.30608e-05
2.35618 	0.0283476 	-0.000760303 	7.31915e-05
2.35768 	0.0283516 	-0.000758671 	7.33222e-05
2.35918 	0.0283556 	-0.000757039 	7.34528e-05
2.36068 	0.0283595 	-0.000755406 	7.35848e-05
2.36218 	0.0283629 	-0.000753768 	7.37253e-05
2.36368 	0.0283663 	-0.000752129 	7.38657e-05
2.36518 	0.0283698 	-0.000750491 	7.40061e-05
2.36668 	0.0283731 	-0.000748843 	7.41516e-05
2.36818 	0.0283759 	-0.000747162 	7.43163e-05
2.36968 	0.0283788 	-0.00074548 	7.44811e-05
2.37119 	0.0283817 	-0.000743799 	7.46458e-05
2.37269 	0.0283845 	-0.000742117 	7.48106e-05
2.37419 	0.0283874 	-0.000740436 	7.49753e-05
2.37569 	0.0283903 	-0.000738754 	7.51401e-05
2.37719 	0.0283931 	-0.000737073 	7.53048e-05
2.37869 	0.028396 	-0.000735391 	7.54696e-05
2.38019 	0.0283989 	-0.00073371 	7.56343e-05
2.38169 	0.0284017 	-0.000732028 	7.57991e-05
2.38319 	0.0284046 	-0.000730347 	7.59638e-05
2.38469 	0.0284075 	-0.000728665 	7.61286e-05
2.38619 	0.0284103 	-0.000726984 	7.62933e-05
2.38769 	0.0284132 	-0.000725302 	7.64581e-05
2.38919 	0.0284161 	-0.000723605 	7.66235e-05
2.3907 	0.028419 	-0.000721905 	7.67892e-05
2.3922 	0.0284219 	-0.000720206 	7.69548e-05
2.3937 	0.0284248 	-0.000718506 	7.71204e-05
2.3952 	0.0284277 	-0.000716807 	7.7286e-05
2.3967 	0.0284306 	-0.000715107 	7.74517e-05
2.3982 	0.0284335 	-0.000713408 	7.76173e-05
2.3997 	0.0284364 	-0.000711708 	7.77829e-05
2.4012 	0.0284393 	-0.000710008 	7.79485e-05
2.4027 	0.0284422 	-0.000708309 	7.81141e-05
2.4042 	0.0284451 	-0.000706609 	7.82798e-05
2.4057 	0.028448 	-0.00070491 	7.84454e-05
2.4072 	0.0284509 	-0.00070321 	7.8611e-05
2.4087 	0.0284537 	-0.00070152 	7.87631e-05
2.41021 	0.028456 	-0.000699873 	7.88541e-05
2.41171 	0.0284583 	-0.000698226 	7.89452e-05
2.41321 	0.0284606 	-0.00069658 	7.90362e-05
2.41471 	0.0284627 	-0.000694938 	7.90995e-05
2.41621 	0.0284644 	-0.000693303 	7.91249e-05
2.41771 	0.0284661 	-0.000691668 	7.91504e-05
2.41921 	0.0284678 	-0.000690033 	7.91758e-05
2.42071 	0.0284695 	-0.000688398 	7.92013e-05
2.42221 	0.0284712 	-0.000686763 	7.92267e-05
2.42371 	0.0284729 	-0.000685128 	7.92521e-05
2.42521 	0.0284747 	-0.000683493 	7.92776e-05
2.42671 	0.0284764 	-0.000681858 	7.9303e-05
2.42821 	0.0284781 	-0.000680223 	7.93284e-05
2.42971 	0.0284798 	-0.000678588 	7.93539e-05
2.43122 	0.0284815 	-0.000676953 	7.93793e-05
2.43272 	0.0284832 	-0.000675318 	7.94047e-05
2.43422 	0.0284849 	-0.000673683 	7.94302e-05
2.43572 	0.0284866 	-0.000672043 	7.94586e-05
2.43722 	0.0284883 	-0.000670402 	7.94881e-05
2.43872 	0.02849 	-0.000668761 	7.95176e-05
2.44022 	0.0284917 	-0.00066712 	7.95471e-05
2.44172 	0.0284933 	-0.000665479 	7.95765e-05
2.44322 	0.028495 	-0.000663838 	7.9606e-05
2.44472 	0.0284967 	-0.000662197 	7.96355e-05
2.44622 	0.0284984 	-0.000660556 	7.9665e-05
2.44772 	0.0285001 	-0.000658915 	7.96945e-05
2.44922 	0.0285017 	-0.000657274 	7.97239e-05
2.45073 	0.0285034 	-0.000655633 	7.97534e-05
2.45223 	0.0285051 	-0.000653992 	7.97829e-05
2.45373 	0.0285068 	-0.000652351 	7.98124e-05
2.45523 	0.0285081 	-0.0006509 	7.98384e-05
2.45673 	0.0285092 	-0.000649517 	7.98632e-05
2.45823 	0.0285104 	-0.000648134 	7.98879e-05
2.45973 	0.0285115 	-0.000646786 	7.99095e-05
2.46123 	0.0285122 	-0.000645622 	7.99138e-05
2.46273 	0.0285129 	-0.000644457 	7.99182e-05
2.46423 	0.0285135 	-0.000643293 	7.99226e-05
2.46573 	0.0285142 	-0.000642129 	7.9927e-05
2.46723 	0.0285149 	-0.000640965 	7.99313e-05
2.46873 	0.0285155 	-0.000639801 	7.99357e-05
2.47024 	0.0285162 	-0.000638637 	7.99401e-05
2.47174 	0.0285169 	-0.000637473 	7.99444e-05
2.47324 	0.0285176 	-0.000636309 	7.99488e-05
2.47474 	0.0285182 	-0.000635145 	7.99532e-05
2.47624 	0.0285189 	-0.00063398 	7.99576e-05
2.47774 	0.0285196 	-0.000632816 	7.99619e-05
2.47924 	0.0285203 	-0.000631653 	7.99669e-05
2.48074 	0.0285208 	-0.000630496 	7.99753e-05
2.48224 	0.0285214 	-0.00062934 	7.99837e-05
2.48374 	0.028522 	-0.000628183 	7.9992e-05
2.48524 	0.0285226 	-0.000627026 	8.00004e-05
2.48674 	0.0285231 	-0.000625869 	8.00088e-05
2.48824 	0.0285237 	-0.000624712 	8.00172e-05
2.48974 	0.0285243 	-0.000623555 	8.00255e-05
2.49125 	0.0285249 	-0.000622398 	8.00339e-05
2.49275 	0.0285255 	-0.000621242 	8.00423e-05
2.49425 	0.028526 	-0.000620085 	8.00507e-05
2.49575 	0.0285266 	-0.000618928 	8.00591e-05
2.49725 	0.0285272 	-0.000617771 	8.00674e-05
2.49875 	0.0285275 	-0.000616402 	8.0051e-05
2.50025 	0.0285277 	-0.000614984 	8.00288e-05
2.50175 	0.0285279 	-0.000613567 	8.00067e-05
2.50325 	0.0285279 	-0.00061202 	7.99674e-05
2.50475 	0.0285278 	-0.000610289 	7.99037e-05
2.50625 	0.0285277 	-0.000608557 	7.984e-05
2.50775 	0.0285276 	-0.000606826 	7.97763e-05
2.50925 	0.0285274 	-0.000605095 	7.97125e-05
2.51076 	0.0285273 	-0.000603363 	7.96488e-05
2.51226 	0.0285272 	-0.000601632 	7.95851e-05
2.51376 	0.0285271 	-0.000599901 	7.95214e-05
2.51526 	0.0285269 	-0.000598169 	7.94576e-05
2.51676 	0.0285268 	-0.000596438 	7.93939e-05
2.51826 	0.0285267 	-0.000594706 	7.93302e-05
2.51976 	0.0285266 	-0.000592975 	7.92665e-05
2.52126 	0.0285264 	-0.000591241 	7.92028e-05
2.52276 	0.0285262 	-0.000589475 	7.91405e-05
2.52426 	0.0285259 	-0.000587708 	7.90782e-05
2.52576 	0.0285257 	-0.000585942 	7.90159e-05
2.52726 	0.0285254 	-0.000584175 	7.89537e-05
2.52876 	0.0285252 	-0.000582409 	7.88914e-05
2.53027 	0.028525 	-0.000580642 	7.88291e-05
2.53177 	0.0285247 	-0.000578876 	7.87668e-05
2.53327 	0.0285245 	-0.000577109 	7.87045e-05
2.53477 	0.0285242 	-0.000575343 	7.86422e-05
2.53627 	0.028524 	-0.000573576 	7.85799e-05
2.53777 	0.0285237 	-0.00057181 	7.85176e-05
2.53927 	0.0285232 	-0.000570063 	7.84433e-05
2.54077 	0.0285221 	-0.000568348 	7.83503e-05
2.54227 	0.028521 	-0.000566633 	7.82573e-05
2.54377 	0.0285198 	-0.000564921 	7.81587e-05
2.54527 	0.028518 	-0.000563221 	7.80324e-05
2.54677 	0.0285162 	-0.000561521 	7.79061e-05
2.54827 	0.0285143 	-0.000559821 	7.77798e-05
2.54977 	0.0285125 	-0.000558121 	7.76535e-05
2.55128 	0.0285106 	-0.000556421 	7.75272e-05
2.55278 	0.0285088 	-0.000554722 	7.74009e-05
2.55428 	0.028507 	-0.000553022 	7.72746e-05
2.55578 	0.0285051 	-0.000551322 	7.71482e-05
2.55728 	0.0285033 	-0.000549622 	7.70219e-05
2.55878 	0.0285015 	-0.000547922 	7.68956e-05
2.56028 	0.0284996 	-0.000546222 	7.67693e-05
2.56178 	0.0284977 	-0.000544515 	7.66409e-05
2.56328 	0.0284957 	-0.000542801 	7.65103e-05
2.56478 	0.0284937 	-0.000541087 	7.63796e-05
2.56628 	0.0284917 	-0.000539373 	7.6249e-05
2.56778 	0.0284897 	-0.000537659 	7.61184e-05
2.56928 	0.0284877 	-0.000535945 	7.59878e-05
2.57079 	0.0284857 	-0.000534231 	7.58571e-05
2.57229 	0.0284837 	-0.000532517 	7.57265e-05
2.57379 	0.0284817 	-0.000530803 	7.55959e-05
2.57529 	0.0284797 	-0.000529089 	7.54653e-05
2.57679 	0.0284777 	-0.000527375 	7.53346e-05
2.57829 	0.0284757 	-0.00052578 	7.52128e-05
2.57979 	0.0284735 	-0.000524328 	7.51016e-05
2.58129 	0.0284713 	-0.000522876 	7.49904e-05
2.58279 	0.0284691 	-0.000521518 	7.48881e-05
2.58429 	0.0284668 	-0.000520297 	7.47989e-05
2.58579 	0.0284645 	-0.000519077 	7.47096e-05
2.58729 	0.0284621 	-0.000517857 	7.46204e-05
2.58879 	0.0284598 	-0.000516637 	7.45312e-05
2.5903 	0.0284575 	-0.000515417 	7.4442e-05
2.5918 	0.0284552 	-0.000514196 	7.43527e-05
2.5933 	0.0284529 	-0.000512976 	7.42635e-05
2.5948 	0.0284506 	-0.000511756 	7.41743e-05
2.5963 	0.0284483 	-0.000510536 	7.40851e-05
2.5978 	0.028446 	-0.000509316 	7.39958e-05
2.5993 	0.0284436 	-0.000508098 	7.39027e-05
2.6008 	0.0284411 	-0.000506885 	7.38029e-05
2.6023 	0.0284386 	-0.000505671 	7.37031e-05
2.6038 	0.0284361 	-0.000504458 	7.36033e-05
2.6053 	0.0284336 	-0.000503244 	7.35034e-05
2.6068 	0.0284312 	-0.000502031 	7.34036e-05
2.6083 	0.0284287 	-0.000500818 	7.33038e-05
2.6098 	0.0284262 	-0.000499604 	7.3204e-05
2.61131 	0.0284237 	-0.000498391 	7.31042e-05
2.61281 	0.0284212 	-0.000497178 	7.30044e-05
2.61431 	0.0284187 	-0.000495964 	7.29046e-05
2.61581 	0.0284148 	-0.000494468 	7.27968e-05
2.61731 	0.0284108 	-0.000492965 	7.26888e-05
2.61881 	0.0284067 	-0.00049143 	7.25801e-05
2.62031 	0.0284014 	-0.000489591 	7.24645e-05
2.62181 	0.028396 	-0.000487752 	7.23488e-05
2.62331 	0.0283907 	-0.000485914 	7.22331e-05
2.62481 	0.0283854 	-0.000484075 	7.21175e-05
2.62631 	0.02838 	-0.000482236 	7.20018e-05
2.62781 	0.0283747 	-0.000480397 	7.18862e-05
2.62931 	0.0283693 	-0.000478559 	7.17705e-05
2.63082 	0.028364 	-0.00047672 	7.16548e-05
2.63232 	0.0283587 	-0.000474881 	7.15392e-05
2.63382 	0.0283533 	-0.000473042 	7.14235e-05
2.63532 	0.0283477 	-0.000471167 	7.1303e-05
2.63682 	0.028342 	-0.000469275 	7.11803e-05
2.63832 	0.0283362 	-0.000467383 	7.10577e-05
2.63982 	0.0283305 	-0.000465491 	7.09351e-05
2.64132 	0.0283248 	-0.000463599 	7.08124e-05
2.64282 	0.028319 	-0.000461707 	7.06898e-05
2.64432 	0.0283133 	-0.000459816 	7.05671e-05
2.64582 	0.0283076 	-0.000457924 	7.04445e-05
2.64732 	0.0283018 	-0.000456032 	7.03218e-05
2.64882 	0.0282961 	-0.00045414 	7.01992e-05
2.65033 	0.0282906 	-0.000452553 	7.01032e-05
2.65183 	0.0282852 	-0.000450997 	7.00098e-05
2.65333 	0.0282798 	-0.000449496 	6.99217e-05
2.65483 	0.0282748 	-0.000448226 	6.98551e-05
2.65633 	0.0282697 	-0.000446955 	6.97886e-05
2.65783 	0.0282646 	-0.000445685 	6.9722e-05
2.65933 	0.0282595 	-0.000444414 	6.96554e-05
2.66083 	0.0282545 	-0.000443144 	6.95889e-05
2.66233 	0.0282494 	-0.000441873 	6.95223e-05
2.66383 	0.0282443 	-0.000440603 	6.94557e-05
2.66533 	0.0282392 	-0.000439332 	6.93891e-05
2.66683 	0.0282342 	-0.000438062 	6.93226e-05
2.66833 	0.0282289 	-0.000436771 	6.92563e-05
2.66983 	0.0282233 	-0.000435452 	6.91903e-05
2.67134 	0.0282177 	-0.000434134 	6.91244e-05
2.67284 	0.0282121 	-0.000432815 	6.90585e-05
2.67434 	0.0282065 	-0.000431496 	6.89926e-05
2.67584 	0.0282009 	-0.000430177 	6.89267e-05
2.67734 	0.0281953 	-0.000428858 	6.88608e-05
2.67884 	0.0281897 	-0.000427539 	6.87949e-05
2.68034 	0.0281841 	-0.00042622 	6.8729e-05
2.68184 	0.028178 	-0.000424837 	6.86599e-05
2.68334 	0.0281701 	-0.000423233 	6.858e-05
2.68484 	0.0281623 	-0.000421629 	6.85e-05
2.68634 	0.028153 	-0.000419813 	6.84032e-05
2.68784 	0.0281431 	-0.000417895 	6.82981e-05
2.68934 	0.0281331 	-0.000415977 	6.81929e-05
2.69085 	0.0281232 	-0.000414059 	6.80878e-05
2.69235 	0.0281133 	-0.000412141 	6.79827e-05
2.69385 	0.0281033 	-0.000410222 	6.78776e-05
2.69535 	0.0280934 	-0.000408304 	6.77725e-05
2.69685 	0.0280835 	-0.000406386 	6.76674e-05
2.69835 	0.0280735 	-0.000404468 	6.75622e-05
2.69985 	0.0280632 	-0.000402504 	6.74519e-05
2.70135 	0.0280524 	-0.000400492 	6.73361e-05
2.70285 	0.0280417 	-0.000398479 	6.72202e-05
2.70435 	0.0280309 	-0.000396466 	6.71044e-05
2.70585 	0.0280201 	-0.000394454 	6.69885e-05
2.70735 	0.0280093 	-0.000392441 	6.68727e-05
2.70885 	0.0279985 	-0.000390429 	6.67569e-05
2.71036 	0.0279878 	-0.000388416 	6.6641e-05
2.71186 	0.027977 	-0.000386404 	6.65252e-05
2.71336 	0.0279646 	-0.000384368 	6.64511e-05
2.71486 	0.0279519 	-0.00038233 	6.63834e-05
2.71636 	0.0279385 	-0.000380277 	6.63262e-05
2.71786 	0.0279244 	-0.000378209 	6.62809e-05
2.71936 	0.0279103 	-0.000376142 	6.62356e-05
2.72086 	0.0278962 	-0.000374074 	6.61902e-05
2.72236 	0.0278821 	-0.000372006 	6.61449e-05
2.72386 	0.027868 	-0.000369938 	6.60996e-05
2.72536 	0.0278539 	-0.00036787 	6.60542e-05
2.72686 	0.0278398 	-0.000365803 	6.60089e-05
2.72836 	0.0278256 	-0.000363735 	6.59636e-05
2.72986 	0.0278109 	-0.000361622 	6.59163e-05
2.73137 	0.027796 	-0.000359501 	6.58686e-05
2.73287 	0.0277811 	-0.00035738 	6.58209e-05
2.73437 	0.0277662 	-0.00035526 	6.57733e-05
2.73587 	0.0277513 	-0.000353139 	6.57256e-05
2.73737 	0.0277364 	-0.000351018 	6.5678e-05
2.73887 	0.0277216 	-0.000348898 	6.56303e-05
2.74037 	0.0277067 	-0.000346777 	6.55827e-05
2.74187 	0.0276928 	-0.000344918 	6.55569e-05
2.74337 	0.0276791 	-0.000343127 	6.55369e-05
2.74487 	0.0276662 	-0.000341502 	6.55243e-05
2.74637 	0.0276541 	-0.000340013 	6.55178e-05
2.74787 	0.0276419 	-0.000338523 	6.55113e-05
2.74937 	0.0276297 	-0.000337034 	6.55048e-05
2.75088 	0.0276175 	-0.000335544 	6.54983e-05
2.75238 	0.0276054 	-0.000334055 	6.54918e-05
2.75388 	0.0275932 	-0.000332565 	6.54853e-05
2.75538 	0.027581 	-0.000331076 	6.54788e-05
2.75688 	0.0275685 	-0.000329574 	6.54787e-05
2.75838 	0.0275556 	-0.000328059 	6.54854e-05
2.75988 	0.0275427 	-0.000326544 	6.54921e-05
2.76138 	0.0275298 	-0.000325029 	6.54988e-05
2.76288 	0.0275169 	-0.000323514 	6.55055e-05
2.76438 	0.027504 	-0.000321999 	6.55122e-05
2.76588 	0.0274911 	-0.000320484 	6.55189e-05
2.76738 	0.0274781 	-0.000318969 	6.55256e-05
2.76888 	0.0274602 	-0.000317083 	6.5486e-05
2.77039 	0.027442 	-0.000315176 	6.54437e-05
2.77189 	0.0274195 	-0.000312904 	6.53679e-05
2.77339 	0.0273963 	-0.000310566 	6.52859e-05
2.77489 	0.0273731 	-0.000308227 	6.52038e-05
2.77639 	0.0273498 	-0.000305889 	6.51218e-05
2.77789 	0.0273266 	-0.000303551 	6.50398e-05
2.77939 	0.0273034 	-0.000301212 	6.49577e-05
2.78089 	0.0272802 	-0.000298874 	6.48757e-05
2.78239 	0.0272565 	-0.000296503 	6.47957e-05
2.78389 	0.0272317 	-0.000294056 	6.47201e-05
2.78539 	0.0272069 	-0.00029161 	6.46446e-05
2.78689 	0.0271822 	-0.000289164 	6.45691e-05
2.78839 	0.0271574 	-0.000286718 	6.44936e-05
2.78989 	0.0271326 	-0.000284272 	6.44181e-05
2.7914 	0.0271078 	-0.000281825 	6.43426e-05
2.7929 	0.0270838 	-0.000279495 	6.42626e-05
2.7944 	0.0270618 	-0.000277485 	6.41704e-05
2.7959 	0.0270407 	-0.000275593 	6.40749e-05
2.7974 	0.0270216 	-0.000273971 	6.39721e-05
2.7989 	0.0270026 	-0.000272349 	6.38692e-05
2.8004 	0.0269836 	-0.000270727 	6.37664e-05
2.8019 	0.0269646 	-0.000269105 	6.36636e-05
2.8034 	0.0269456 	-0.000267483 	6.35608e-05
2.8049 	0.0269266 	-0.000265861 	6.34579e-05
2.8064 	0.0269072 	-0.000264218 	6.33557e-05
2.8079 	0.0268866 	-0.000262517 	6.32552e-05
2.8094 	0.0268661 	-0.000260817 	6.31547e-05
2.81091 	0.0268456 	-0.000259117 	6.30541e-05
2.81241 	0.0268251 	-0.000257417 	6.29536e-05
2.81391 	0.0268046 	-0.000255716 	6.28531e-05
2.81541 	0.0267841 	-0.000254016 	6.27526e-05
2.81691 	0.026758 	-0.000252021 	6.26069e-05
2.81841 	0.0267296 	-0.000249904 	6.24424e-05
2.81991 	0.0266946 	-0.000247379 	6.22269e-05
2.82141 	0.0266588 	-0.000244796 	6.20043e-05
2.82291 	0.0266229 	-0.000242213 	6.17816e-05
2.82441 	0.026587 	-0.000239629 	6.15589e-05
2.82591 	0.0265511 	-0.000237046 	6.13363e-05
2.82741 	0.0265153 	-0.000234463 	6.11136e-05
2.82891 	0.0264786 	-0.000231834 	6.08897e-05
2.83042 	0.0264401 	-0.000229102 	6.06631e-05
2.83192 	0.0264016 	-0.000226371 	6.04366e-05
2.83342 	0.026363 	-0.00022364 	6.021e-05
2.83492 	0.0263245 	-0.000220909 	5.99835e-05
2.83642 	0.026286 	-0.000218178 	5.97569e-05
2.83792 	0.0262485 	-0.00021555 	5.95336e-05
2.83942 	0.0262147 	-0.000213322 	5.9323e-05
2.84092 	0.0261833 	-0.000211317 	5.91258e-05
2.84242 	0.0261545 	-0.000209537 	5.8942e-05
2.84392 	0.0261257 	-0.000207757 	5.87582e-05
2.84542 	0.0260969 	-0.000205977 	5.85744e-05
2.84692 	0.026068 	-0.000204196 	5.83907e-05
2.84842 	0.0260392 	-0.000202416 	5.82069e-05
2.84992 	0.0260095 	-0.000200595 	5.80165e-05
2.85143 	0.0259784 	-0.000198711 	5.78158e-05
2.85293 	0.0259472 	-0.000196827 	5.76151e-05
2.85443 	0.0259161 	-0.000194943 	5.74144e-05
2.85593 	0.025885 	-0.000193059 	5.72137e-05
2.85743 	0.0258538 	-0.000191175 	5.7013e-05
2.85893 	0.0258143 	-0.00018899 	5.67811e-05
2.86043 	0.02577 	-0.000186622 	5.65304e-05
2.86193 	0.0257158 	-0.000183828 	5.62377e-05
2.86343 	0.0256616 	-0.000181033 	5.5945e-05
2.86493 	0.0256074 	-0.000178239 	5.56524e-05
2.86643 	0.0255531 	-0.000175444 	5.53597e-05
2.86793 	0.0254989 	-0.00017265 	5.5067e-05
2.86943 	0.0254431 	-0.000169777 	5.4752e-05
2.87094 	0.0253851 	-0.000166803 	5.44082e-05
2.87244 	0.0253271 	-0.000163829 	5.40644e-05
2.87394 	0.0252691 	-0.000160855 	5.37206e-05
2.87544 	0.0252111 	-0.000157881 	5.33768e-05
2.87694 	0.0251543 	-0.000154999 	5.30464e-05
2.87844 	0.0251034 	-0.000152606 	5.27872e-05
2.87994 	0.0250575 	-0.000150554 	5.25674e-05
2.88144 	0.025014 	-0.000148661 	5.23661e-05
2.88294 	0.0249705 	-0.000146768 	5.21647e-05
2.88444 	0.024927 	-0.000144876 	5.19634e-05
2.88594 	0.0248835 	-0.000142983 	5.17621e-05
2.88744 	0.0248388 	-0.000141045 	5.15361e-05
2.88894 	0.0247924 	-0.000139039 	5.12731e-05
2.89045 	0.0247461 	-0.000137034 	5.10102e-05
2.89195 	0.0246997 	-0.000135028 	5.07473e-05
2.89345 	0.0246533 	-0.000133023 	5.04844e-05
2.89495 	0.0246061 	-0.000131085 	5.024e-05
2.89645 	0.0245578 	-0.000129211 	5.00135e-05
2.89795 	0.0245063 	-0.00012732 	4.97827e-05
2.89945 	0.0244549 	-0.00012543 	4.95518e-05
2.90095 	0.0244035 	-0.00012354 	4.9321e-05
2.90245 	0.024352 	-0.00012165 	4.90901e-05
2.90395 	0.0242989 	-0.0001197 	4.88443e-05
2.90545 	0.02424 	-0.000117548 	4.85474e-05
2.90695 	0.0241811 	-0.000115397 	4.82505e-05
2.90845 	0.0241222 	-0.000113245 	4.79536e-05
2.90995 	0.0240634 	-0.000111094 	4.76567e-05
2.91146 	0.0239918 	-0.000108744 	4.73062e-05
2.91296 	0.0239068 	-0.000106145 	4.68939e-05
2.91446 	0.023811 	-0.00010332 	4.64285e-05
2.91596 	0.0237152 	-0.000100495 	4.59631e-05
2.91746 	0.0236194 	-9.767e-05 	4.54977e-05
2.91896 	0.0235236 	-9.48449e-05 	4.50324e-05
2.92046 	0.023419 	-9.17468e-05 	4.45355e-05
2.92196 	0.023313 	-8.86058e-05 	4.40337e-05
2.92346 	0.023207 	-8.54649e-05 	4.35319e-05
2.92496 	0.0231011 	-8.23239e-05 	4.30302e-05
2.92646 	0.023004 	-7.96425e-05 	4.25516e-05
2.92796 	0.0229183 	-7.75037e-05 	4.21143e-05
2.92946 	0.0228401 	-7.56971e-05 	4.17093e-05
2.93097 	0.0227618 	-7.38906e-05 	4.13043e-05
2.93247 	0.0226836 	-7.2084e-05 	4.08993e-05
2.93397 	0.0226034 	-7.02326e-05 	4.04962e-05
2.93547 	0.0225176 	-6.82531e-05 	4.00983e-05
2.93697 	0.0224319 	-6.62736e-05 	3.97004e-05
2.93847 	0.0223462 	-6.42941e-05 	3.93025e-05
2.93997 	0.0222477 	-6.2213e-05 	3.88476e-05
2.94147 	0.0221175 	-5.98497e-05 	3.8268e-05
2.94297 	0.0219626 	-5.72078e-05 	3.76247e-05
2.94447 	0.0218076 	-5.4566e-05 	3.69815e-05
2.94597 	0.0216527 	-5.19241e-05 	3.63382e-05
2.94747 	0.0214945 	-4.92169e-05 	3.56974e-05
2.94897 	0.0213307 	-4.63969e-05 	3.50608e-05
2.95048 	0.0211669 	-4.35768e-05 	3.44241e-05
2.95198 	0.0210031 	-4.07568e-05 	3.37875e-05
2.95348 	0.0208512 	-3.84444e-05 	3.32477e-05
2.95498 	0.0207149 	-3.67064e-05 	3.28855e-05
2.95648 	0.0205828 	-3.51089e-05 	3.25734e-05
2.95798 	0.0204507 	-3.35114e-05 	3.22612e-05
2.95948 	0.0203182 	-3.19106e-05 	3.19521e-05
2.96098 	0.0201835 	-3.02887e-05 	3.1662e-05
2.96248 	0.0200489 	-2.86667e-05 	3.13718e-05
2.96398 	0.0199142 	-2.70448e-05 	3.10817e-05
2.96548 	0.0197733 	-2.56084e-05 	3.08505e-05
2.96698 	0.0196187 	-2.42618e-05 	3.07127e-05
2.96848 	0.0194622 	-2.2922e-05 	3.05872e-05
2.96998 	0.0193057 	-2.15823e-05 	3.04618e-05
2.97149 	0.0191428 	-2.01924e-05 	3.03247e-05
2.97299 	0.0189741 	-1.87574e-05 	3.01769e-05
2.97449 	0.0188055 	-1.73224e-05 	3.00291e-05
2.97599 	0.0186336 	-1.59989e-05 	2.99047e-05
2.97749 	0.018449 	-1.48689e-05 	2.98467e-05
2.97899 	0.0182581 	-1.37779e-05 	2.98157e-05
2.98049 	0.0180672 	-1.26869e-05 	2.97848e-05
2.98199 	0.0178639 	-1.15296e-05 	2.97397e-05
2.98349 	0.0176477 	-1.0304e-05 	2.96801e-05
2.98499 	0.0174315 	-9.07852e-06 	2.96205e-05
2.98649 	0.0172137 	-8.02695e-06 	2.9566e-05
2.98799 	0.0169836 	-7.17574e-06 	2.95102e-05
2.98949 	0.0167515 	-6.34367e-06 	2.94537e-05
2.991 	0.0165194 	-5.51161e-06 	2.93972e-05
2.9925 	0.016243 	-4.54348e-06 	2.93349e-05
2.994 	0.0159664 	-3.57494e-06 	2.92726e-05
2.9955 	0.0147779 	-2.69611e-06 	2.7447e-05
2.997 	0.0104636 	-1.84649e-06 	1.95079e-05
2.9985 	0.00523179 	-9.23243e-07 	9.75396e-06
3 	0 	0 	0
