9.99157e-19 	9.32818e-20 	-3.97626e-22 	-2.58491e-21
0.00150075 	0.000139711 	-6.51371e-07 	-3.73547e-06
0.0030015 	0.000277245 	-1.59711e-06 	-6.67095e-06
0.00450225 	0.000414779 	-2.54286e-06 	-9.60642e-06
0.006003 	0.000552313 	-3.4886e-06 	-1.25419e-05
0.00750375 	0.000689847 	-4.43434e-06 	-1.54774e-05
0.0090045 	0.000815466 	-5.60678e-06 	-1.82144e-05
0.0105053 	0.000927092 	-6.85156e-06 	-2.01349e-05
0.012006 	0.0010293 	-8.23394e-06 	-2.16448e-05
0.0135068 	0.00113151 	-9.61632e-06 	-2.31547e-05
0.0150075 	0.00123372 	-1.09987e-05 	-2.46646e-05
0.0165083 	0.00133593 	-1.23811e-05 	-2.61745e-05
0.018009 	0.00143146 	-1.37875e-05 	-2.76222e-05
0.0195098 	0.00151243 	-1.52816e-05 	-2.85905e-05
0.0210105 	0.00159786 	-1.72507e-05 	-2.92532e-05
0.0225113 	0.00168974 	-1.95531e-05 	-2.99662e-05
0.024012 	0.00178161 	-2.18556e-05 	-3.06792e-05
0.0255128 	0.00187349 	-2.4158e-05 	-3.13922e-05
0.0270135 	0.00196537 	-2.64604e-05 	-3.21052e-05
0.0285143 	0.00206125 	-2.90349e-05 	-3.29126e-05
0.030015 	0.0021591 	-3.21012e-05 	-3.35561e-05
0.0315158 	0.00224345 	-3.50427e-05 	-3.38535e-05
0.0330165 	0.00231796 	-3.77464e-05 	-3.41435e-05
0.0345173 	0.00239247 	-4.045e-05 	-3.44335e-05
0.036018 	0.00246698 	-4.31536e-05 	-3.47236e-05
0.0375188 	0.00254149 	-4.58572e-05 	-3.50136e-05
0.0390195 	0.00261599 	-4.85608e-05 	-3.53036e-05
0.0405203 	0.00267234 	-5.08674e-05 	-3.57051e-05
0.042021 	0.00272165 	-5.34418e-05 	-3.56819e-05
0.0435218 	0.00276841 	-5.59497e-05 	-3.56129e-05
0.0450225 	0.00281473 	-5.8431e-05 	-3.55493e-05
0.0465233 	0.00286106 	-6.09123e-05 	-3.54857e-05
0.048024 	0.00290738 	-6.33936e-05 	-3.54221e-05
0.0495248 	0.0029537 	-6.58749e-05 	-3.53585e-05
0.0510255 	0.00300002 	-6.83562e-05 	-3.52949e-05
0.0525263 	0.00304394 	-7.07736e-05 	-3.54056e-05
0.054027 	0.00308496 	-7.34036e-05 	-3.53181e-05
0.0555278 	0.00312384 	-7.60907e-05 	-3.5032e-05
0.0570285 	0.00316169 	-7.8706e-05 	-3.47207e-05
0.0585293 	0.00319954 	-8.13212e-05 	-3.44094e-05
0.06003 	0.00323739 	-8.39364e-05 	-3.4098e-05
0.0615308 	0.00327524 	-8.65517e-05 	-3.37867e-05
0.0630315 	0.0033131 	-8.91669e-05 	-3.34754e-05
0.0645323 	0.00335095 	-9.17821e-05 	-3.31641e-05
0.066033 	0.0033864 	-9.4352e-05 	-3.30636e-05
0.0675338 	0.0034202 	-9.71046e-05 	-3.27363e-05
0.0690345 	0.00345656 	-0.000100306 	-3.2184e-05
0.0705353 	0.00349481 	-0.000103755 	-3.15496e-05
0.072036 	0.00353305 	-0.000107203 	-3.09152e-05
0.0735368 	0.0035713 	-0.000110652 	-3.02808e-05
0.0750375 	0.00360955 	-0.000114101 	-2.96464e-05
0.0765383 	0.0036478 	-0.000117549 	-2.90119e-05
0.078039 	0.00368605 	-0.000120998 	-2.83775e-05
0.0795398 	0.0037253 	-0.000124638 	-2.77771e-05
0.0810405 	0.00376762 	-0.000128904 	-2.72815e-05
0.0825413 	0.00380856 	-0.000133119 	-2.67395e-05
0.084042 	0.0038412 	-0.000136625 	-2.61947e-05
0.0855428 	0.00387353 	-0.000140105 	-2.56498e-05
0.0870435 	0.00390585 	-0.000143585 	-2.51049e-05
0.0885443 	0.00393818 	-0.000147065 	-2.456e-05
0.090045 	0.00397051 	-0.000150545 	-2.40151e-05
0.0915458 	0.00400284 	-0.000154025 	-2.34702e-05
0.0930465 	0.00403517 	-0.000157505 	-2.29253e-05
0.0945473 	0.0040675 	-0.000160985 	-2.23805e-05
0.096048 	0.00409198 	-0.000164052 	-2.20257e-05
0.0975488 	0.0041156 	-0.000166922 	-2.2089e-05
0.0990495 	0.0041384 	-0.000169766 	-2.21043e-05
0.10055 	0.00416056 	-0.000172623 	-2.19947e-05
0.102051 	0.00418273 	-0.00017548 	-2.18851e-05
0.103552 	0.0042049 	-0.000178338 	-2.17755e-05
0.105053 	0.00422707 	-0.000181195 	-2.16659e-05
0.106553 	0.00424923 	-0.000184052 	-2.15563e-05
0.108054 	0.0042714 	-0.000186909 	-2.14467e-05
0.109555 	0.00429357 	-0.000189767 	-2.13371e-05
0.111056 	0.00431574 	-0.000192624 	-2.12275e-05
0.112556 	0.00433686 	-0.000195712 	-2.09472e-05
0.114057 	0.0043578 	-0.000198615 	-2.13756e-05
0.115558 	0.00437837 	-0.000201402 	-2.2049e-05
0.117059 	0.0043981 	-0.000204292 	-2.22709e-05
0.118559 	0.00441783 	-0.000207181 	-2.24928e-05
0.12006 	0.00443757 	-0.000210071 	-2.27147e-05
0.121561 	0.0044573 	-0.000212961 	-2.29365e-05
0.123062 	0.00447704 	-0.00021585 	-2.31584e-05
0.124562 	0.00449677 	-0.00021874 	-2.33803e-05
0.126063 	0.0045165 	-0.000221629 	-2.36021e-05
0.127564 	0.00453624 	-0.000224519 	-2.3824e-05
0.129065 	0.00455597 	-0.000227409 	-2.40459e-05
0.130565 	0.00457481 	-0.000230631 	-2.37529e-05
0.132066 	0.00459355 	-0.000233596 	-2.44214e-05
0.133567 	0.00461212 	-0.000236351 	-2.55965e-05
0.135068 	0.00462998 	-0.00023929 	-2.59561e-05
0.136568 	0.00464784 	-0.000242228 	-2.63158e-05
0.138069 	0.0046657 	-0.000245166 	-2.66755e-05
0.13957 	0.00468355 	-0.000248105 	-2.70351e-05
0.141071 	0.00470141 	-0.000251043 	-2.73948e-05
0.142571 	0.00471927 	-0.000253981 	-2.77545e-05
0.144072 	0.00473712 	-0.000256919 	-2.81141e-05
0.145573 	0.00475498 	-0.000259858 	-2.84738e-05
0.147074 	0.00477284 	-0.000262796 	-2.88335e-05
0.148574 	0.0047907 	-0.000265734 	-2.91931e-05
0.150075 	0.00480773 	-0.00026911 	-2.85472e-05
0.151576 	0.00482472 	-0.000272068 	-2.91532e-05
0.153077 	0.00484161 	-0.000274825 	-3.02264e-05
0.154577 	0.00485811 	-0.00027783 	-3.04228e-05
0.156078 	0.00487462 	-0.000280836 	-3.06192e-05
0.157579 	0.00489112 	-0.000283842 	-3.08156e-05
0.15908 	0.00490762 	-0.000286848 	-3.1012e-05
0.16058 	0.00492412 	-0.000289853 	-3.12084e-05
0.162081 	0.00494062 	-0.000292859 	-3.14048e-05
0.163582 	0.00495713 	-0.000295865 	-3.16012e-05
0.165083 	0.00497363 	-0.000298871 	-3.17976e-05
0.166583 	0.00499013 	-0.000301876 	-3.1994e-05
0.168084 	0.00500663 	-0.000304882 	-3.21905e-05
0.169585 	0.00502314 	-0.000307888 	-3.23869e-05
0.171086 	0.00503899 	-0.000311462 	-3.12334e-05
0.172586 	0.00505475 	-0.000314394 	-3.15451e-05
0.174087 	0.00507047 	-0.000317221 	-3.21306e-05
0.175588 	0.00508615 	-0.000320326 	-3.21157e-05
0.177089 	0.00510182 	-0.000323431 	-3.21009e-05
0.178589 	0.0051175 	-0.000326535 	-3.2086e-05
0.18009 	0.00513317 	-0.00032964 	-3.20712e-05
0.181591 	0.00514885 	-0.000332745 	-3.20563e-05
0.183092 	0.00516452 	-0.000335849 	-3.20415e-05
0.184592 	0.0051802 	-0.000338954 	-3.20266e-05
0.186093 	0.00519588 	-0.000342059 	-3.20118e-05
0.187594 	0.00521155 	-0.000345163 	-3.19969e-05
0.189095 	0.00522723 	-0.000348268 	-3.19821e-05
0.190595 	0.0052429 	-0.000351373 	-3.19672e-05
0.192096 	0.00525858 	-0.000354477 	-3.19524e-05
0.193597 	0.00527393 	-0.000358243 	-3.07679e-05
0.195098 	0.00528906 	-0.000361215 	-3.09009e-05
0.196598 	0.00530421 	-0.000364157 	-3.11658e-05
0.198099 	0.00531944 	-0.000367348 	-3.10804e-05
0.1996 	0.00533467 	-0.000370539 	-3.0995e-05
0.201101 	0.0053499 	-0.000373731 	-3.09097e-05
0.202601 	0.00536513 	-0.000376922 	-3.08243e-05
0.204102 	0.00538036 	-0.000380113 	-3.07389e-05
0.205603 	0.00539559 	-0.000383305 	-3.06535e-05
0.207104 	0.00541082 	-0.000386496 	-3.05682e-05
0.208604 	0.00542605 	-0.000389687 	-3.04828e-05
0.210105 	0.00544128 	-0.000392879 	-3.03974e-05
0.211606 	0.00545651 	-0.00039607 	-3.0312e-05
0.213107 	0.00547174 	-0.000399261 	-3.02266e-05
0.214607 	0.00548697 	-0.000402453 	-3.01413e-05
0.216108 	0.00550221 	-0.000405644 	-3.00559e-05
0.217609 	0.00551738 	-0.000409419 	-2.9227e-05
0.21911 	0.00553225 	-0.000412518 	-2.91406e-05
0.22061 	0.00554711 	-0.000415526 	-2.92336e-05
0.222111 	0.00556206 	-0.00041875 	-2.91403e-05
0.223612 	0.00557701 	-0.000421975 	-2.90469e-05
0.225113 	0.00559196 	-0.000425199 	-2.89536e-05
0.226613 	0.00560691 	-0.000428423 	-2.88602e-05
0.228114 	0.00562185 	-0.000431647 	-2.87669e-05
0.229615 	0.0056368 	-0.000434872 	-2.86735e-05
0.231116 	0.00565175 	-0.000438096 	-2.85802e-05
0.232616 	0.0056667 	-0.00044132 	-2.84868e-05
0.234117 	0.00568165 	-0.000444545 	-2.83935e-05
0.235618 	0.00569659 	-0.000447769 	-2.83001e-05
0.237119 	0.00571154 	-0.000450993 	-2.82068e-05
0.238619 	0.00572649 	-0.000454217 	-2.81134e-05
0.24012 	0.00574144 	-0.000457442 	-2.80201e-05
0.241621 	0.00575639 	-0.000460666 	-2.79267e-05
0.243122 	0.00577144 	-0.000464232 	-2.7525e-05
0.244622 	0.00578629 	-0.000467585 	-2.72018e-05
0.246123 	0.00580105 	-0.000470609 	-2.7224e-05
0.247624 	0.00581599 	-0.000473826 	-2.72481e-05
0.249125 	0.00583093 	-0.000477042 	-2.72722e-05
0.250625 	0.00584587 	-0.000480259 	-2.72964e-05
0.252126 	0.0058608 	-0.000483475 	-2.73205e-05
0.253627 	0.00587574 	-0.000486692 	-2.73446e-05
0.255128 	0.00589068 	-0.000489908 	-2.73687e-05
0.256628 	0.00590562 	-0.000493125 	-2.73929e-05
0.258129 	0.00592056 	-0.000496341 	-2.7417e-05
0.25963 	0.0059355 	-0.000499557 	-2.74411e-05
0.261131 	0.00595044 	-0.000502774 	-2.74653e-05
0.262631 	0.00596538 	-0.00050599 	-2.74894e-05
0.264132 	0.00598032 	-0.000509207 	-2.75135e-05
0.265633 	0.00599526 	-0.000512423 	-2.75376e-05
0.267134 	0.0060102 	-0.00051564 	-2.75618e-05
0.268634 	0.00602514 	-0.000518856 	-2.75859e-05
0.270135 	0.0060401 	-0.00052209 	-2.76046e-05
0.271636 	0.00605545 	-0.000525713 	-2.75e-05
0.273137 	0.00607033 	-0.000528772 	-2.76196e-05
0.274637 	0.00608565 	-0.000531963 	-2.77736e-05
0.276138 	0.00610097 	-0.000535155 	-2.79277e-05
0.277639 	0.0061163 	-0.000538346 	-2.80817e-05
0.27914 	0.00613162 	-0.000541538 	-2.82357e-05
0.28064 	0.00614695 	-0.000544729 	-2.83897e-05
0.282141 	0.00616227 	-0.000547921 	-2.85438e-05
0.283642 	0.00617759 	-0.000551112 	-2.86978e-05
0.285143 	0.00619292 	-0.000554304 	-2.88518e-05
0.286643 	0.00620824 	-0.000557495 	-2.90058e-05
0.288144 	0.00622357 	-0.000560686 	-2.91599e-05
0.289645 	0.00623889 	-0.000563878 	-2.93139e-05
0.291146 	0.00625421 	-0.000567069 	-2.94679e-05
0.292646 	0.00626954 	-0.000570261 	-2.96219e-05
0.294147 	0.00628486 	-0.000573452 	-2.9776e-05
0.295648 	0.00630018 	-0.000576644 	-2.993e-05
0.297149 	0.00631551 	-0.000579835 	-3.0084e-05
0.298649 	0.00633083 	-0.000583027 	-3.0238e-05
0.30015 	0.00634635 	-0.000586299 	-3.0376e-05
0.301651 	0.00636206 	-0.000589627 	-3.05061e-05
0.303152 	0.00637775 	-0.000592758 	-3.06069e-05
0.304652 	0.00639355 	-0.000595872 	-3.06849e-05
0.306153 	0.00640935 	-0.000598987 	-3.07628e-05
0.307654 	0.00642515 	-0.000602101 	-3.08408e-05
0.309155 	0.00644095 	-0.000605216 	-3.09188e-05
0.310655 	0.00645675 	-0.000608331 	-3.09968e-05
0.312156 	0.00647254 	-0.000611445 	-3.10748e-05
0.313657 	0.00648834 	-0.00061456 	-3.11528e-05
0.315158 	0.00650414 	-0.000617674 	-3.12307e-05
0.316658 	0.00651994 	-0.000620789 	-3.13087e-05
0.318159 	0.00653574 	-0.000623904 	-3.13867e-05
0.31966 	0.00655154 	-0.000627018 	-3.14647e-05
0.321161 	0.00656734 	-0.000630133 	-3.15427e-05
0.322661 	0.00658313 	-0.000633248 	-3.16207e-05
0.324162 	0.00659893 	-0.000636362 	-3.16986e-05
0.325663 	0.00661473 	-0.000639477 	-3.17766e-05
0.327164 	0.00663053 	-0.000642591 	-3.18546e-05
0.328664 	0.00664633 	-0.000645706 	-3.19326e-05
0.330165 	0.00666213 	-0.000648821 	-3.20106e-05
0.331666 	0.00667803 	-0.00065195 	-3.20597e-05
0.333167 	0.00669421 	-0.000655163 	-3.19756e-05
0.334667 	0.00671043 	-0.000658113 	-3.2133e-05
0.336168 	0.00672664 	-0.000661062 	-3.2291e-05
0.337669 	0.00674286 	-0.000664011 	-3.2449e-05
0.33917 	0.00675908 	-0.000666961 	-3.26071e-05
0.34067 	0.0067753 	-0.00066991 	-3.27651e-05
0.342171 	0.00679152 	-0.000672859 	-3.29232e-05
0.343672 	0.00680773 	-0.000675809 	-3.30812e-05
0.345173 	0.00682395 	-0.000678758 	-3.32392e-05
0.346673 	0.00684017 	-0.000681707 	-3.33973e-05
0.348174 	0.00685639 	-0.000684656 	-3.35553e-05
0.349675 	0.00687261 	-0.000687606 	-3.37134e-05
0.351176 	0.00688882 	-0.000690555 	-3.38714e-05
0.352676 	0.00690504 	-0.000693504 	-3.40294e-05
0.354177 	0.00692126 	-0.000696454 	-3.41875e-05
0.355678 	0.00693748 	-0.000699403 	-3.43455e-05
0.357179 	0.0069537 	-0.000702352 	-3.45036e-05
0.358679 	0.00696991 	-0.000705302 	-3.46616e-05
0.36018 	0.00698613 	-0.000708251 	-3.48196e-05
0.361681 	0.00700235 	-0.0007112 	-3.49777e-05
0.363182 	0.00701857 	-0.00071415 	-3.51357e-05
0.364682 	0.00703479 	-0.000717099 	-3.52938e-05
0.366183 	0.00705133 	-0.000720065 	-3.54711e-05
0.367684 	0.0070662 	-0.000722532 	-3.5827e-05
0.369185 	0.007081 	-0.000724969 	-3.61924e-05
0.370685 	0.00709579 	-0.000727406 	-3.65578e-05
0.372186 	0.00711058 	-0.000729843 	-3.69232e-05
0.373687 	0.00712537 	-0.00073228 	-3.72887e-05
0.375188 	0.00714017 	-0.000734716 	-3.76541e-05
0.376688 	0.00715496 	-0.000737153 	-3.80195e-05
0.378189 	0.00716975 	-0.00073959 	-3.83849e-05
0.37969 	0.00718455 	-0.000742027 	-3.87503e-05
0.381191 	0.00719934 	-0.000744464 	-3.91157e-05
0.382691 	0.00721413 	-0.000746901 	-3.94811e-05
0.384192 	0.00722892 	-0.000749338 	-3.98465e-05
0.385693 	0.00724372 	-0.000751775 	-4.02119e-05
0.387194 	0.00725851 	-0.000754212 	-4.05773e-05
0.388694 	0.0072733 	-0.000756648 	-4.09428e-05
0.390195 	0.0072881 	-0.000759085 	-4.13082e-05
0.391696 	0.00730289 	-0.000761522 	-4.16736e-05
0.393197 	0.00731768 	-0.000763959 	-4.2039e-05
0.394697 	0.00733247 	-0.000766396 	-4.24044e-05
0.396198 	0.00734727 	-0.000768833 	-4.27698e-05
0.397699 	0.00736206 	-0.00077127 	-4.31352e-05
0.3992 	0.00737685 	-0.000773707 	-4.35006e-05
0.4007 	0.00739164 	-0.000776144 	-4.3866e-05
0.402201 	0.00740547 	-0.000778588 	-4.4205e-05
0.403702 	0.00741784 	-0.000780962 	-4.45003e-05
0.405203 	0.00743021 	-0.000783336 	-4.47956e-05
0.406703 	0.00744258 	-0.00078571 	-4.50909e-05
0.408204 	0.00745495 	-0.000788084 	-4.53862e-05
0.409705 	0.00746733 	-0.000790455 	-4.56822e-05
0.411206 	0.00747971 	-0.000792819 	-4.59804e-05
0.412706 	0.00749209 	-0.000795183 	-4.62785e-05
0.414207 	0.00750448 	-0.000797547 	-4.65766e-05
0.415708 	0.00751686 	-0.000799911 	-4.68747e-05
0.417209 	0.00752924 	-0.000802275 	-4.71728e-05
0.418709 	0.00754163 	-0.000804639 	-4.7471e-05
0.42021 	0.00755401 	-0.000807003 	-4.77691e-05
0.421711 	0.0075664 	-0.000809367 	-4.80672e-05
0.423212 	0.00757878 	-0.000811731 	-4.83653e-05
0.424712 	0.00759116 	-0.000814094 	-4.86634e-05
0.426213 	0.00760355 	-0.000816458 	-4.89616e-05
0.427714 	0.00761593 	-0.000818822 	-4.92597e-05
0.429215 	0.00762831 	-0.000821186 	-4.95578e-05
0.430715 	0.0076407 	-0.00082355 	-4.98559e-05
0.432216 	0.00765308 	-0.000825914 	-5.0154e-05
0.433717 	0.00766546 	-0.000828278 	-5.04522e-05
0.435218 	0.00767785 	-0.000830642 	-5.07503e-05
0.436718 	0.00769023 	-0.000833006 	-5.10484e-05
0.438219 	0.00770262 	-0.00083537 	-5.13465e-05
0.43972 	0.00771614 	-0.000838649 	-5.15684e-05
0.441221 	0.00773119 	-0.000841221 	-5.19356e-05
0.442721 	0.00774623 	-0.000843794 	-5.23028e-05
0.444222 	0.00776128 	-0.000846366 	-5.26701e-05
0.445723 	0.00777633 	-0.000848938 	-5.30373e-05
0.447224 	0.00779138 	-0.00085151 	-5.34045e-05
0.448724 	0.00780643 	-0.000854082 	-5.37717e-05
0.450225 	0.00782148 	-0.000856654 	-5.4139e-05
0.451726 	0.00783653 	-0.000859226 	-5.45062e-05
0.453227 	0.00785158 	-0.000861798 	-5.48734e-05
0.454727 	0.00786663 	-0.00086437 	-5.52406e-05
0.456228 	0.00788168 	-0.000866942 	-5.56078e-05
0.457729 	0.00789673 	-0.000869514 	-5.59751e-05
0.45923 	0.00791178 	-0.000872086 	-5.63423e-05
0.46073 	0.00792683 	-0.000874658 	-5.67095e-05
0.462231 	0.00794188 	-0.00087723 	-5.70767e-05
0.463732 	0.00795693 	-0.000879803 	-5.74439e-05
0.465233 	0.00797198 	-0.000882375 	-5.78112e-05
0.466733 	0.00798703 	-0.000884947 	-5.81784e-05
0.468234 	0.00800208 	-0.000887519 	-5.85456e-05
0.469735 	0.00801712 	-0.000890091 	-5.89128e-05
0.471236 	0.00803217 	-0.000892663 	-5.92801e-05
0.472736 	0.00804722 	-0.000895235 	-5.96473e-05
0.474237 	0.00806227 	-0.000897807 	-6.00145e-05
0.475738 	0.00807732 	-0.000900379 	-6.03817e-05
0.477239 	0.00809237 	-0.000902951 	-6.07489e-05
0.478739 	0.00811077 	-0.000905044 	-6.13204e-05
0.48024 	0.00812786 	-0.000907871 	-6.17781e-05
0.481741 	0.00814671 	-0.000910285 	-6.23756e-05
0.483242 	0.00816557 	-0.000912699 	-6.29732e-05
0.484742 	0.00818443 	-0.000915112 	-6.35708e-05
0.486243 	0.00820328 	-0.000917526 	-6.41683e-05
0.487744 	0.00822214 	-0.00091994 	-6.47659e-05
0.489245 	0.008241 	-0.000922354 	-6.53635e-05
0.490745 	0.00825985 	-0.000924767 	-6.5961e-05
0.492246 	0.00827871 	-0.000927181 	-6.65586e-05
0.493747 	0.00829757 	-0.000929595 	-6.71561e-05
0.495248 	0.00831642 	-0.000932009 	-6.77537e-05
0.496748 	0.00833528 	-0.000934422 	-6.83513e-05
0.498249 	0.00835414 	-0.000936836 	-6.89488e-05
0.49975 	0.00837299 	-0.00093925 	-6.95464e-05
0.501251 	0.00839185 	-0.000941664 	-7.0144e-05
0.502751 	0.00841071 	-0.000944078 	-7.07415e-05
0.504252 	0.00842956 	-0.000946491 	-7.13391e-05
0.505753 	0.00844842 	-0.000948905 	-7.19367e-05
0.507254 	0.00846728 	-0.000951319 	-7.25342e-05
0.508754 	0.00848613 	-0.000953733 	-7.31318e-05
0.510255 	0.00850499 	-0.000956146 	-7.37294e-05
0.511756 	0.00852385 	-0.00095856 	-7.43269e-05
0.513257 	0.0085427 	-0.000960974 	-7.49245e-05
0.514757 	0.00856156 	-0.000963388 	-7.55221e-05
0.516258 	0.00858042 	-0.000965801 	-7.61196e-05
0.517759 	0.00859927 	-0.000968215 	-7.67172e-05
0.51926 	0.00861813 	-0.000970629 	-7.73147e-05
0.52076 	0.00863958 	-0.000972324 	-7.80945e-05
0.522261 	0.00865742 	-0.000975134 	-7.86269e-05
0.523762 	0.00867639 	-0.000977687 	-7.90952e-05
0.525263 	0.00869626 	-0.000980009 	-7.95544e-05
0.526763 	0.00871614 	-0.000982331 	-8.00136e-05
0.528264 	0.00873601 	-0.000984653 	-8.04729e-05
0.529765 	0.00875588 	-0.000986975 	-8.09321e-05
0.531266 	0.00877575 	-0.000989297 	-8.13913e-05
0.532766 	0.00879562 	-0.000991619 	-8.18505e-05
0.534267 	0.0088155 	-0.000993941 	-8.23098e-05
0.535768 	0.00883537 	-0.000996263 	-8.2769e-05
0.537269 	0.00885524 	-0.000998585 	-8.32282e-05
0.538769 	0.00887511 	-0.00100091 	-8.36874e-05
0.54027 	0.00889498 	-0.00100323 	-8.41467e-05
0.541771 	0.00891486 	-0.00100555 	-8.46059e-05
0.543272 	0.00893473 	-0.00100787 	-8.50651e-05
0.544772 	0.0089546 	-0.00101019 	-8.55243e-05
0.546273 	0.00897447 	-0.00101252 	-8.59836e-05
0.547774 	0.00899434 	-0.00101484 	-8.64428e-05
0.549275 	0.00901422 	-0.00101716 	-8.6902e-05
0.550775 	0.00903409 	-0.00101948 	-8.73613e-05
0.552276 	0.00905396 	-0.00102181 	-8.78205e-05
0.553777 	0.00907383 	-0.00102413 	-8.82797e-05
0.555278 	0.00909371 	-0.00102645 	-8.87389e-05
0.556778 	0.00911358 	-0.00102877 	-8.91982e-05
0.558279 	0.00913345 	-0.00103109 	-8.96574e-05
0.55978 	0.00915332 	-0.00103342 	-9.01166e-05
0.561281 	0.00917319 	-0.00103574 	-9.05758e-05
0.562781 	0.00919307 	-0.00103806 	-9.10351e-05
0.564282 	0.00921523 	-0.00103966 	-9.14181e-05
0.565783 	0.00923672 	-0.00104151 	-9.17222e-05
0.567284 	0.00925517 	-0.00104444 	-9.18343e-05
0.568784 	0.00927485 	-0.00104697 	-9.19437e-05
0.570285 	0.00929568 	-0.00104912 	-9.20507e-05
0.571786 	0.00931651 	-0.00105128 	-9.21576e-05
0.573287 	0.00933734 	-0.00105343 	-9.22645e-05
0.574787 	0.00935817 	-0.00105558 	-9.23714e-05
0.576288 	0.009379 	-0.00105774 	-9.24784e-05
0.577789 	0.00939983 	-0.00105989 	-9.25853e-05
0.57929 	0.00942066 	-0.00106205 	-9.26922e-05
0.58079 	0.00944149 	-0.0010642 	-9.27991e-05
0.582291 	0.00946232 	-0.00106636 	-9.29061e-05
0.583792 	0.00948315 	-0.00106851 	-9.3013e-05
0.585293 	0.00950398 	-0.00107067 	-9.31199e-05
0.586793 	0.00952481 	-0.00107282 	-9.32268e-05
0.588294 	0.00954564 	-0.00107497 	-9.33337e-05
0.589795 	0.00956647 	-0.00107713 	-9.34407e-05
0.591296 	0.00958729 	-0.00107928 	-9.35476e-05
0.592796 	0.00960812 	-0.00108144 	-9.36545e-05
0.594297 	0.00962895 	-0.00108359 	-9.37614e-05
0.595798 	0.00964978 	-0.00108575 	-9.38684e-05
0.597299 	0.00967061 	-0.0010879 	-9.39753e-05
0.598799 	0.00969144 	-0.00109006 	-9.40822e-05
0.6003 	0.00971227 	-0.00109221 	-9.41891e-05
0.601801 	0.0097331 	-0.00109436 	-9.42961e-05
0.603302 	0.00975393 	-0.00109652 	-9.4403e-05
0.604802 	0.00977476 	-0.00109867 	-9.45099e-05
0.606303 	0.00979559 	-0.00110083 	-9.46168e-05
0.607804 	0.00981642 	-0.00110298 	-9.47237e-05
0.609305 	0.00983798 	-0.00110483 	-9.48053e-05
0.610805 	0.00986102 	-0.00110605 	-9.4836e-05
0.612306 	0.00988354 	-0.0011075 	-9.48307e-05
0.613807 	0.00990292 	-0.00111028 	-9.46095e-05
0.615308 	0.00992229 	-0.00111306 	-9.43884e-05
0.616808 	0.0099431 	-0.00111537 	-9.43754e-05
0.618309 	0.00996435 	-0.00111754 	-9.44261e-05
0.61981 	0.00998559 	-0.00111971 	-9.44767e-05
0.621311 	0.0100068 	-0.00112189 	-9.45273e-05
0.622811 	0.0100281 	-0.00112406 	-9.4578e-05
0.624312 	0.0100493 	-0.00112623 	-9.46286e-05
0.625813 	0.0100706 	-0.0011284 	-9.46793e-05
0.627314 	0.0100918 	-0.00113057 	-9.47299e-05
0.628814 	0.0101131 	-0.00113275 	-9.47806e-05
0.630315 	0.0101343 	-0.00113492 	-9.48312e-05
0.631816 	0.0101556 	-0.00113709 	-9.48819e-05
0.633317 	0.0101768 	-0.00113926 	-9.49325e-05
0.634817 	0.0101981 	-0.00114143 	-9.49832e-05
0.636318 	0.0102193 	-0.00114361 	-9.50338e-05
0.637819 	0.0102405 	-0.00114578 	-9.50845e-05
0.63932 	0.0102618 	-0.00114795 	-9.51351e-05
0.64082 	0.010283 	-0.00115012 	-9.51857e-05
0.642321 	0.0103043 	-0.00115229 	-9.52364e-05
0.643822 	0.0103255 	-0.00115447 	-9.5287e-05
0.645323 	0.0103468 	-0.00115664 	-9.53377e-05
0.646823 	0.010368 	-0.00115881 	-9.53883e-05
0.648324 	0.0103893 	-0.00116098 	-9.5439e-05
0.649825 	0.0104105 	-0.00116315 	-9.54896e-05
0.651326 	0.0104318 	-0.00116533 	-9.55403e-05
0.652826 	0.010453 	-0.0011675 	-9.55909e-05
0.654327 	0.0104743 	-0.00116967 	-9.56416e-05
0.655828 	0.0104955 	-0.00117184 	-9.56922e-05
0.657329 	0.0105175 	-0.00117364 	-9.5842e-05
0.658829 	0.0105409 	-0.00117479 	-9.61645e-05
0.66033 	0.0105643 	-0.00117594 	-9.6487e-05
0.661831 	0.0105866 	-0.00117758 	-9.66671e-05
0.663332 	0.0106078 	-0.0011797 	-9.67119e-05
0.664832 	0.0106291 	-0.00118181 	-9.67566e-05
0.666333 	0.0106498 	-0.00118374 	-9.683e-05
0.667834 	0.0106697 	-0.00118539 	-9.6943e-05
0.669335 	0.0106896 	-0.00118704 	-9.7056e-05
0.670835 	0.0107095 	-0.00118869 	-9.7169e-05
0.672336 	0.0107295 	-0.00119034 	-9.7282e-05
0.673837 	0.0107494 	-0.001192 	-9.7395e-05
0.675338 	0.0107693 	-0.00119365 	-9.7508e-05
0.676838 	0.0107892 	-0.0011953 	-9.76211e-05
0.678339 	0.0108091 	-0.00119695 	-9.77341e-05
0.67984 	0.010829 	-0.0011986 	-9.78471e-05
0.681341 	0.010849 	-0.00120026 	-9.79601e-05
0.682841 	0.0108689 	-0.00120191 	-9.80731e-05
0.684342 	0.0108888 	-0.00120356 	-9.81861e-05
0.685843 	0.0109087 	-0.00120521 	-9.82991e-05
0.687344 	0.0109286 	-0.00120687 	-9.84122e-05
0.688844 	0.0109485 	-0.00120852 	-9.85252e-05
0.690345 	0.0109684 	-0.00121017 	-9.86382e-05
0.691846 	0.0109884 	-0.00121182 	-9.87512e-05
0.693347 	0.0110083 	-0.00121347 	-9.88642e-05
0.694847 	0.0110282 	-0.00121513 	-9.89772e-05
0.696348 	0.0110481 	-0.00121678 	-9.90902e-05
0.697849 	0.011068 	-0.00121843 	-9.92032e-05
0.69935 	0.0110879 	-0.00122008 	-9.93163e-05
0.70085 	0.0111079 	-0.00122174 	-9.94293e-05
0.702351 	0.0111278 	-0.00122339 	-9.95423e-05
0.703852 	0.0111477 	-0.00122504 	-9.96553e-05
0.705353 	0.0111676 	-0.00122669 	-9.97683e-05
0.706853 	0.0111875 	-0.00122834 	-9.98813e-05
0.708354 	0.0112037 	-0.00122906 	-0.000100188
0.709855 	0.0112198 	-0.00122975 	-0.000100499
0.711356 	0.011236 	-0.00123044 	-0.00010081
0.712856 	0.0112499 	-0.00123115 	-0.000101052
0.714357 	0.0112601 	-0.00123189 	-0.000101179
0.715858 	0.0112704 	-0.00123262 	-0.000101307
0.717359 	0.0112807 	-0.00123336 	-0.000101435
0.718859 	0.011295 	-0.00123418 	-0.000101522
0.72036 	0.0113135 	-0.00123509 	-0.000101567
0.721861 	0.011332 	-0.001236 	-0.000101612
0.723362 	0.0113505 	-0.00123691 	-0.000101658
0.724862 	0.011369 	-0.00123782 	-0.000101703
0.726363 	0.0113875 	-0.00123873 	-0.000101748
0.727864 	0.011406 	-0.00123964 	-0.000101793
0.729365 	0.0114245 	-0.00124055 	-0.000101838
0.730865 	0.011443 	-0.00124146 	-0.000101883
0.732366 	0.0114615 	-0.00124237 	-0.000101928
0.733867 	0.01148 	-0.00124329 	-0.000101974
0.735368 	0.0114985 	-0.0012442 	-0.000102019
0.736868 	0.011517 	-0.00124511 	-0.000102064
0.738369 	0.0115355 	-0.00124602 	-0.000102109
0.73987 	0.011554 	-0.00124693 	-0.000102154
0.741371 	0.0115725 	-0.00124784 	-0.000102199
0.742871 	0.011591 	-0.00124875 	-0.000102244
0.744372 	0.0116095 	-0.00124966 	-0.000102289
0.745873 	0.0116281 	-0.00125057 	-0.000102335
0.747374 	0.0116466 	-0.00125148 	-0.00010238
0.748874 	0.0116651 	-0.00125239 	-0.000102425
0.750375 	0.0116836 	-0.0012533 	-0.00010247
0.751876 	0.0117021 	-0.00125421 	-0.000102515
0.753377 	0.0117206 	-0.00125512 	-0.00010256
0.754877 	0.0117391 	-0.00125603 	-0.000102605
0.756378 	0.0117576 	-0.00125694 	-0.00010265
0.757879 	0.0117761 	-0.00125785 	-0.000102696
0.75938 	0.0117962 	-0.0012588 	-0.000102745
0.76088 	0.011823 	-0.00125988 	-0.000102811
0.762381 	0.0118498 	-0.00126096 	-0.000102877
0.763882 	0.0118766 	-0.00126204 	-0.000102944
0.765383 	0.0119034 	-0.00126312 	-0.00010301
0.766883 	0.0119255 	-0.00126413 	-0.000103069
0.768384 	0.0119462 	-0.00126512 	-0.000103126
0.769885 	0.011967 	-0.00126612 	-0.000103183
0.771386 	0.0119877 	-0.00126711 	-0.00010324
0.772886 	0.0120085 	-0.0012681 	-0.000103296
0.774387 	0.0120302 	-0.00126895 	-0.000103353
0.775888 	0.0120519 	-0.0012698 	-0.00010341
0.777389 	0.0120737 	-0.00127064 	-0.000103467
0.778889 	0.0120954 	-0.00127149 	-0.000103524
0.78039 	0.0121171 	-0.00127233 	-0.000103581
0.781891 	0.0121389 	-0.00127318 	-0.000103638
0.783392 	0.0121606 	-0.00127403 	-0.000103695
0.784892 	0.0121823 	-0.00127487 	-0.000103752
0.786393 	0.0122041 	-0.00127572 	-0.000103809
0.787894 	0.0122258 	-0.00127657 	-0.000103866
0.789395 	0.0122476 	-0.00127741 	-0.000103923
0.790895 	0.0122693 	-0.00127826 	-0.00010398
0.792396 	0.012291 	-0.00127911 	-0.000104037
0.793897 	0.0123128 	-0.00127995 	-0.000104094
0.795398 	0.0123345 	-0.0012808 	-0.00010415
0.796898 	0.0123562 	-0.00128165 	-0.000104207
0.798399 	0.012378 	-0.00128249 	-0.000104264
0.7999 	0.0123997 	-0.00128334 	-0.000104321
0.801401 	0.0124214 	-0.00128419 	-0.000104378
0.802901 	0.0124432 	-0.00128503 	-0.000104435
0.804402 	0.0124649 	-0.00128588 	-0.000104492
0.805903 	0.0124866 	-0.00128673 	-0.000104549
0.807404 	0.0125084 	-0.00128757 	-0.000104606
0.808904 	0.0125301 	-0.00128842 	-0.000104663
0.810405 	0.0125518 	-0.00128926 	-0.00010472
0.811906 	0.0125736 	-0.00129011 	-0.000104777
0.813407 	0.0125955 	-0.00129095 	-0.000104829
0.814907 	0.0126205 	-0.00129175 	-0.0001048
0.816408 	0.0126455 	-0.00129254 	-0.000104771
0.817909 	0.0126705 	-0.00129334 	-0.000104742
0.81941 	0.0126955 	-0.00129413 	-0.000104713
0.82091 	0.0127205 	-0.00129493 	-0.000104684
0.822411 	0.012745 	-0.0012958 	-0.000104697
0.823912 	0.0127693 	-0.00129669 	-0.000104724
0.825413 	0.0127936 	-0.00129759 	-0.00010475
0.826913 	0.0128179 	-0.00129849 	-0.000104777
0.828414 	0.0128422 	-0.00129939 	-0.000104804
0.829915 	0.0128665 	-0.00130029 	-0.000104831
0.831416 	0.0128915 	-0.00130105 	-0.000104831
0.832916 	0.0129164 	-0.00130182 	-0.00010483
0.834417 	0.0129414 	-0.00130259 	-0.00010483
0.835918 	0.0129664 	-0.00130336 	-0.000104829
0.837419 	0.0129913 	-0.00130413 	-0.000104829
0.838919 	0.0130163 	-0.00130489 	-0.000104828
0.84042 	0.0130413 	-0.00130566 	-0.000104828
0.841921 	0.0130662 	-0.00130643 	-0.000104827
0.843422 	0.0130912 	-0.0013072 	-0.000104827
0.844922 	0.0131162 	-0.00130797 	-0.000104826
0.846423 	0.0131412 	-0.00130873 	-0.000104826
0.847924 	0.0131661 	-0.0013095 	-0.000104825
0.849425 	0.0131911 	-0.00131027 	-0.000104825
0.850925 	0.0132161 	-0.00131104 	-0.000104824
0.852426 	0.013241 	-0.00131181 	-0.000104824
0.853927 	0.013266 	-0.00131258 	-0.000104823
0.855428 	0.013291 	-0.00131334 	-0.000104823
0.856928 	0.013316 	-0.00131411 	-0.000104822
0.858429 	0.0133409 	-0.00131488 	-0.000104822
0.85993 	0.0133659 	-0.00131565 	-0.000104821
0.861431 	0.0133909 	-0.00131642 	-0.000104821
0.862931 	0.0134158 	-0.00131718 	-0.00010482
0.864432 	0.0134408 	-0.00131795 	-0.00010482
0.865933 	0.0134658 	-0.00131872 	-0.00010482
0.867434 	0.0134908 	-0.00131949 	-0.000104819
0.868934 	0.0135157 	-0.00132026 	-0.000104819
0.870435 	0.0135409 	-0.00132089 	-0.000104681
0.871936 	0.0135662 	-0.00132145 	-0.000104459
0.873437 	0.0135915 	-0.001322 	-0.000104238
0.874937 	0.0136167 	-0.00132256 	-0.000104017
0.876438 	0.013642 	-0.00132312 	-0.000103796
0.877939 	0.0136673 	-0.00132367 	-0.000103575
0.87944 	0.0136924 	-0.00132427 	-0.000103349
0.88094 	0.013717 	-0.00132496 	-0.000103114
0.882441 	0.0137417 	-0.00132565 	-0.000102878
0.883942 	0.0137664 	-0.00132633 	-0.000102642
0.885443 	0.0137911 	-0.00132702 	-0.000102407
0.886943 	0.0138157 	-0.00132771 	-0.000102171
0.888444 	0.0138404 	-0.00132839 	-0.000101935
0.889945 	0.0138654 	-0.00132896 	-0.000101755
0.891446 	0.0138905 	-0.00132943 	-0.000101616
0.892946 	0.0139157 	-0.0013299 	-0.000101478
0.894447 	0.0139409 	-0.00133037 	-0.00010134
0.895948 	0.013966 	-0.00133084 	-0.000101202
0.897449 	0.0139912 	-0.00133131 	-0.000101064
0.898949 	0.0140163 	-0.00133178 	-0.000100925
0.90045 	0.0140415 	-0.00133225 	-0.000100787
0.901951 	0.0140667 	-0.00133272 	-0.000100649
0.903452 	0.0140918 	-0.00133319 	-0.000100511
0.904952 	0.014117 	-0.00133366 	-0.000100373
0.906453 	0.0141422 	-0.00133413 	-0.000100234
0.907954 	0.0141673 	-0.0013346 	-0.000100096
0.909455 	0.0141925 	-0.00133507 	-9.99581e-05
0.910955 	0.0142177 	-0.00133554 	-9.98199e-05
0.912456 	0.0142428 	-0.00133601 	-9.96817e-05
0.913957 	0.014268 	-0.00133648 	-9.95435e-05
0.915458 	0.0142932 	-0.00133695 	-9.94053e-05
0.916958 	0.0143183 	-0.00133742 	-9.92671e-05
0.918459 	0.0143435 	-0.00133789 	-9.9129e-05
0.91996 	0.0143686 	-0.00133837 	-9.89908e-05
0.921461 	0.0143938 	-0.00133884 	-9.88526e-05
0.922961 	0.014419 	-0.00133931 	-9.87144e-05
0.924462 	0.0144441 	-0.00133978 	-9.85762e-05
0.925963 	0.0144693 	-0.00134025 	-9.8438e-05
0.927464 	0.0144945 	-0.00134072 	-9.82998e-05
0.928964 	0.0145196 	-0.00134091 	-9.81364e-05
0.930465 	0.0145447 	-0.00134108 	-9.79721e-05
0.931966 	0.0145698 	-0.00134126 	-9.78078e-05
0.933467 	0.014595 	-0.00134144 	-9.76434e-05
0.934967 	0.0146201 	-0.00134162 	-9.74791e-05
0.936468 	0.0146452 	-0.00134179 	-9.73147e-05
0.937969 	0.0146703 	-0.00134197 	-9.71504e-05
0.93947 	0.0146951 	-0.00134226 	-9.69478e-05
0.94097 	0.0147196 	-0.0013426 	-9.67235e-05
0.942471 	0.0147442 	-0.00134295 	-9.64992e-05
0.943972 	0.0147687 	-0.0013433 	-9.62749e-05
0.945473 	0.0147933 	-0.00134364 	-9.60506e-05
0.946973 	0.0148178 	-0.00134399 	-9.58263e-05
0.948474 	0.0148424 	-0.00134434 	-9.56019e-05
0.949975 	0.0148669 	-0.00134468 	-9.53776e-05
0.951476 	0.0148919 	-0.00134481 	-9.51183e-05
0.952976 	0.014917 	-0.00134487 	-9.4847e-05
0.954477 	0.0149421 	-0.00134493 	-9.45757e-05
0.955978 	0.0149673 	-0.00134498 	-9.43044e-05
0.957479 	0.0149924 	-0.00134504 	-9.40331e-05
0.958979 	0.0150175 	-0.0013451 	-9.37617e-05
0.96048 	0.0150426 	-0.00134515 	-9.34904e-05
0.961981 	0.0150677 	-0.00134521 	-9.32191e-05
0.963482 	0.0150929 	-0.00134527 	-9.29478e-05
0.964982 	0.015118 	-0.00134532 	-9.26765e-05
0.966483 	0.0151431 	-0.00134538 	-9.24052e-05
0.967984 	0.0151682 	-0.00134544 	-9.21339e-05
0.969485 	0.0151934 	-0.00134549 	-9.18625e-05
0.970985 	0.0152185 	-0.00134555 	-9.15912e-05
0.972486 	0.0152436 	-0.00134561 	-9.13199e-05
0.973987 	0.0152687 	-0.00134566 	-9.10486e-05
0.975488 	0.0152938 	-0.00134572 	-9.07773e-05
0.976988 	0.015319 	-0.00134578 	-9.0506e-05
0.978489 	0.0153441 	-0.00134583 	-9.02347e-05
0.97999 	0.0153692 	-0.00134589 	-8.99633e-05
0.981491 	0.0153943 	-0.00134595 	-8.9692e-05
0.982991 	0.0154194 	-0.001346 	-8.94207e-05
0.984492 	0.0154446 	-0.00134606 	-8.91494e-05
0.985993 	0.0154697 	-0.00134612 	-8.88781e-05
0.987494 	0.0154948 	-0.00134612 	-8.86013e-05
0.988994 	0.0155198 	-0.00134584 	-8.82947e-05
0.990495 	0.0155448 	-0.00134556 	-8.79882e-05
0.991996 	0.0155699 	-0.00134529 	-8.76816e-05
0.993497 	0.0155949 	-0.00134501 	-8.73751e-05
0.994997 	0.0156199 	-0.00134473 	-8.70685e-05
0.996498 	0.0156449 	-0.00134445 	-8.6762e-05
0.997999 	0.01567 	-0.00134417 	-8.64554e-05
0.9995 	0.015695 	-0.0013439 	-8.61489e-05
1.001 	0.0157197 	-0.00134372 	-8.58577e-05
1.0025 	0.0157442 	-0.00134358 	-8.55725e-05
1.004 	0.0157688 	-0.00134344 	-8.52873e-05
1.0055 	0.0157933 	-0.0013433 	-8.50022e-05
1.007 	0.0158179 	-0.00134316 	-8.4717e-05
1.0085 	0.0158424 	-0.00134301 	-8.44318e-05
1.01001 	0.015867 	-0.00134287 	-8.41466e-05
1.01151 	0.0158915 	-0.00134273 	-8.38615e-05
1.01301 	0.0159161 	-0.00134259 	-8.35763e-05
1.01451 	0.0159394 	-0.00134234 	-8.31799e-05
1.01601 	0.0159621 	-0.00134202 	-8.27235e-05
1.01751 	0.0159849 	-0.0013417 	-8.22671e-05
1.01901 	0.0160076 	-0.00134138 	-8.18108e-05
1.02051 	0.0160303 	-0.00134106 	-8.13544e-05
1.02201 	0.016053 	-0.00134074 	-8.0898e-05
1.02351 	0.0160757 	-0.00134042 	-8.04416e-05
1.02501 	0.0160985 	-0.00134011 	-7.99852e-05
1.02651 	0.0161212 	-0.00133979 	-7.95288e-05
1.02801 	0.0161439 	-0.00133947 	-7.90724e-05
1.02951 	0.0161666 	-0.00133915 	-7.86161e-05
1.03102 	0.0161893 	-0.00133883 	-7.81597e-05
1.03252 	0.0162121 	-0.00133851 	-7.77033e-05
1.03402 	0.0162348 	-0.00133819 	-7.72469e-05
1.03552 	0.0162575 	-0.00133788 	-7.67905e-05
1.03702 	0.0162802 	-0.00133756 	-7.63341e-05
1.03852 	0.0163029 	-0.00133724 	-7.58777e-05
1.04002 	0.0163257 	-0.00133692 	-7.54214e-05
1.04152 	0.0163484 	-0.0013366 	-7.4965e-05
1.04302 	0.0163711 	-0.00133628 	-7.45086e-05
1.04452 	0.0163938 	-0.00133596 	-7.40522e-05
1.04602 	0.0164165 	-0.00133565 	-7.35958e-05
1.04752 	0.0164393 	-0.00133533 	-7.31394e-05
1.04902 	0.0164606 	-0.00133496 	-7.26652e-05
1.05053 	0.0164785 	-0.00133449 	-7.21479e-05
1.05203 	0.0164964 	-0.00133402 	-7.16307e-05
1.05353 	0.0165143 	-0.00133354 	-7.11134e-05
1.05503 	0.0165321 	-0.00133307 	-7.05962e-05
1.05653 	0.01655 	-0.00133259 	-7.00789e-05
1.05803 	0.0165679 	-0.00133212 	-6.95616e-05
1.05953 	0.0165858 	-0.00133165 	-6.90444e-05
1.06103 	0.0166037 	-0.00133117 	-6.85271e-05
1.06253 	0.0166216 	-0.0013307 	-6.80099e-05
1.06403 	0.0166359 	-0.00133036 	-6.75626e-05
1.06553 	0.0166486 	-0.00133007 	-6.71467e-05
1.06703 	0.0166613 	-0.00132979 	-6.67308e-05
1.06853 	0.0166739 	-0.0013295 	-6.63149e-05
1.07004 	0.0166866 	-0.00132922 	-6.5899e-05
1.07154 	0.0166993 	-0.00132893 	-6.54831e-05
1.07304 	0.016712 	-0.00132865 	-6.50672e-05
1.07454 	0.0167246 	-0.00132836 	-6.46513e-05
1.07604 	0.0167373 	-0.00132808 	-6.42354e-05
1.07754 	0.01675 	-0.00132779 	-6.38195e-05
1.07904 	0.0167654 	-0.00132739 	-6.34041e-05
1.08054 	0.0167853 	-0.00132681 	-6.29894e-05
1.08204 	0.0168051 	-0.00132623 	-6.25748e-05
1.08354 	0.0168249 	-0.00132564 	-6.21601e-05
1.08504 	0.0168447 	-0.00132506 	-6.17455e-05
1.08654 	0.0168645 	-0.00132447 	-6.13308e-05
1.08804 	0.0168843 	-0.00132389 	-6.09162e-05
1.08954 	0.0169041 	-0.00132331 	-6.05016e-05
1.09105 	0.0169239 	-0.00132272 	-6.00869e-05
1.09255 	0.0169438 	-0.00132214 	-5.96723e-05
1.09405 	0.0169636 	-0.00132155 	-5.92576e-05
1.09555 	0.0169834 	-0.00132097 	-5.8843e-05
1.09705 	0.0170032 	-0.00132039 	-5.84283e-05
1.09855 	0.017023 	-0.0013198 	-5.80137e-05
1.10005 	0.0170428 	-0.00131922 	-5.7599e-05
1.10155 	0.0170626 	-0.00131863 	-5.71844e-05
1.10305 	0.0170824 	-0.00131805 	-5.67697e-05
1.10455 	0.0171023 	-0.00131747 	-5.63551e-05
1.10605 	0.0171221 	-0.00131688 	-5.59404e-05
1.10755 	0.0171419 	-0.0013163 	-5.55258e-05
1.10905 	0.0171617 	-0.00131571 	-5.51111e-05
1.11056 	0.0171815 	-0.00131513 	-5.46965e-05
1.11206 	0.0172048 	-0.00131437 	-5.42732e-05
1.11356 	0.0172318 	-0.00131341 	-5.38406e-05
1.11506 	0.0172588 	-0.00131246 	-5.3408e-05
1.11656 	0.0172858 	-0.0013115 	-5.29753e-05
1.11806 	0.0173128 	-0.00131055 	-5.25427e-05
1.11956 	0.0173398 	-0.0013096 	-5.21101e-05
1.12106 	0.0173668 	-0.00130864 	-5.16775e-05
1.12256 	0.0173938 	-0.00130769 	-5.12449e-05
1.12406 	0.0174208 	-0.00130673 	-5.08122e-05
1.12556 	0.0174478 	-0.00130578 	-5.03796e-05
1.12706 	0.0174748 	-0.00130482 	-4.9947e-05
1.12856 	0.0174982 	-0.00130396 	-4.9514e-05
1.13007 	0.0175199 	-0.00130314 	-4.90807e-05
1.13157 	0.0175416 	-0.00130232 	-4.86475e-05
1.13307 	0.0175633 	-0.0013015 	-4.82142e-05
1.13457 	0.017585 	-0.00130068 	-4.7781e-05
1.13607 	0.0176067 	-0.00129986 	-4.73477e-05
1.13757 	0.0176284 	-0.00129905 	-4.69145e-05
1.13907 	0.0176501 	-0.00129823 	-4.64813e-05
1.14057 	0.0176718 	-0.00129741 	-4.6048e-05
1.14207 	0.0176935 	-0.00129659 	-4.56148e-05
1.14357 	0.0177152 	-0.00129577 	-4.51815e-05
1.14507 	0.0177369 	-0.00129494 	-4.47657e-05
1.14657 	0.0177584 	-0.00129404 	-4.45281e-05
1.14807 	0.01778 	-0.00129314 	-4.42905e-05
1.14957 	0.0178016 	-0.00129223 	-4.4053e-05
1.15108 	0.0178232 	-0.00129133 	-4.38154e-05
1.15258 	0.0178448 	-0.00129043 	-4.35778e-05
1.15408 	0.0178663 	-0.00128952 	-4.33402e-05
1.15558 	0.0178879 	-0.00128862 	-4.31026e-05
1.15708 	0.0179095 	-0.00128771 	-4.2865e-05
1.15858 	0.0179311 	-0.00128681 	-4.26274e-05
1.16008 	0.0179526 	-0.00128591 	-4.23898e-05
1.16158 	0.0179742 	-0.001285 	-4.21522e-05
1.16308 	0.0179958 	-0.0012841 	-4.19146e-05
1.16458 	0.0180174 	-0.0012832 	-4.1677e-05
1.16608 	0.018039 	-0.00128229 	-4.14394e-05
1.16758 	0.0180605 	-0.00128139 	-4.12018e-05
1.16908 	0.0180821 	-0.00128049 	-4.09642e-05
1.17059 	0.0181037 	-0.00127958 	-4.07266e-05
1.17209 	0.0181253 	-0.00127868 	-4.0489e-05
1.17359 	0.0181469 	-0.00127778 	-4.02515e-05
1.17509 	0.0181684 	-0.00127687 	-4.00139e-05
1.17659 	0.0181917 	-0.0012758 	-3.98121e-05
1.17809 	0.0182152 	-0.00127469 	-3.96173e-05
1.17959 	0.0182388 	-0.00127358 	-3.94226e-05
1.18109 	0.0182623 	-0.00127247 	-3.92279e-05
1.18259 	0.0182859 	-0.00127137 	-3.90331e-05
1.18409 	0.0183094 	-0.00127026 	-3.88384e-05
1.18559 	0.018333 	-0.00126915 	-3.86436e-05
1.18709 	0.0183565 	-0.00126804 	-3.84489e-05
1.18859 	0.0183801 	-0.00126693 	-3.82541e-05
1.1901 	0.0184036 	-0.00126583 	-3.80594e-05
1.1916 	0.0184272 	-0.00126472 	-3.78646e-05
1.1931 	0.0184507 	-0.00126361 	-3.76699e-05
1.1946 	0.0184741 	-0.00126251 	-3.74214e-05
1.1961 	0.0184973 	-0.0012614 	-3.7157e-05
1.1976 	0.0185206 	-0.0012603 	-3.68927e-05
1.1991 	0.0185439 	-0.00125919 	-3.66284e-05
1.2006 	0.0185672 	-0.00125809 	-3.63641e-05
1.2021 	0.0185905 	-0.00125699 	-3.60997e-05
1.2036 	0.0186138 	-0.00125588 	-3.58354e-05
1.2051 	0.0186371 	-0.00125478 	-3.55711e-05
1.2066 	0.0186603 	-0.00125368 	-3.53068e-05
1.2081 	0.0186836 	-0.00125257 	-3.50424e-05
1.2096 	0.0187069 	-0.00125147 	-3.47781e-05
1.21111 	0.0187302 	-0.00125037 	-3.45138e-05
1.21261 	0.0187535 	-0.00124926 	-3.42495e-05
1.21411 	0.0187766 	-0.00124808 	-3.39375e-05
1.21561 	0.0187998 	-0.00124688 	-3.36198e-05
1.21711 	0.0188229 	-0.00124569 	-3.33022e-05
1.21861 	0.018846 	-0.00124449 	-3.29845e-05
1.22011 	0.0188692 	-0.0012433 	-3.26669e-05
1.22161 	0.0188923 	-0.0012421 	-3.23493e-05
1.22311 	0.0189154 	-0.00124091 	-3.20316e-05
1.22461 	0.0189386 	-0.00123972 	-3.1714e-05
1.22611 	0.0189617 	-0.00123852 	-3.13963e-05
1.22761 	0.0189848 	-0.00123733 	-3.10787e-05
1.22911 	0.019008 	-0.00123613 	-3.0761e-05
1.23062 	0.0190311 	-0.00123494 	-3.04434e-05
1.23212 	0.0190542 	-0.00123374 	-3.01258e-05
1.23362 	0.0190773 	-0.00123255 	-2.98081e-05
1.23512 	0.0191005 	-0.00123135 	-2.94905e-05
1.23662 	0.0191236 	-0.00123016 	-2.91728e-05
1.23812 	0.0191467 	-0.00122896 	-2.88552e-05
1.23962 	0.0191699 	-0.00122777 	-2.85376e-05
1.24112 	0.0191928 	-0.00122653 	-2.81702e-05
1.24262 	0.0192154 	-0.00122524 	-2.77501e-05
1.24412 	0.019238 	-0.00122395 	-2.73299e-05
1.24562 	0.0192606 	-0.00122267 	-2.69097e-05
1.24712 	0.0192833 	-0.00122138 	-2.64896e-05
1.24862 	0.0193059 	-0.00122009 	-2.60694e-05
1.25013 	0.0193285 	-0.0012188 	-2.56492e-05
1.25163 	0.0193512 	-0.00121752 	-2.5229e-05
1.25313 	0.0193738 	-0.00121623 	-2.48089e-05
1.25463 	0.0193964 	-0.00121494 	-2.43887e-05
1.25613 	0.019419 	-0.00121365 	-2.39685e-05
1.25763 	0.0194417 	-0.00121237 	-2.35483e-05
1.25913 	0.0194643 	-0.00121108 	-2.31282e-05
1.26063 	0.0194869 	-0.0012098 	-2.27038e-05
1.26213 	0.0195092 	-0.00120854 	-2.22564e-05
1.26363 	0.0195316 	-0.00120728 	-2.1809e-05
1.26513 	0.0195539 	-0.00120602 	-2.13617e-05
1.26663 	0.0195763 	-0.00120476 	-2.09143e-05
1.26813 	0.0195986 	-0.00120351 	-2.04669e-05
1.26963 	0.019621 	-0.00120225 	-2.00196e-05
1.27114 	0.0196433 	-0.00120099 	-1.95722e-05
1.27264 	0.0196657 	-0.00119973 	-1.91248e-05
1.27414 	0.019688 	-0.00119847 	-1.86774e-05
1.27564 	0.0197104 	-0.00119722 	-1.82301e-05
1.27714 	0.0197327 	-0.00119596 	-1.77827e-05
1.27864 	0.0197551 	-0.0011947 	-1.73353e-05
1.28014 	0.0197774 	-0.00119344 	-1.6888e-05
1.28164 	0.0197998 	-0.00119218 	-1.64406e-05
1.28314 	0.0198217 	-0.00119082 	-1.59576e-05
1.28464 	0.0198436 	-0.00118946 	-1.54732e-05
1.28614 	0.0198656 	-0.0011881 	-1.49888e-05
1.28764 	0.0198875 	-0.00118673 	-1.45043e-05
1.28914 	0.0199094 	-0.00118537 	-1.40199e-05
1.29065 	0.0199313 	-0.001184 	-1.35355e-05
1.29215 	0.0199532 	-0.00118264 	-1.30511e-05
1.29365 	0.0199751 	-0.00118128 	-1.25666e-05
1.29515 	0.019997 	-0.00117991 	-1.20822e-05
1.29665 	0.020019 	-0.00117855 	-1.15978e-05
1.29815 	0.0200409 	-0.00117718 	-1.11133e-05
1.29965 	0.0200628 	-0.00117582 	-1.06289e-05
1.30115 	0.0200847 	-0.00117446 	-1.01445e-05
1.30265 	0.0201066 	-0.00117309 	-9.66007e-06
1.30415 	0.0201285 	-0.00117173 	-9.17564e-06
1.30565 	0.0201504 	-0.00117036 	-8.69121e-06
1.30715 	0.0201719 	-0.00116896 	-8.21951e-06
1.30865 	0.020193 	-0.00116753 	-7.75777e-06
1.31016 	0.0202141 	-0.0011661 	-7.29603e-06
1.31166 	0.0202352 	-0.00116466 	-6.83429e-06
1.31316 	0.0202564 	-0.00116323 	-6.37255e-06
1.31466 	0.0202775 	-0.0011618 	-5.9108e-06
1.31616 	0.0202986 	-0.00116037 	-5.44906e-06
1.31766 	0.0203197 	-0.00115893 	-4.98732e-06
1.31916 	0.0203408 	-0.0011575 	-4.52558e-06
1.32066 	0.0203619 	-0.00115607 	-4.06384e-06
1.32216 	0.020383 	-0.00115464 	-3.6021e-06
1.32366 	0.0204041 	-0.0011532 	-3.14035e-06
1.32516 	0.0204253 	-0.00115177 	-2.67861e-06
1.32666 	0.0204464 	-0.00115034 	-2.21687e-06
1.32816 	0.0204675 	-0.00114891 	-1.75513e-06
1.32966 	0.0204884 	-0.0011475 	-1.27125e-06
1.33117 	0.0205094 	-0.0011461 	-7.86394e-07
1.33267 	0.0205303 	-0.0011447 	-3.01537e-07
1.33417 	0.0205513 	-0.0011433 	1.83319e-07
1.33567 	0.0205722 	-0.0011419 	6.68175e-07
1.33717 	0.0205931 	-0.0011405 	1.15303e-06
1.33867 	0.0206141 	-0.0011391 	1.63789e-06
1.34017 	0.020635 	-0.0011377 	2.12274e-06
1.34167 	0.020656 	-0.0011363 	2.6076e-06
1.34317 	0.0206769 	-0.0011349 	3.09246e-06
1.34467 	0.0206978 	-0.0011335 	3.57731e-06
1.34617 	0.0207188 	-0.0011321 	4.06217e-06
1.34767 	0.0207397 	-0.0011307 	4.54702e-06
1.34917 	0.0207607 	-0.00112929 	5.03188e-06
1.35068 	0.0207816 	-0.00112789 	5.51674e-06
1.35218 	0.0208015 	-0.00112652 	6.00488e-06
1.35368 	0.0208202 	-0.00112517 	6.49694e-06
1.35518 	0.0208388 	-0.00112382 	6.98899e-06
1.35668 	0.0208575 	-0.00112246 	7.48105e-06
1.35818 	0.0208762 	-0.00112111 	7.97311e-06
1.35968 	0.0208948 	-0.00111976 	8.46517e-06
1.36118 	0.0209135 	-0.00111841 	8.95723e-06
1.36268 	0.0209322 	-0.00111706 	9.44929e-06
1.36418 	0.0209508 	-0.00111571 	9.94134e-06
1.36568 	0.0209695 	-0.00111436 	1.04334e-05
1.36718 	0.0209882 	-0.00111301 	1.09255e-05
1.36868 	0.0210068 	-0.00111166 	1.14175e-05
1.37019 	0.0210255 	-0.00111031 	1.19096e-05
1.37169 	0.0210442 	-0.00110896 	1.24016e-05
1.37319 	0.021062 	-0.00110766 	1.28771e-05
1.37469 	0.0210765 	-0.00110652 	1.32891e-05
1.37619 	0.021091 	-0.00110539 	1.37012e-05
1.37769 	0.0211055 	-0.00110425 	1.41132e-05
1.37919 	0.02112 	-0.00110312 	1.45253e-05
1.38069 	0.0211345 	-0.00110199 	1.49374e-05
1.38219 	0.021149 	-0.00110085 	1.53494e-05
1.38369 	0.0211635 	-0.00109972 	1.57615e-05
1.38519 	0.021178 	-0.00109859 	1.61736e-05
1.38669 	0.0211925 	-0.00109745 	1.65856e-05
1.38819 	0.021207 	-0.00109632 	1.69977e-05
1.38969 	0.0212215 	-0.00109519 	1.74097e-05
1.3912 	0.021236 	-0.00109405 	1.78218e-05
1.3927 	0.0212505 	-0.00109292 	1.82339e-05
1.3942 	0.021265 	-0.00109179 	1.86459e-05
1.3957 	0.0212796 	-0.00109065 	1.9058e-05
1.3972 	0.0212929 	-0.00108962 	1.94404e-05
1.3987 	0.021304 	-0.0010888 	1.9766e-05
1.4002 	0.0213151 	-0.00108797 	2.00916e-05
1.4017 	0.0213263 	-0.00108715 	2.04173e-05
1.4032 	0.0213374 	-0.00108632 	2.07429e-05
1.4047 	0.0213485 	-0.0010855 	2.10685e-05
1.4062 	0.0213596 	-0.00108467 	2.13942e-05
1.4077 	0.0213707 	-0.00108384 	2.17198e-05
1.4092 	0.0213818 	-0.00108302 	2.20454e-05
1.41071 	0.021393 	-0.00108219 	2.23711e-05
1.41221 	0.0214041 	-0.00108137 	2.26967e-05
1.41371 	0.0214152 	-0.00108054 	2.30223e-05
1.41521 	0.0214263 	-0.00107971 	2.3348e-05
1.41671 	0.0214374 	-0.00107889 	2.36736e-05
1.41821 	0.0214486 	-0.00107806 	2.39992e-05
1.41971 	0.0214597 	-0.00107724 	2.43249e-05
1.42121 	0.0214708 	-0.00107641 	2.46505e-05
1.42271 	0.0214843 	-0.00107534 	2.502e-05
1.42421 	0.0214997 	-0.00107407 	2.54245e-05
1.42571 	0.0215151 	-0.0010728 	2.5829e-05
1.42721 	0.0215305 	-0.00107154 	2.62335e-05
1.42871 	0.0215458 	-0.00107027 	2.66379e-05
1.43022 	0.0215612 	-0.001069 	2.70424e-05
1.43172 	0.0215766 	-0.00106773 	2.74469e-05
1.43322 	0.021592 	-0.00106647 	2.78514e-05
1.43472 	0.0216074 	-0.0010652 	2.82558e-05
1.43622 	0.0216228 	-0.00106393 	2.86603e-05
1.43772 	0.0216382 	-0.00106266 	2.90648e-05
1.43922 	0.0216536 	-0.0010614 	2.94693e-05
1.44072 	0.0216715 	-0.00105988 	2.99132e-05
1.44222 	0.0216913 	-0.00105818 	3.03864e-05
1.44372 	0.0217111 	-0.00105649 	3.08597e-05
1.44522 	0.021731 	-0.00105479 	3.1333e-05
1.44672 	0.0217508 	-0.00105309 	3.18063e-05
1.44822 	0.0217706 	-0.00105139 	3.22796e-05
1.44972 	0.0217905 	-0.00104969 	3.27529e-05
1.45123 	0.0218103 	-0.00104799 	3.32262e-05
1.45273 	0.0218301 	-0.0010463 	3.36995e-05
1.45423 	0.0218499 	-0.0010446 	3.41727e-05
1.45573 	0.0218698 	-0.0010429 	3.4646e-05
1.45723 	0.0218896 	-0.0010412 	3.51193e-05
1.45873 	0.0219094 	-0.0010395 	3.55926e-05
1.46023 	0.0219292 	-0.0010378 	3.60659e-05
1.46173 	0.0219491 	-0.00103611 	3.65392e-05
1.46323 	0.0219689 	-0.00103441 	3.70125e-05
1.46473 	0.0219887 	-0.00103271 	3.74858e-05
1.46623 	0.0220069 	-0.00103117 	3.79091e-05
1.46773 	0.0220233 	-0.00102981 	3.82774e-05
1.46923 	0.0220398 	-0.00102845 	3.86457e-05
1.47074 	0.0220562 	-0.00102709 	3.9014e-05
1.47224 	0.0220726 	-0.00102573 	3.93823e-05
1.47374 	0.022089 	-0.00102437 	3.97507e-05
1.47524 	0.0221055 	-0.00102302 	4.0119e-05
1.47674 	0.0221219 	-0.00102166 	4.04873e-05
1.47824 	0.0221383 	-0.0010203 	4.08556e-05
1.47974 	0.0221548 	-0.00101894 	4.12239e-05
1.48124 	0.0221712 	-0.00101758 	4.15923e-05
1.48274 	0.0221876 	-0.00101622 	4.19606e-05
1.48424 	0.022204 	-0.00101486 	4.23289e-05
1.48574 	0.0222205 	-0.0010135 	4.26972e-05
1.48724 	0.0222369 	-0.00101214 	4.30655e-05
1.48874 	0.0222533 	-0.00101078 	4.34338e-05
1.49025 	0.0222697 	-0.00100942 	4.38022e-05
1.49175 	0.0222862 	-0.00100806 	4.41705e-05
1.49325 	0.0223023 	-0.00100667 	4.45305e-05
1.49475 	0.0223181 	-0.00100523 	4.48802e-05
1.49625 	0.022334 	-0.0010038 	4.52298e-05
1.49775 	0.0223498 	-0.00100236 	4.55795e-05
1.49925 	0.0223656 	-0.00100093 	4.59292e-05
1.50075 	0.0223815 	-0.000999493 	4.62789e-05
1.50225 	0.0223973 	-0.000998058 	4.66286e-05
1.50375 	0.0224131 	-0.000996624 	4.69783e-05
1.50525 	0.022429 	-0.000995189 	4.73279e-05
1.50675 	0.0224448 	-0.000993754 	4.76776e-05
1.50825 	0.0224614 	-0.000992178 	4.80002e-05
1.50975 	0.0224783 	-0.000990568 	4.83164e-05
1.51126 	0.0224951 	-0.000988958 	4.86325e-05
1.51276 	0.0225119 	-0.000987348 	4.89487e-05
1.51426 	0.0225287 	-0.000985738 	4.92648e-05
1.51576 	0.0225456 	-0.000984128 	4.95809e-05
1.51726 	0.0225624 	-0.000982518 	4.98971e-05
1.51876 	0.0225792 	-0.000980908 	5.02132e-05
1.52026 	0.022596 	-0.000979298 	5.05294e-05
1.52176 	0.0226129 	-0.000977688 	5.08455e-05
1.52326 	0.0226297 	-0.000976078 	5.11616e-05
1.52476 	0.0226465 	-0.000974468 	5.14778e-05
1.52626 	0.0226634 	-0.000972858 	5.17939e-05
1.52776 	0.0226802 	-0.000971248 	5.21101e-05
1.52926 	0.022697 	-0.000969638 	5.24262e-05
1.53077 	0.0227138 	-0.000968028 	5.27423e-05
1.53227 	0.0227307 	-0.000966418 	5.30585e-05
1.53377 	0.0227475 	-0.000964808 	5.33746e-05
1.53527 	0.0227643 	-0.000963243 	5.3673e-05
1.53677 	0.0227811 	-0.000961719 	5.39552e-05
1.53827 	0.0227979 	-0.000960195 	5.42373e-05
1.53977 	0.0228147 	-0.000958671 	5.45195e-05
1.54127 	0.0228315 	-0.000957147 	5.48017e-05
1.54277 	0.0228483 	-0.000955623 	5.50839e-05
1.54427 	0.0228651 	-0.0009541 	5.53661e-05
1.54577 	0.0228819 	-0.000952576 	5.56483e-05
1.54727 	0.0228987 	-0.000951052 	5.59305e-05
1.54877 	0.0229155 	-0.000949528 	5.62126e-05
1.55028 	0.0229323 	-0.000948004 	5.64948e-05
1.55178 	0.0229491 	-0.00094648 	5.6777e-05
1.55328 	0.0229659 	-0.000944956 	5.70592e-05
1.55478 	0.0229827 	-0.000943432 	5.73414e-05
1.55628 	0.0229995 	-0.000941908 	5.76236e-05
1.55778 	0.0230163 	-0.000940384 	5.79058e-05
1.55928 	0.0230331 	-0.00093886 	5.81879e-05
1.56078 	0.0230499 	-0.000937336 	5.84701e-05
1.56228 	0.0230667 	-0.000935812 	5.87523e-05
1.56378 	0.0230832 	-0.000934281 	5.90644e-05
1.56528 	0.023099 	-0.000932733 	5.94422e-05
1.56678 	0.0231149 	-0.000931185 	5.982e-05
1.56828 	0.0231307 	-0.000929636 	6.01978e-05
1.56978 	0.0231466 	-0.000928088 	6.05756e-05
1.57129 	0.0231624 	-0.00092654 	6.09534e-05
1.57279 	0.0231783 	-0.000924992 	6.13312e-05
1.57429 	0.0231941 	-0.000923444 	6.17124e-05
1.57579 	0.0232089 	-0.000921901 	6.21449e-05
1.57729 	0.0232238 	-0.000920358 	6.25775e-05
1.57879 	0.0232387 	-0.000918815 	6.301e-05
1.58029 	0.0232535 	-0.000917272 	6.34426e-05
1.58179 	0.0232684 	-0.000915729 	6.38752e-05
1.58329 	0.0232833 	-0.000914185 	6.43077e-05
1.58479 	0.0232981 	-0.000912642 	6.47403e-05
1.58629 	0.023313 	-0.000911099 	6.51728e-05
1.58779 	0.0233279 	-0.000909556 	6.56054e-05
1.58929 	0.0233427 	-0.000908013 	6.60379e-05
1.5908 	0.0233576 	-0.00090647 	6.64705e-05
1.5923 	0.0233725 	-0.000904927 	6.6903e-05
1.5938 	0.0233873 	-0.000903384 	6.73356e-05
1.5953 	0.0234022 	-0.000901841 	6.77682e-05
1.5968 	0.0234171 	-0.000900298 	6.82007e-05
1.5983 	0.0234319 	-0.000898755 	6.86333e-05
1.5998 	0.0234468 	-0.000897212 	6.90658e-05
1.6013 	0.0234616 	-0.000895669 	6.94984e-05
1.6028 	0.0234765 	-0.000894125 	6.99309e-05
1.6043 	0.0234914 	-0.000892635 	7.03575e-05
1.6058 	0.0235062 	-0.000891171 	7.07809e-05
1.6073 	0.023521 	-0.000889708 	7.12044e-05
1.6088 	0.0235358 	-0.000888244 	7.16278e-05
1.61031 	0.0235506 	-0.000886781 	7.20512e-05
1.61181 	0.0235655 	-0.000885317 	7.24746e-05
1.61331 	0.0235803 	-0.000883854 	7.28981e-05
1.61481 	0.0235951 	-0.00088239 	7.33215e-05
1.61631 	0.0236099 	-0.000880927 	7.37449e-05
1.61781 	0.0236247 	-0.000879464 	7.41683e-05
1.61931 	0.0236396 	-0.000878 	7.45918e-05
1.62081 	0.0236544 	-0.000876537 	7.50152e-05
1.62231 	0.0236692 	-0.000875073 	7.54386e-05
1.62381 	0.023684 	-0.00087361 	7.58621e-05
1.62531 	0.0236988 	-0.000872146 	7.62855e-05
1.62681 	0.0237136 	-0.000870683 	7.67089e-05
1.62831 	0.0237285 	-0.000869219 	7.71323e-05
1.62981 	0.0237433 	-0.000867756 	7.75558e-05
1.63132 	0.0237581 	-0.000866293 	7.79792e-05
1.63282 	0.0237729 	-0.000864829 	7.84026e-05
1.63432 	0.0237874 	-0.000863361 	7.87854e-05
1.63582 	0.0238014 	-0.000861884 	7.909e-05
1.63732 	0.0238153 	-0.000860407 	7.93946e-05
1.63882 	0.0238292 	-0.00085893 	7.96992e-05
1.64032 	0.0238432 	-0.000857452 	8.00038e-05
1.64182 	0.0238566 	-0.000855996 	8.02497e-05
1.64332 	0.0238695 	-0.00085456 	8.04347e-05
1.64482 	0.0238824 	-0.000853124 	8.06196e-05
1.64632 	0.0238954 	-0.000851688 	8.08046e-05
1.64782 	0.0239083 	-0.000850252 	8.09896e-05
1.64932 	0.0239212 	-0.000848817 	8.11746e-05
1.65083 	0.0239341 	-0.000847381 	8.13596e-05
1.65233 	0.0239471 	-0.000845945 	8.15446e-05
1.65383 	0.02396 	-0.000844509 	8.17296e-05
1.65533 	0.0239729 	-0.000843074 	8.19146e-05
1.65683 	0.0239858 	-0.000841638 	8.20996e-05
1.65833 	0.0239987 	-0.000840202 	8.22846e-05
1.65983 	0.0240117 	-0.000838766 	8.24696e-05
1.66133 	0.0240246 	-0.000837331 	8.26546e-05
1.66283 	0.0240375 	-0.000835895 	8.28396e-05
1.66433 	0.0240504 	-0.000834459 	8.30246e-05
1.66583 	0.0240633 	-0.000833023 	8.32096e-05
1.66733 	0.0240763 	-0.000831588 	8.33946e-05
1.66883 	0.0240892 	-0.000830152 	8.35796e-05
1.67034 	0.0241021 	-0.000828716 	8.37646e-05
1.67184 	0.024115 	-0.000827282 	8.39502e-05
1.67334 	0.024128 	-0.000825892 	8.41487e-05
1.67484 	0.024141 	-0.000824503 	8.43472e-05
1.67634 	0.024154 	-0.000823113 	8.45456e-05
1.67784 	0.0241669 	-0.000821723 	8.47441e-05
1.67934 	0.0241799 	-0.000820333 	8.49426e-05
1.68084 	0.0241929 	-0.000818943 	8.51411e-05
1.68234 	0.0242059 	-0.000817554 	8.53396e-05
1.68384 	0.0242189 	-0.000816164 	8.5538e-05
1.68534 	0.0242318 	-0.000814774 	8.57365e-05
1.68684 	0.0242448 	-0.000813384 	8.5935e-05
1.68834 	0.0242578 	-0.000811994 	8.61335e-05
1.68984 	0.0242708 	-0.000810605 	8.6332e-05
1.69135 	0.0242837 	-0.000809215 	8.65305e-05
1.69285 	0.0242967 	-0.000807825 	8.67289e-05
1.69435 	0.0243097 	-0.000806435 	8.69274e-05
1.69585 	0.0243227 	-0.000805046 	8.71259e-05
1.69735 	0.0243356 	-0.000803656 	8.73244e-05
1.69885 	0.0243486 	-0.000802266 	8.75229e-05
1.70035 	0.0243616 	-0.000800876 	8.77214e-05
1.70185 	0.0243746 	-0.000799486 	8.79198e-05
1.70335 	0.0243876 	-0.000798097 	8.81183e-05
1.70485 	0.0243988 	-0.000796842 	8.82553e-05
1.70635 	0.0244095 	-0.00079564 	8.83684e-05
1.70785 	0.0244195 	-0.000794499 	8.84643e-05
1.70935 	0.0244276 	-0.000793549 	8.8507e-05
1.71086 	0.0244358 	-0.000792599 	8.85498e-05
1.71236 	0.0244439 	-0.000791648 	8.85926e-05
1.71386 	0.0244521 	-0.000790698 	8.86354e-05
1.71536 	0.0244602 	-0.000789747 	8.86782e-05
1.71686 	0.0244684 	-0.000788797 	8.8721e-05
1.71836 	0.0244765 	-0.000787847 	8.87638e-05
1.71986 	0.0244847 	-0.000786896 	8.88065e-05
1.72136 	0.0244928 	-0.000785946 	8.88493e-05
1.72286 	0.024501 	-0.000784995 	8.88921e-05
1.72436 	0.0245092 	-0.000784045 	8.89349e-05
1.72586 	0.0245173 	-0.000783095 	8.89777e-05
1.72736 	0.0245255 	-0.000782144 	8.90205e-05
1.72886 	0.0245336 	-0.000781194 	8.90632e-05
1.73037 	0.0245418 	-0.000780243 	8.9106e-05
1.73187 	0.0245499 	-0.000779293 	8.91488e-05
1.73337 	0.0245581 	-0.000778343 	8.91916e-05
1.73487 	0.0245662 	-0.000777392 	8.92344e-05
1.73637 	0.0245744 	-0.000776442 	8.92772e-05
1.73787 	0.0245825 	-0.000775492 	8.93199e-05
1.73937 	0.0245907 	-0.000774541 	8.93627e-05
1.74087 	0.0245989 	-0.00077362 	8.9412e-05
1.74237 	0.0246072 	-0.000772703 	8.94624e-05
1.74387 	0.0246154 	-0.000771787 	8.95129e-05
1.74537 	0.0246237 	-0.000770871 	8.95633e-05
1.74687 	0.0246319 	-0.000769955 	8.96138e-05
1.74837 	0.0246402 	-0.000769039 	8.96642e-05
1.74987 	0.0246484 	-0.000768122 	8.97147e-05
1.75138 	0.0246567 	-0.000767206 	8.97651e-05
1.75288 	0.024665 	-0.00076629 	8.98155e-05
1.75438 	0.0246732 	-0.000765374 	8.9866e-05
1.75588 	0.0246815 	-0.000764458 	8.99164e-05
1.75738 	0.0246897 	-0.000763541 	8.99669e-05
1.75888 	0.024698 	-0.000762625 	9.00173e-05
1.76038 	0.0247062 	-0.000761709 	9.00678e-05
1.76188 	0.0247145 	-0.000760793 	9.01182e-05
1.76338 	0.0247227 	-0.000759877 	9.01687e-05
1.76488 	0.024731 	-0.00075896 	9.02191e-05
1.76638 	0.0247392 	-0.000758044 	9.02695e-05
1.76788 	0.0247475 	-0.000757128 	9.032e-05
1.76938 	0.0247557 	-0.000756212 	9.03704e-05
1.77089 	0.024764 	-0.000755296 	9.04209e-05
1.77239 	0.0247722 	-0.000754379 	9.04713e-05
1.77389 	0.0247819 	-0.000753247 	9.05554e-05
1.77539 	0.0247928 	-0.000751939 	9.06744e-05
1.77689 	0.0248037 	-0.000750632 	9.07934e-05
1.77839 	0.0248145 	-0.000749324 	9.09125e-05
1.77989 	0.0248254 	-0.000748017 	9.10315e-05
1.78139 	0.0248363 	-0.00074671 	9.11505e-05
1.78289 	0.0248471 	-0.000745402 	9.12696e-05
1.78439 	0.024858 	-0.000744095 	9.13886e-05
1.78589 	0.0248689 	-0.000742787 	9.15076e-05
1.78739 	0.0248797 	-0.00074148 	9.16266e-05
1.78889 	0.0248906 	-0.000740172 	9.17457e-05
1.7904 	0.0249015 	-0.000738865 	9.18647e-05
1.7919 	0.0249124 	-0.000737557 	9.19837e-05
1.7934 	0.0249232 	-0.00073625 	9.21027e-05
1.7949 	0.0249341 	-0.000734942 	9.22218e-05
1.7964 	0.024945 	-0.000733635 	9.23408e-05
1.7979 	0.0249558 	-0.000732327 	9.24598e-05
1.7994 	0.0249667 	-0.00073102 	9.25789e-05
1.8009 	0.0249776 	-0.000729713 	9.26979e-05
1.8024 	0.0249884 	-0.000728405 	9.28169e-05
1.8039 	0.0249993 	-0.000727098 	9.29359e-05
1.8054 	0.0250102 	-0.00072579 	9.3055e-05
1.8069 	0.0250211 	-0.000724494 	9.31758e-05
1.8084 	0.025032 	-0.000723238 	9.33025e-05
1.8099 	0.025043 	-0.000721981 	9.34293e-05
1.81141 	0.0250539 	-0.000720725 	9.35561e-05
1.81291 	0.0250649 	-0.000719468 	9.36829e-05
1.81441 	0.0250758 	-0.000718211 	9.38097e-05
1.81591 	0.0250868 	-0.000716955 	9.39365e-05
1.81741 	0.0250977 	-0.000715698 	9.40633e-05
1.81891 	0.0251087 	-0.000714442 	9.419e-05
1.82041 	0.0251196 	-0.000713185 	9.43168e-05
1.82191 	0.0251306 	-0.000711929 	9.44436e-05
1.82341 	0.0251415 	-0.000710672 	9.45704e-05
1.82491 	0.0251525 	-0.000709415 	9.46972e-05
1.82641 	0.0251634 	-0.000708159 	9.4824e-05
1.82791 	0.0251744 	-0.000706902 	9.49507e-05
1.82941 	0.0251853 	-0.000705646 	9.50775e-05
1.83092 	0.0251963 	-0.000704389 	9.52043e-05
1.83242 	0.0252072 	-0.000703133 	9.53311e-05
1.83392 	0.0252182 	-0.000701876 	9.54579e-05
1.83542 	0.0252291 	-0.000700619 	9.55847e-05
1.83692 	0.0252401 	-0.000699363 	9.57115e-05
1.83842 	0.0252509 	-0.000698108 	9.58354e-05
1.83992 	0.0252615 	-0.000696856 	9.59528e-05
1.84142 	0.025272 	-0.000695595 	9.60615e-05
1.84292 	0.0252823 	-0.000694303 	9.61411e-05
1.84442 	0.0252925 	-0.00069301 	9.62208e-05
1.84592 	0.0253027 	-0.000691718 	9.63004e-05
1.84742 	0.0253129 	-0.000690426 	9.638e-05
1.84892 	0.0253231 	-0.000689134 	9.64597e-05
1.85043 	0.0253333 	-0.000687841 	9.65393e-05
1.85193 	0.0253435 	-0.000686549 	9.66189e-05
1.85343 	0.0253538 	-0.000685257 	9.66986e-05
1.85493 	0.025364 	-0.000683965 	9.67782e-05
1.85643 	0.0253742 	-0.000682672 	9.68578e-05
1.85793 	0.0253844 	-0.00068138 	9.69374e-05
1.85943 	0.0253946 	-0.000680088 	9.70171e-05
1.86093 	0.0254048 	-0.000678796 	9.70967e-05
1.86243 	0.025415 	-0.000677503 	9.71763e-05
1.86393 	0.0254252 	-0.000676211 	9.7256e-05
1.86543 	0.0254355 	-0.000674919 	9.73356e-05
1.86693 	0.0254457 	-0.000673627 	9.74152e-05
1.86843 	0.0254559 	-0.000672334 	9.74949e-05
1.86993 	0.0254661 	-0.000671042 	9.75745e-05
1.87144 	0.0254763 	-0.00066975 	9.76541e-05
1.87294 	0.0254866 	-0.000668474 	9.77352e-05
1.87444 	0.0254969 	-0.000667232 	9.78193e-05
1.87594 	0.0255072 	-0.000665989 	9.79034e-05
1.87744 	0.0255175 	-0.000664747 	9.79875e-05
1.87894 	0.0255278 	-0.000663504 	9.80716e-05
1.88044 	0.0255381 	-0.000662262 	9.81557e-05
1.88194 	0.0255484 	-0.000661019 	9.82398e-05
1.88344 	0.0255588 	-0.000659777 	9.83239e-05
1.88494 	0.0255691 	-0.000658534 	9.8408e-05
1.88644 	0.0255794 	-0.000657292 	9.84921e-05
1.88794 	0.0255897 	-0.000656049 	9.85762e-05
1.88944 	0.0256 	-0.000654806 	9.86603e-05
1.89095 	0.0256103 	-0.000653564 	9.87444e-05
1.89245 	0.0256206 	-0.000652321 	9.88285e-05
1.89395 	0.025631 	-0.000651079 	9.89126e-05
1.89545 	0.0256413 	-0.000649836 	9.89967e-05
1.89695 	0.0256516 	-0.000648594 	9.90808e-05
1.89845 	0.0256619 	-0.000647351 	9.91649e-05
1.89995 	0.0256722 	-0.000646109 	9.9249e-05
1.90145 	0.0256825 	-0.000644866 	9.93331e-05
1.90295 	0.0256922 	-0.000643672 	9.9362e-05
1.90445 	0.0257018 	-0.000642485 	9.93821e-05
1.90595 	0.0257114 	-0.000641298 	9.94022e-05
1.90745 	0.0257209 	-0.000640111 	9.94223e-05
1.90895 	0.02573 	-0.000638931 	9.94011e-05
1.91046 	0.0257389 	-0.000637753 	9.9361e-05
1.91196 	0.0257477 	-0.000636575 	9.93208e-05
1.91346 	0.0257566 	-0.000635397 	9.92807e-05
1.91496 	0.0257654 	-0.00063422 	9.92406e-05
1.91646 	0.0257743 	-0.000633042 	9.92005e-05
1.91796 	0.0257831 	-0.000631864 	9.91603e-05
1.91946 	0.025792 	-0.000630686 	9.91202e-05
1.92096 	0.0258008 	-0.000629508 	9.90801e-05
1.92246 	0.0258096 	-0.000628331 	9.904e-05
1.92396 	0.0258185 	-0.000627153 	9.89999e-05
1.92546 	0.0258273 	-0.000625975 	9.89597e-05
1.92696 	0.0258362 	-0.000624797 	9.89196e-05
1.92846 	0.025845 	-0.00062362 	9.88795e-05
1.92996 	0.0258539 	-0.000622442 	9.88394e-05
1.93147 	0.0258627 	-0.000621264 	9.87992e-05
1.93297 	0.0258716 	-0.000620086 	9.87591e-05
1.93447 	0.0258804 	-0.000618909 	9.8719e-05
1.93597 	0.0258893 	-0.000617731 	9.86789e-05
1.93747 	0.0258982 	-0.000616562 	9.86364e-05
1.93897 	0.0259072 	-0.000615413 	9.85885e-05
1.94047 	0.0259162 	-0.000614264 	9.85407e-05
1.94197 	0.0259252 	-0.000613114 	9.84929e-05
1.94347 	0.0259343 	-0.000611965 	9.8445e-05
1.94497 	0.0259433 	-0.000610816 	9.83972e-05
1.94647 	0.0259523 	-0.000609667 	9.83493e-05
1.94797 	0.0259613 	-0.000608518 	9.83015e-05
1.94947 	0.0259703 	-0.000607369 	9.82537e-05
1.95098 	0.0259794 	-0.000606219 	9.82058e-05
1.95248 	0.0259884 	-0.00060507 	9.8158e-05
1.95398 	0.0259974 	-0.000603921 	9.81102e-05
1.95548 	0.0260064 	-0.000602772 	9.80623e-05
1.95698 	0.0260154 	-0.000601623 	9.80145e-05
1.95848 	0.0260245 	-0.000600474 	9.79667e-05
1.95998 	0.0260335 	-0.000599324 	9.79188e-05
1.96148 	0.0260425 	-0.000598175 	9.7871e-05
1.96298 	0.0260515 	-0.000597026 	9.78232e-05
1.96448 	0.02606 	-0.000595938 	9.77699e-05
1.96598 	0.0260673 	-0.000594995 	9.77036e-05
1.96748 	0.0260745 	-0.000594053 	9.76373e-05
1.96898 	0.0260818 	-0.00059311 	9.7571e-05
1.97049 	0.026089 	-0.000592168 	9.75047e-05
1.97199 	0.0260963 	-0.000591225 	9.74384e-05
1.97349 	0.0261034 	-0.000590293 	9.73686e-05
1.97499 	0.0261095 	-0.000589418 	9.72791e-05
1.97649 	0.0261156 	-0.000588543 	9.71896e-05
1.97799 	0.0261217 	-0.000587668 	9.71001e-05
1.97949 	0.0261279 	-0.000586793 	9.70105e-05
1.98099 	0.026134 	-0.000585918 	9.6921e-05
1.98249 	0.0261401 	-0.000585042 	9.68315e-05
1.98399 	0.0261462 	-0.000584167 	9.6742e-05
1.98549 	0.0261524 	-0.000583292 	9.66525e-05
1.98699 	0.0261585 	-0.000582417 	9.6563e-05
1.98849 	0.0261646 	-0.000581542 	9.64735e-05
1.98999 	0.0261707 	-0.000580667 	9.63839e-05
1.9915 	0.0261769 	-0.000579792 	9.62944e-05
1.993 	0.026183 	-0.000578917 	9.62049e-05
1.9945 	0.0261891 	-0.000578041 	9.61154e-05
1.996 	0.0261952 	-0.000577166 	9.60259e-05
1.9975 	0.0262014 	-0.000576291 	9.59364e-05
1.999 	0.0262075 	-0.000575416 	9.58468e-05
2.0005 	0.0262133 	-0.000574595 	9.57586e-05
2.002 	0.0262185 	-0.000573911 	9.56737e-05
2.0035 	0.0262236 	-0.000573227 	9.55889e-05
2.005 	0.0262288 	-0.000572542 	9.5504e-05
2.0065 	0.0262339 	-0.000571858 	9.54191e-05
2.008 	0.0262391 	-0.000571174 	9.53342e-05
2.0095 	0.0262442 	-0.00057049 	9.52494e-05
2.01101 	0.0262494 	-0.000569806 	9.51645e-05
2.01251 	0.0262545 	-0.000569122 	9.50796e-05
2.01401 	0.0262597 	-0.000568438 	9.49947e-05
2.01551 	0.0262648 	-0.000567754 	9.49099e-05
2.01701 	0.02627 	-0.00056707 	9.4825e-05
2.01851 	0.0262751 	-0.000566386 	9.47401e-05
2.02001 	0.0262803 	-0.000565702 	9.46552e-05
2.02151 	0.0262854 	-0.000565018 	9.45703e-05
2.02301 	0.0262906 	-0.000564334 	9.44855e-05
2.02451 	0.0262957 	-0.00056365 	9.44006e-05
2.02601 	0.0263019 	-0.000562812 	9.43202e-05
2.02751 	0.0263085 	-0.000561908 	9.42417e-05
2.02901 	0.0263151 	-0.000561004 	9.41631e-05
2.03052 	0.0263217 	-0.000560101 	9.40846e-05
2.03202 	0.0263283 	-0.000559197 	9.40061e-05
2.03352 	0.0263349 	-0.000558293 	9.39276e-05
2.03502 	0.0263415 	-0.00055739 	9.3849e-05
2.03652 	0.0263481 	-0.000556486 	9.37705e-05
2.03802 	0.0263557 	-0.000555384 	9.36978e-05
2.03952 	0.0263637 	-0.000554219 	9.36269e-05
2.04102 	0.0263716 	-0.000553053 	9.3556e-05
2.04252 	0.0263796 	-0.000551888 	9.34851e-05
2.04402 	0.0263875 	-0.000550722 	9.34142e-05
2.04552 	0.0263954 	-0.000549557 	9.33433e-05
2.04702 	0.0264034 	-0.000548391 	9.32724e-05
2.04852 	0.0264113 	-0.000547226 	9.32015e-05
2.05003 	0.0264193 	-0.00054606 	9.31306e-05
2.05153 	0.0264272 	-0.000544895 	9.30598e-05
2.05303 	0.0264352 	-0.000543729 	9.29889e-05
2.05453 	0.0264431 	-0.000542564 	9.2918e-05
2.05603 	0.0264511 	-0.000541398 	9.28471e-05
2.05753 	0.026459 	-0.000540233 	9.27762e-05
2.05903 	0.026467 	-0.000539067 	9.27053e-05
2.06053 	0.0264749 	-0.000537902 	9.26344e-05
2.06203 	0.0264825 	-0.000536808 	9.25739e-05
2.06353 	0.0264894 	-0.000535842 	9.25315e-05
2.06503 	0.0264963 	-0.000534875 	9.24891e-05
2.06653 	0.0265032 	-0.000533908 	9.24467e-05
2.06803 	0.0265101 	-0.000532941 	9.24042e-05
2.06953 	0.026517 	-0.000531974 	9.23618e-05
2.07104 	0.0265239 	-0.000531007 	9.23194e-05
2.07254 	0.0265308 	-0.00053004 	9.2277e-05
2.07404 	0.0265377 	-0.000529074 	9.22346e-05
2.07554 	0.0265446 	-0.000528107 	9.21922e-05
2.07704 	0.0265515 	-0.00052714 	9.21498e-05
2.07854 	0.0265584 	-0.000526173 	9.21074e-05
2.08004 	0.0265653 	-0.000525206 	9.2065e-05
2.08154 	0.0265722 	-0.000524239 	9.20226e-05
2.08304 	0.0265791 	-0.000523272 	9.19802e-05
2.08454 	0.0265861 	-0.000522291 	9.19091e-05
2.08604 	0.0265935 	-0.000521249 	9.1713e-05
2.08754 	0.0266008 	-0.000520206 	9.15169e-05
2.08904 	0.0266082 	-0.000519163 	9.13208e-05
2.09055 	0.0266155 	-0.00051812 	9.11247e-05
2.09205 	0.0266229 	-0.000517078 	9.09286e-05
2.09355 	0.0266302 	-0.000516035 	9.07325e-05
2.09505 	0.0266376 	-0.000514992 	9.05364e-05
2.09655 	0.0266449 	-0.00051395 	9.03403e-05
2.09805 	0.0266523 	-0.000512907 	9.01442e-05
2.09955 	0.0266595 	-0.00051183 	8.98643e-05
2.10105 	0.0266667 	-0.000510733 	8.95321e-05
2.10255 	0.0266738 	-0.000509636 	8.91999e-05
2.10405 	0.026681 	-0.000508539 	8.88678e-05
2.10555 	0.0266882 	-0.000507442 	8.85356e-05
2.10705 	0.0266953 	-0.000506344 	8.82034e-05
2.10855 	0.0267025 	-0.000505247 	8.78712e-05
2.11006 	0.0267096 	-0.00050415 	8.7539e-05
2.11156 	0.0267168 	-0.000503053 	8.72068e-05
2.11306 	0.0267239 	-0.000501956 	8.68747e-05
2.11456 	0.0267311 	-0.000500858 	8.65425e-05
2.11606 	0.0267383 	-0.000499761 	8.62103e-05
2.11756 	0.0267454 	-0.000498664 	8.58781e-05
2.11906 	0.0267526 	-0.000497567 	8.55459e-05
2.12056 	0.0267597 	-0.000496469 	8.52137e-05
2.12206 	0.0267669 	-0.000495389 	8.48831e-05
2.12356 	0.0267741 	-0.000494317 	8.45534e-05
2.12506 	0.0267813 	-0.000493244 	8.42236e-05
2.12656 	0.0267885 	-0.000492172 	8.38938e-05
2.12806 	0.0267957 	-0.0004911 	8.35641e-05
2.12956 	0.0268029 	-0.000490028 	8.32343e-05
2.13107 	0.0268102 	-0.000488956 	8.29045e-05
2.13257 	0.0268174 	-0.000487883 	8.25747e-05
2.13407 	0.0268246 	-0.000486811 	8.2245e-05
2.13557 	0.0268318 	-0.000485739 	8.19152e-05
2.13707 	0.026839 	-0.000484667 	8.15854e-05
2.13857 	0.0268462 	-0.000483595 	8.12557e-05
2.14007 	0.0268534 	-0.000482522 	8.09259e-05
2.14157 	0.0268606 	-0.00048145 	8.05961e-05
2.14307 	0.0268674 	-0.000480426 	8.02585e-05
2.14457 	0.0268742 	-0.000479411 	7.99194e-05
2.14607 	0.026881 	-0.000478396 	7.95803e-05
2.14757 	0.0268877 	-0.000477382 	7.92412e-05
2.14907 	0.0268945 	-0.000476367 	7.89021e-05
2.15058 	0.0269013 	-0.000475352 	7.85631e-05
2.15208 	0.026908 	-0.000474337 	7.8224e-05
2.15358 	0.0269148 	-0.000473323 	7.78849e-05
2.15508 	0.0269216 	-0.000472308 	7.75458e-05
2.15658 	0.0269283 	-0.000471293 	7.72067e-05
2.15808 	0.0269351 	-0.000470278 	7.68676e-05
2.15958 	0.0269415 	-0.000469246 	7.65279e-05
2.16108 	0.0269478 	-0.000468209 	7.61881e-05
2.16258 	0.0269542 	-0.000467173 	7.58483e-05
2.16408 	0.0269605 	-0.000466137 	7.55085e-05
2.16558 	0.0269668 	-0.0004651 	7.51687e-05
2.16708 	0.0269732 	-0.000464064 	7.48289e-05
2.16858 	0.0269795 	-0.000463028 	7.44891e-05
2.17009 	0.0269858 	-0.000461992 	7.41493e-05
2.17159 	0.0269922 	-0.000460955 	7.38095e-05
2.17309 	0.0269985 	-0.000459919 	7.34697e-05
2.17459 	0.0270048 	-0.000458883 	7.31299e-05
2.17609 	0.0270112 	-0.000457847 	7.27901e-05
2.17759 	0.0270175 	-0.00045681 	7.24503e-05
2.17909 	0.0270238 	-0.000455778 	7.21047e-05
2.18059 	0.0270302 	-0.000454756 	7.17423e-05
2.18209 	0.0270366 	-0.000453735 	7.138e-05
2.18359 	0.027043 	-0.000452714 	7.10176e-05
2.18509 	0.0270493 	-0.000451692 	7.06552e-05
2.18659 	0.0270557 	-0.000450671 	7.02928e-05
2.18809 	0.0270621 	-0.000449649 	6.99304e-05
2.18959 	0.0270685 	-0.000448628 	6.9568e-05
2.1911 	0.0270748 	-0.000447607 	6.92056e-05
2.1926 	0.0270812 	-0.000446585 	6.88432e-05
2.1941 	0.0270876 	-0.000445564 	6.84808e-05
2.1956 	0.0270939 	-0.000444542 	6.81184e-05
2.1971 	0.0271003 	-0.000443521 	6.7756e-05
2.1986 	0.0271057 	-0.000442646 	6.7492e-05
2.2001 	0.0271108 	-0.000441825 	6.72644e-05
2.2016 	0.0271159 	-0.000441004 	6.70368e-05
2.2031 	0.027121 	-0.000440183 	6.68091e-05
2.2046 	0.0271261 	-0.000439362 	6.65815e-05
2.2061 	0.0271312 	-0.000438541 	6.63538e-05
2.2076 	0.0271363 	-0.00043772 	6.61262e-05
2.2091 	0.0271414 	-0.000436899 	6.58986e-05
2.21061 	0.0271465 	-0.000436078 	6.56709e-05
2.21211 	0.0271515 	-0.000435257 	6.54433e-05
2.21361 	0.0271566 	-0.000434436 	6.52157e-05
2.21511 	0.0271617 	-0.000433615 	6.4988e-05
2.21661 	0.0271662 	-0.000432852 	6.48308e-05
2.21811 	0.0271701 	-0.000432152 	6.47498e-05
2.21961 	0.027174 	-0.000431453 	6.46688e-05
2.22111 	0.0271779 	-0.000430753 	6.45878e-05
2.22261 	0.0271818 	-0.000430054 	6.45068e-05
2.22411 	0.0271857 	-0.000429354 	6.44258e-05
2.22561 	0.0271895 	-0.000428655 	6.43448e-05
2.22711 	0.0271934 	-0.000427955 	6.42638e-05
2.22861 	0.0271973 	-0.000427255 	6.41828e-05
2.23012 	0.0272012 	-0.000426556 	6.41018e-05
2.23162 	0.0272051 	-0.000425856 	6.40208e-05
2.23312 	0.027209 	-0.000425157 	6.39398e-05
2.23462 	0.0272129 	-0.000424463 	6.38558e-05
2.23612 	0.0272167 	-0.000423788 	6.37613e-05
2.23762 	0.0272206 	-0.000423114 	6.36667e-05
2.23912 	0.0272244 	-0.000422439 	6.35721e-05
2.24062 	0.0272283 	-0.000421765 	6.34776e-05
2.24212 	0.0272321 	-0.00042109 	6.3383e-05
2.24362 	0.027236 	-0.000420416 	6.32884e-05
2.24512 	0.0272398 	-0.000419741 	6.31939e-05
2.24662 	0.0272437 	-0.000419067 	6.30993e-05
2.24812 	0.0272475 	-0.000418392 	6.30048e-05
2.24962 	0.0272514 	-0.000417718 	6.29102e-05
2.25113 	0.0272552 	-0.000417043 	6.28156e-05
2.25263 	0.0272595 	-0.000416251 	6.27667e-05
2.25413 	0.0272638 	-0.00041545 	6.27212e-05
2.25563 	0.0272681 	-0.000414649 	6.26758e-05
2.25713 	0.0272724 	-0.000413847 	6.26303e-05
2.25863 	0.0272767 	-0.000413046 	6.25848e-05
2.26013 	0.027281 	-0.000412245 	6.25394e-05
2.26163 	0.0272853 	-0.000411443 	6.24939e-05
2.26313 	0.0272896 	-0.000410642 	6.24485e-05
2.26463 	0.0272939 	-0.000409841 	6.2403e-05
2.26613 	0.0272982 	-0.00040904 	6.23576e-05
2.26763 	0.0273025 	-0.000408238 	6.23121e-05
2.26913 	0.0273068 	-0.000407437 	6.22666e-05
2.27064 	0.0273111 	-0.000406636 	6.22212e-05
2.27214 	0.0273157 	-0.000405724 	6.22212e-05
2.27364 	0.0273204 	-0.000404748 	6.22477e-05
2.27514 	0.0273251 	-0.000403771 	6.22742e-05
2.27664 	0.0273298 	-0.000402795 	6.23007e-05
2.27814 	0.0273345 	-0.000401819 	6.23272e-05
2.27964 	0.0273392 	-0.000400843 	6.23537e-05
2.28114 	0.027344 	-0.000399866 	6.23802e-05
2.28264 	0.0273487 	-0.00039889 	6.24067e-05
2.28414 	0.0273534 	-0.000397914 	6.24332e-05
2.28564 	0.0273581 	-0.000396938 	6.24597e-05
2.28714 	0.0273628 	-0.000395961 	6.24862e-05
2.28864 	0.0273676 	-0.000394987 	6.25123e-05
2.29015 	0.0273723 	-0.000394014 	6.25381e-05
2.29165 	0.0273771 	-0.000393041 	6.25638e-05
2.29315 	0.0273818 	-0.000392068 	6.25896e-05
2.29465 	0.0273866 	-0.000391095 	6.26154e-05
2.29615 	0.0273914 	-0.000390122 	6.26411e-05
2.29765 	0.0273961 	-0.000389149 	6.26669e-05
2.29915 	0.0274009 	-0.000388176 	6.26927e-05
2.30065 	0.0274056 	-0.000387203 	6.27184e-05
2.30215 	0.0274104 	-0.00038623 	6.27442e-05
2.30365 	0.0274149 	-0.000385269 	6.27713e-05
2.30515 	0.0274192 	-0.000384319 	6.27998e-05
2.30665 	0.0274234 	-0.00038337 	6.28283e-05
2.30815 	0.0274277 	-0.000382421 	6.28568e-05
2.30965 	0.0274319 	-0.000381472 	6.28853e-05
2.31116 	0.0274361 	-0.000380522 	6.29138e-05
2.31266 	0.0274404 	-0.000379573 	6.29424e-05
2.31416 	0.0274446 	-0.000378624 	6.29709e-05
2.31566 	0.0274489 	-0.000377674 	6.29994e-05
2.31716 	0.0274531 	-0.000376725 	6.30279e-05
2.31866 	0.0274574 	-0.000375776 	6.30564e-05
2.32016 	0.0274616 	-0.000374827 	6.30849e-05
2.32166 	0.0274659 	-0.000373877 	6.31134e-05
2.32316 	0.0274701 	-0.000372928 	6.31419e-05
2.32466 	0.0274742 	-0.000371965 	6.31778e-05
2.32616 	0.0274779 	-0.000370974 	6.32284e-05
2.32766 	0.0274816 	-0.000369984 	6.32789e-05
2.32916 	0.0274854 	-0.000368994 	6.33295e-05
2.33067 	0.0274891 	-0.000368003 	6.33801e-05
2.33217 	0.0274928 	-0.000367013 	6.34307e-05
2.33367 	0.0274965 	-0.000366022 	6.34812e-05
2.33517 	0.0275002 	-0.000365032 	6.35318e-05
2.33667 	0.0275039 	-0.000364041 	6.35824e-05
2.33817 	0.0275077 	-0.000363051 	6.36329e-05
2.33967 	0.0275114 	-0.000362061 	6.36846e-05
2.34117 	0.0275151 	-0.000361071 	6.37376e-05
2.34267 	0.0275188 	-0.000360081 	6.37905e-05
2.34417 	0.0275225 	-0.000359091 	6.38434e-05
2.34567 	0.0275262 	-0.000358102 	6.38963e-05
2.34717 	0.0275299 	-0.000357112 	6.39493e-05
2.34867 	0.0275336 	-0.000356122 	6.40022e-05
2.35018 	0.0275373 	-0.000355132 	6.40551e-05
2.35168 	0.027541 	-0.000354143 	6.4108e-05
2.35318 	0.0275445 	-0.000353174 	6.41579e-05
2.35468 	0.0275477 	-0.000352232 	6.42039e-05
2.35618 	0.0275508 	-0.000351291 	6.42499e-05
2.35768 	0.027554 	-0.000350349 	6.42959e-05
2.35918 	0.0275572 	-0.000349408 	6.43419e-05
2.36068 	0.0275604 	-0.000348466 	6.43879e-05
2.36218 	0.0275636 	-0.000347525 	6.44339e-05
2.36368 	0.0275668 	-0.000346583 	6.44799e-05
2.36518 	0.02757 	-0.000345642 	6.45259e-05
2.36668 	0.0275732 	-0.0003447 	6.45719e-05
2.36818 	0.0275764 	-0.000343759 	6.46179e-05
2.36968 	0.0275796 	-0.000342817 	6.46639e-05
2.37119 	0.0275827 	-0.000341876 	6.47099e-05
2.37269 	0.0275859 	-0.000340934 	6.47559e-05
2.37419 	0.0275891 	-0.000339993 	6.48019e-05
2.37569 	0.027592 	-0.000339037 	6.48503e-05
2.37719 	0.0275947 	-0.000338072 	6.49003e-05
2.37869 	0.0275974 	-0.000337107 	6.49502e-05
2.38019 	0.0276 	-0.000336142 	6.50001e-05
2.38169 	0.0276027 	-0.000335177 	6.50501e-05
2.38319 	0.0276054 	-0.000334212 	6.51e-05
2.38469 	0.0276081 	-0.000333247 	6.51499e-05
2.38619 	0.0276108 	-0.000332282 	6.51998e-05
2.38769 	0.0276134 	-0.000331317 	6.52498e-05
2.38919 	0.027616 	-0.000330359 	6.52991e-05
2.3907 	0.0276187 	-0.000329401 	6.53483e-05
2.3922 	0.0276213 	-0.000328443 	6.53975e-05
2.3937 	0.0276239 	-0.000327485 	6.54467e-05
2.3952 	0.0276265 	-0.000326527 	6.54959e-05
2.3967 	0.0276291 	-0.000325569 	6.55451e-05
2.3982 	0.0276317 	-0.000324612 	6.55944e-05
2.3997 	0.0276343 	-0.000323654 	6.56436e-05
2.4012 	0.0276363 	-0.000322855 	6.5707e-05
2.4027 	0.0276381 	-0.000322093 	6.57738e-05
2.4042 	0.02764 	-0.000321332 	6.58406e-05
2.4057 	0.0276419 	-0.000320571 	6.59074e-05
2.4072 	0.0276438 	-0.000319809 	6.59741e-05
2.4087 	0.0276456 	-0.000319048 	6.60409e-05
2.41021 	0.0276475 	-0.000318286 	6.61077e-05
2.41171 	0.0276494 	-0.000317525 	6.61745e-05
2.41321 	0.0276512 	-0.000316763 	6.62413e-05
2.41471 	0.0276531 	-0.000316002 	6.63081e-05
2.41621 	0.027655 	-0.000315241 	6.63749e-05
2.41771 	0.0276568 	-0.000314479 	6.64417e-05
2.41921 	0.0276587 	-0.000313718 	6.65084e-05
2.42071 	0.0276606 	-0.000312956 	6.65752e-05
2.42221 	0.0276625 	-0.000312195 	6.6642e-05
2.42371 	0.027664 	-0.000311494 	6.67178e-05
2.42521 	0.0276651 	-0.000310853 	6.68024e-05
2.42671 	0.0276663 	-0.000310212 	6.6887e-05
2.42821 	0.0276675 	-0.000309571 	6.69716e-05
2.42971 	0.0276686 	-0.00030893 	6.70562e-05
2.43122 	0.0276698 	-0.000308288 	6.71408e-05
2.43272 	0.027671 	-0.000307647 	6.72254e-05
2.43422 	0.0276721 	-0.000307006 	6.731e-05
2.43572 	0.0276732 	-0.000306375 	6.74036e-05
2.43722 	0.0276743 	-0.000305748 	6.75003e-05
2.43872 	0.0276753 	-0.00030512 	6.75971e-05
2.44022 	0.0276763 	-0.000304493 	6.76938e-05
2.44172 	0.0276774 	-0.000303866 	6.77906e-05
2.44322 	0.0276784 	-0.000303238 	6.78873e-05
2.44472 	0.0276794 	-0.000302611 	6.79841e-05
2.44622 	0.0276804 	-0.000301901 	6.8085e-05
2.44772 	0.0276813 	-0.00030114 	6.81885e-05
2.44922 	0.0276821 	-0.000300378 	6.82919e-05
2.45073 	0.027683 	-0.000299617 	6.83954e-05
2.45223 	0.0276839 	-0.000298856 	6.84988e-05
2.45373 	0.0276847 	-0.000298095 	6.86023e-05
2.45523 	0.0276856 	-0.000297333 	6.87058e-05
2.45673 	0.0276865 	-0.000296572 	6.88092e-05
2.45823 	0.0276873 	-0.000295811 	6.89127e-05
2.45973 	0.0276882 	-0.00029505 	6.90162e-05
2.46123 	0.0276891 	-0.000294288 	6.91196e-05
2.46273 	0.02769 	-0.000293527 	6.92231e-05
2.46423 	0.0276908 	-0.000292766 	6.93265e-05
2.46573 	0.0276917 	-0.000292005 	6.943e-05
2.46723 	0.0276926 	-0.000291243 	6.95335e-05
2.46873 	0.0276934 	-0.000290482 	6.96369e-05
2.47024 	0.0276942 	-0.000289513 	6.97317e-05
2.47174 	0.0276949 	-0.000288543 	6.98264e-05
2.47324 	0.0276957 	-0.000287573 	6.99211e-05
2.47474 	0.0276965 	-0.000286603 	7.00158e-05
2.47624 	0.0276972 	-0.000285633 	7.01105e-05
2.47774 	0.027698 	-0.000284663 	7.02052e-05
2.47924 	0.0276987 	-0.000283692 	7.03028e-05
2.48074 	0.0276993 	-0.000282715 	7.04171e-05
2.48224 	0.0276999 	-0.000281739 	7.05314e-05
2.48374 	0.0277005 	-0.000280762 	7.06456e-05
2.48524 	0.0277011 	-0.000279785 	7.07599e-05
2.48674 	0.0277017 	-0.000278809 	7.08741e-05
2.48824 	0.0277022 	-0.000277832 	7.09884e-05
2.48974 	0.0277022 	-0.000276881 	7.10602e-05
2.49125 	0.0277021 	-0.000275933 	7.11258e-05
2.49275 	0.0277019 	-0.000274985 	7.11914e-05
2.49425 	0.0277018 	-0.000274038 	7.1257e-05
2.49575 	0.0277016 	-0.00027309 	7.13226e-05
2.49725 	0.0277015 	-0.000272142 	7.13881e-05
2.49875 	0.0277014 	-0.000271195 	7.14537e-05
2.50025 	0.0277012 	-0.000270247 	7.15193e-05
2.50175 	0.0277011 	-0.000269299 	7.15849e-05
2.50325 	0.0277009 	-0.000268352 	7.16505e-05
2.50475 	0.0277008 	-0.000267404 	7.17161e-05
2.50625 	0.0277007 	-0.000266456 	7.17816e-05
2.50775 	0.0277005 	-0.000265509 	7.18472e-05
2.50925 	0.0277004 	-0.000264561 	7.19128e-05
2.51076 	0.0277002 	-0.000263613 	7.19784e-05
2.51226 	0.0277 	-0.000262661 	7.20393e-05
2.51376 	0.0276993 	-0.000261661 	7.20482e-05
2.51526 	0.0276985 	-0.000260661 	7.20571e-05
2.51676 	0.0276978 	-0.00025966 	7.2066e-05
2.51826 	0.027697 	-0.00025866 	7.20749e-05
2.51976 	0.0276962 	-0.00025766 	7.20838e-05
2.52126 	0.0276954 	-0.000256659 	7.2093e-05
2.52276 	0.0276944 	-0.000255648 	7.21061e-05
2.52426 	0.0276934 	-0.000254637 	7.21193e-05
2.52576 	0.0276924 	-0.000253627 	7.21325e-05
2.52726 	0.0276914 	-0.000252616 	7.21456e-05
2.52876 	0.0276903 	-0.000251605 	7.21588e-05
2.53027 	0.0276892 	-0.000250722 	7.2162e-05
2.53177 	0.0276879 	-0.000249939 	7.21574e-05
2.53327 	0.0276867 	-0.000249156 	7.21528e-05
2.53477 	0.0276855 	-0.000248372 	7.21482e-05
2.53627 	0.0276842 	-0.000247589 	7.21436e-05
2.53777 	0.027683 	-0.000246806 	7.2139e-05
2.53927 	0.0276818 	-0.000246023 	7.21344e-05
2.54077 	0.0276805 	-0.00024524 	7.21298e-05
2.54227 	0.0276793 	-0.000244457 	7.21252e-05
2.54377 	0.027678 	-0.000243674 	7.21206e-05
2.54527 	0.0276768 	-0.000242891 	7.2116e-05
2.54677 	0.0276756 	-0.000242108 	7.21114e-05
2.54827 	0.0276743 	-0.000241325 	7.21068e-05
2.54977 	0.0276731 	-0.000240542 	7.21022e-05
2.55128 	0.0276719 	-0.000239759 	7.20976e-05
2.55278 	0.0276706 	-0.000238976 	7.2093e-05
2.55428 	0.0276693 	-0.000238291 	7.20769e-05
2.55578 	0.0276679 	-0.00023764 	7.20567e-05
2.55728 	0.0276665 	-0.00023699 	7.20366e-05
2.55878 	0.0276651 	-0.000236339 	7.20164e-05
2.56028 	0.0276637 	-0.000235688 	7.19962e-05
2.56178 	0.0276622 	-0.00023504 	7.19745e-05
2.56328 	0.0276605 	-0.000234394 	7.1951e-05
2.56478 	0.0276588 	-0.000233748 	7.19275e-05
2.56628 	0.0276571 	-0.000233102 	7.1904e-05
2.56778 	0.0276554 	-0.000232456 	7.18805e-05
2.56928 	0.0276528 	-0.000231694 	7.18428e-05
2.57079 	0.0276498 	-0.000230874 	7.17981e-05
2.57229 	0.0276467 	-0.000230053 	7.17534e-05
2.57379 	0.0276437 	-0.000229233 	7.17087e-05
2.57529 	0.0276406 	-0.000228413 	7.1664e-05
2.57679 	0.0276376 	-0.000227593 	7.16193e-05
2.57829 	0.0276345 	-0.000226773 	7.15746e-05
2.57979 	0.0276315 	-0.000225952 	7.15299e-05
2.58129 	0.0276284 	-0.000225132 	7.14852e-05
2.58279 	0.0276254 	-0.000224312 	7.14405e-05
2.58429 	0.0276223 	-0.000223492 	7.13958e-05
2.58579 	0.0276193 	-0.000222671 	7.13511e-05
2.58729 	0.0276162 	-0.000221851 	7.13064e-05
2.58879 	0.0276132 	-0.000221031 	7.12617e-05
2.5903 	0.0276101 	-0.000220211 	7.1217e-05
2.5918 	0.027607 	-0.00021939 	7.11723e-05
2.5933 	0.0276028 	-0.000218331 	7.10949e-05
2.5948 	0.0275985 	-0.000217258 	7.10157e-05
2.5963 	0.0275942 	-0.000216186 	7.09366e-05
2.5978 	0.0275899 	-0.000215113 	7.08574e-05
2.5993 	0.0275854 	-0.000214032 	7.07764e-05
2.6008 	0.0275807 	-0.000212935 	7.06925e-05
2.6023 	0.0275759 	-0.000211839 	7.06085e-05
2.6038 	0.0275712 	-0.000210742 	7.05245e-05
2.6053 	0.0275662 	-0.000209649 	7.04412e-05
2.6068 	0.0275599 	-0.000208572 	7.03611e-05
2.6083 	0.0275537 	-0.000207495 	7.02809e-05
2.6098 	0.0275474 	-0.000206417 	7.02007e-05
2.61131 	0.0275412 	-0.00020534 	7.01206e-05
2.61281 	0.0275349 	-0.000204263 	7.00404e-05
2.61431 	0.0275287 	-0.000203185 	6.99602e-05
2.61581 	0.0275224 	-0.000202108 	6.988e-05
2.61731 	0.0275162 	-0.000201031 	6.97999e-05
2.61881 	0.0275099 	-0.000199953 	6.97197e-05
2.62031 	0.0275037 	-0.000198876 	6.96395e-05
2.62181 	0.0274974 	-0.000197799 	6.95594e-05
2.62331 	0.0274912 	-0.000196721 	6.94792e-05
2.62481 	0.0274849 	-0.000195644 	6.9399e-05
2.62631 	0.0274787 	-0.000194567 	6.93188e-05
2.62781 	0.0274724 	-0.000193489 	6.92387e-05
2.62931 	0.0274654 	-0.00019238 	6.91559e-05
2.63082 	0.027458 	-0.000191255 	6.90718e-05
2.63232 	0.0274506 	-0.00019013 	6.89877e-05
2.63382 	0.0274432 	-0.000189005 	6.89035e-05
2.63532 	0.0274353 	-0.00018785 	6.88156e-05
2.63682 	0.0274272 	-0.000186682 	6.8726e-05
2.63832 	0.0274191 	-0.000185514 	6.86363e-05
2.63982 	0.0274111 	-0.000184361 	6.85485e-05
2.64132 	0.0274041 	-0.000183468 	6.8491e-05
2.64282 	0.027397 	-0.000182574 	6.84335e-05
2.64432 	0.0273899 	-0.00018168 	6.83759e-05
2.64582 	0.0273829 	-0.000180786 	6.83184e-05
2.64732 	0.0273758 	-0.000179892 	6.82609e-05
2.64882 	0.0273687 	-0.000178998 	6.82034e-05
2.65033 	0.0273617 	-0.000178104 	6.81459e-05
2.65183 	0.0273546 	-0.00017721 	6.80883e-05
2.65333 	0.0273475 	-0.000176316 	6.80308e-05
2.65483 	0.0273405 	-0.000175422 	6.79733e-05
2.65633 	0.0273334 	-0.000174528 	6.79158e-05
2.65783 	0.0273263 	-0.000173634 	6.78583e-05
2.65933 	0.0273193 	-0.00017274 	6.78008e-05
2.66083 	0.0273122 	-0.000171846 	6.77432e-05
2.66233 	0.0273051 	-0.000170953 	6.76857e-05
2.66383 	0.027299 	-0.000170217 	6.76589e-05
2.66533 	0.027293 	-0.000169511 	6.76379e-05
2.66683 	0.027287 	-0.000168806 	6.76169e-05
2.66833 	0.0272808 	-0.000168093 	6.75949e-05
2.66983 	0.0272743 	-0.00016737 	6.75717e-05
2.67134 	0.0272677 	-0.000166648 	6.75484e-05
2.67284 	0.0272602 	-0.000165861 	6.75333e-05
2.67434 	0.02725 	-0.000164903 	6.75405e-05
2.67584 	0.0272398 	-0.000163945 	6.75476e-05
2.67734 	0.0272296 	-0.000162987 	6.75548e-05
2.67884 	0.0272194 	-0.000162029 	6.75619e-05
2.68034 	0.0272091 	-0.000161071 	6.75691e-05
2.68184 	0.0271989 	-0.000160113 	6.75762e-05
2.68334 	0.0271887 	-0.000159155 	6.75833e-05
2.68484 	0.0271785 	-0.000158197 	6.75905e-05
2.68634 	0.0271683 	-0.000157239 	6.75976e-05
2.68784 	0.0271581 	-0.000156281 	6.76048e-05
2.68934 	0.0271479 	-0.000155323 	6.76119e-05
2.69085 	0.0271377 	-0.000154365 	6.76191e-05
2.69235 	0.0271275 	-0.000153407 	6.76262e-05
2.69385 	0.0271173 	-0.000152449 	6.76334e-05
2.69535 	0.0271056 	-0.000151353 	6.76507e-05
2.69685 	0.0270919 	-0.000150077 	6.76815e-05
2.69835 	0.0270783 	-0.000148801 	6.77122e-05
2.69985 	0.0270641 	-0.000147499 	6.77435e-05
2.70135 	0.0270494 	-0.000146168 	6.77754e-05
2.70285 	0.0270347 	-0.000144837 	6.78073e-05
2.70435 	0.0270219 	-0.000143767 	6.78368e-05
2.70585 	0.0270097 	-0.00014277 	6.78657e-05
2.70735 	0.0269975 	-0.000141773 	6.78946e-05
2.70885 	0.0269852 	-0.000140775 	6.79234e-05
2.71036 	0.026973 	-0.000139778 	6.79523e-05
2.71186 	0.0269608 	-0.000138781 	6.79812e-05
2.71336 	0.0269486 	-0.000137784 	6.801e-05
2.71486 	0.0269364 	-0.000136787 	6.80389e-05
2.71636 	0.0269241 	-0.00013579 	6.80678e-05
2.71786 	0.0269119 	-0.000134793 	6.80966e-05
2.71936 	0.0268997 	-0.000133795 	6.81255e-05
2.72086 	0.0268875 	-0.000132798 	6.81543e-05
2.72236 	0.0268752 	-0.000131801 	6.81832e-05
2.72386 	0.026863 	-0.000130804 	6.82121e-05
2.72536 	0.0268518 	-0.000129898 	6.82341e-05
2.72686 	0.0268421 	-0.000129135 	6.82454e-05
2.72836 	0.0268324 	-0.000128372 	6.82567e-05
2.72986 	0.026822 	-0.000127588 	6.82703e-05
2.73137 	0.0268115 	-0.0001268 	6.82843e-05
2.73287 	0.0267978 	-0.000125868 	6.82893e-05
2.73437 	0.0267816 	-0.000124814 	6.82866e-05
2.73587 	0.0267653 	-0.00012376 	6.82839e-05
2.73737 	0.0267491 	-0.000122706 	6.82812e-05
2.73887 	0.0267328 	-0.000121652 	6.82784e-05
2.74037 	0.0267166 	-0.000120599 	6.82757e-05
2.74187 	0.0267003 	-0.000119545 	6.8273e-05
2.74337 	0.0266841 	-0.000118491 	6.82703e-05
2.74487 	0.0266679 	-0.000117437 	6.82676e-05
2.74637 	0.0266516 	-0.000116383 	6.82649e-05
2.74787 	0.0266354 	-0.00011533 	6.82621e-05
2.74937 	0.0266191 	-0.000114276 	6.82594e-05
2.75088 	0.0266029 	-0.000113222 	6.82567e-05
2.75238 	0.0265866 	-0.000112168 	6.8254e-05
2.75388 	0.0265669 	-0.000110884 	6.82355e-05
2.75538 	0.0265451 	-0.000109471 	6.82082e-05
2.75688 	0.0265226 	-0.000108025 	6.81825e-05
2.75838 	0.0264992 	-0.000106543 	6.81585e-05
2.75988 	0.0264763 	-0.00010517 	6.81215e-05
2.76138 	0.0264539 	-0.000103903 	6.80718e-05
2.76288 	0.0264314 	-0.000102637 	6.8022e-05
2.76438 	0.026409 	-0.000101371 	6.79722e-05
2.76588 	0.0263865 	-0.000100104 	6.79224e-05
2.76738 	0.026364 	-9.88381e-05 	6.78726e-05
2.76888 	0.0263416 	-9.75717e-05 	6.78228e-05
2.77039 	0.0263191 	-9.63054e-05 	6.77731e-05
2.77189 	0.0262967 	-9.50391e-05 	6.77233e-05
2.77339 	0.0262742 	-9.37728e-05 	6.76735e-05
2.77489 	0.0262518 	-9.25065e-05 	6.76237e-05
2.77639 	0.0262293 	-9.12402e-05 	6.75739e-05
2.77789 	0.0262068 	-8.99738e-05 	6.75241e-05
2.77939 	0.0261841 	-8.8701e-05 	6.74684e-05
2.78089 	0.0261596 	-8.73888e-05 	6.73763e-05
2.78239 	0.0261322 	-8.59444e-05 	6.72722e-05
2.78389 	0.0260978 	-8.41976e-05 	6.71408e-05
2.78539 	0.0260696 	-8.28257e-05 	6.70196e-05
2.78689 	0.0260452 	-8.16806e-05 	6.69046e-05
2.78839 	0.0260208 	-8.05354e-05 	6.67896e-05
2.78989 	0.0259963 	-7.93903e-05 	6.66746e-05
2.7914 	0.0259719 	-7.82451e-05 	6.65595e-05
2.7929 	0.0259475 	-7.71e-05 	6.64445e-05
2.7944 	0.0259231 	-7.59549e-05 	6.63295e-05
2.7959 	0.0258987 	-7.48097e-05 	6.62145e-05
2.7974 	0.0258743 	-7.36646e-05 	6.60995e-05
2.7989 	0.0258498 	-7.25194e-05 	6.59845e-05
2.8004 	0.0258254 	-7.13743e-05 	6.58695e-05
2.8019 	0.025801 	-7.02291e-05 	6.57545e-05
2.8034 	0.0257766 	-6.9084e-05 	6.56395e-05
2.8049 	0.0257603 	-6.83422e-05 	6.55417e-05
2.8064 	0.0257433 	-6.75762e-05 	6.54354e-05
2.8079 	0.025719 	-6.65052e-05 	6.52958e-05
2.8094 	0.0256857 	-6.52016e-05 	6.5073e-05
2.81091 	0.0256507 	-6.38547e-05 	6.48347e-05
2.81241 	0.0256158 	-6.25078e-05 	6.45964e-05
2.81391 	0.0255808 	-6.11609e-05 	6.43581e-05
2.81541 	0.0255459 	-5.9814e-05 	6.41198e-05
2.81691 	0.0255109 	-5.84672e-05 	6.38815e-05
2.81841 	0.025476 	-5.71203e-05 	6.36432e-05
2.81991 	0.025441 	-5.57734e-05 	6.34049e-05
2.82141 	0.025406 	-5.44265e-05 	6.31666e-05
2.82291 	0.0253711 	-5.30797e-05 	6.29283e-05
2.82441 	0.0253361 	-5.17328e-05 	6.269e-05
2.82591 	0.0253012 	-5.03859e-05 	6.24517e-05
2.82741 	0.0252622 	-4.89094e-05 	6.21825e-05
2.82891 	0.0252197 	-4.73181e-05 	6.18907e-05
2.83042 	0.0251758 	-4.5701e-05 	6.15916e-05
2.83192 	0.0251405 	-4.45229e-05 	6.13049e-05
2.83342 	0.0251051 	-4.33447e-05 	6.10183e-05
2.83492 	0.0250697 	-4.21665e-05 	6.07316e-05
2.83642 	0.0250343 	-4.09883e-05 	6.0445e-05
2.83792 	0.0249989 	-3.98101e-05 	6.01583e-05
2.83942 	0.0249636 	-3.86319e-05 	5.98717e-05
2.84092 	0.0249282 	-3.74537e-05 	5.9585e-05
2.84242 	0.0248928 	-3.62755e-05 	5.92984e-05
2.84392 	0.0248574 	-3.50973e-05 	5.90117e-05
2.84542 	0.024822 	-3.39191e-05 	5.87251e-05
2.84692 	0.0247867 	-3.27409e-05 	5.84384e-05
2.84842 	0.0247559 	-3.1741e-05 	5.81832e-05
2.84992 	0.0247289 	-3.08964e-05 	5.79604e-05
2.85143 	0.0247001 	-3.00418e-05 	5.77217e-05
2.85293 	0.0246712 	-2.92437e-05 	5.74574e-05
2.85443 	0.0246423 	-2.84457e-05 	5.71931e-05
2.85593 	0.0246133 	-2.76476e-05 	5.69288e-05
2.85743 	0.0245844 	-2.68496e-05 	5.66645e-05
2.85893 	0.0245555 	-2.60515e-05 	5.64002e-05
2.86043 	0.0245265 	-2.52534e-05 	5.61359e-05
2.86193 	0.0244976 	-2.44554e-05 	5.58716e-05
2.86343 	0.0244687 	-2.36573e-05 	5.56073e-05
2.86493 	0.0244398 	-2.28593e-05 	5.5343e-05
2.86643 	0.0244108 	-2.20612e-05 	5.50787e-05
2.86793 	0.0243791 	-2.11903e-05 	5.47925e-05
2.86943 	0.0243474 	-2.0328e-05 	5.45114e-05
2.87094 	0.0243079 	-1.94964e-05 	5.42112e-05
2.87244 	0.0242586 	-1.85635e-05 	5.38589e-05
2.87394 	0.0242092 	-1.76306e-05 	5.35065e-05
2.87544 	0.0241599 	-1.66977e-05 	5.31542e-05
2.87694 	0.0241106 	-1.57647e-05 	5.28019e-05
2.87844 	0.0240612 	-1.48318e-05 	5.24496e-05
2.87994 	0.0240119 	-1.38989e-05 	5.20972e-05
2.88144 	0.0239625 	-1.2966e-05 	5.17449e-05
2.88294 	0.0239132 	-1.2033e-05 	5.13926e-05
2.88444 	0.0238639 	-1.11001e-05 	5.10403e-05
2.88594 	0.0238103 	-1.00721e-05 	5.06624e-05
2.88744 	0.0237388 	-8.53946e-06 	5.01803e-05
2.88894 	0.0236792 	-7.43848e-06 	4.98388e-05
2.89045 	0.0236225 	-6.54328e-06 	4.95433e-05
2.89195 	0.0235659 	-5.64808e-06 	4.92477e-05
2.89345 	0.0235093 	-4.75288e-06 	4.89522e-05
2.89495 	0.0234527 	-3.85768e-06 	4.86567e-05
2.89645 	0.023396 	-2.96247e-06 	4.83611e-05
2.89795 	0.0233394 	-2.06727e-06 	4.80656e-05
2.89945 	0.0232828 	-1.17207e-06 	4.777e-05
2.90095 	0.0232262 	-2.76868e-07 	4.74745e-05
2.90245 	0.0231695 	6.18334e-07 	4.71789e-05
2.90395 	0.0231254 	1.21497e-06 	4.70008e-05
2.90545 	0.0230617 	2.22341e-06 	4.67918e-05
2.90695 	0.0229895 	3.15201e-06 	4.65763e-05
2.90845 	0.0229173 	4.08062e-06 	4.63607e-05
2.90995 	0.0228451 	5.00922e-06 	4.61451e-05
2.91146 	0.0227728 	5.93783e-06 	4.59296e-05
2.91296 	0.0227006 	6.86643e-06 	4.5714e-05
2.91446 	0.0226284 	7.79504e-06 	4.54985e-05
2.91596 	0.0225562 	8.72365e-06 	4.52829e-05
2.91746 	0.022484 	9.65225e-06 	4.50674e-05
2.91896 	0.0224025 	1.05352e-05 	4.48236e-05
2.92046 	0.0223051 	1.17311e-05 	4.45632e-05
2.92196 	0.0222212 	1.2555e-05 	4.43402e-05
2.92346 	0.0221374 	1.33789e-05 	4.41171e-05
2.92496 	0.0220536 	1.42029e-05 	4.3894e-05
2.92646 	0.0219698 	1.50268e-05 	4.36709e-05
2.92796 	0.021886 	1.58507e-05 	4.34478e-05
2.92946 	0.0218022 	1.66746e-05 	4.32247e-05
2.93097 	0.0217184 	1.74985e-05 	4.30017e-05
2.93247 	0.0216346 	1.83224e-05 	4.27786e-05
2.93397 	0.0215649 	1.8863e-05 	4.2589e-05
2.93547 	0.0214954 	1.93303e-05 	4.24175e-05
2.93697 	0.0214257 	1.97441e-05 	4.22399e-05
2.93847 	0.0213561 	2.0158e-05 	4.20623e-05
2.93997 	0.0212864 	2.05718e-05 	4.18846e-05
2.94147 	0.0212167 	2.09856e-05 	4.1707e-05
2.94297 	0.0211471 	2.13994e-05 	4.15294e-05
2.94447 	0.0210774 	2.18133e-05 	4.13518e-05
2.94597 	0.0210078 	2.22271e-05 	4.11741e-05
2.94747 	0.0209308 	2.26147e-05 	4.09808e-05
2.94897 	0.0207991 	2.29612e-05 	4.0623e-05
2.95048 	0.0206673 	2.33077e-05 	4.02651e-05
2.95198 	0.0205356 	2.36543e-05 	3.99072e-05
2.95348 	0.0204038 	2.40008e-05 	3.95494e-05
2.95498 	0.0202721 	2.43473e-05 	3.91915e-05
2.95648 	0.0201404 	2.46938e-05 	3.88336e-05
2.95798 	0.0200086 	2.50404e-05 	3.84758e-05
2.95948 	0.0198533 	2.53603e-05 	3.80442e-05
2.96098 	0.0196878 	2.55544e-05 	3.75691e-05
2.96248 	0.019527 	2.56907e-05 	3.70953e-05
2.96398 	0.0193661 	2.58269e-05 	3.66214e-05
2.96548 	0.0192053 	2.59631e-05 	3.61475e-05
2.96698 	0.0190445 	2.60994e-05 	3.56737e-05
2.96848 	0.0188837 	2.62356e-05 	3.51998e-05
2.96998 	0.0187229 	2.63718e-05 	3.4726e-05
2.97149 	0.0185815 	2.63334e-05 	3.42963e-05
2.97299 	0.0184378 	2.61804e-05 	3.38601e-05
2.97449 	0.0182941 	2.60274e-05 	3.3424e-05
2.97599 	0.0181504 	2.58744e-05 	3.29878e-05
2.97749 	0.0180067 	2.57214e-05 	3.25516e-05
2.97899 	0.017863 	2.55685e-05 	3.21155e-05
2.98049 	0.0177193 	2.54155e-05 	3.16793e-05
2.98199 	0.0175575 	2.51785e-05 	3.12165e-05
2.98349 	0.0173768 	2.48495e-05 	3.07328e-05
2.98499 	0.017196 	2.45206e-05 	3.02492e-05
2.98649 	0.0170153 	2.41917e-05 	2.97655e-05
2.98799 	0.0168345 	2.38628e-05 	2.92818e-05
2.98949 	0.0166538 	2.35339e-05 	2.87982e-05
2.991 	0.016471 	2.31782e-05 	2.83133e-05
2.9925 	0.0140365 	1.97506e-05 	2.41098e-05
2.994 	0.0112807 	1.58685e-05 	1.93729e-05
2.9955 	0.0085248 	1.19863e-05 	1.46361e-05
2.997 	0.00576893 	8.10413e-06 	9.89933e-06
2.9985 	0.00301306 	4.22196e-06 	5.16253e-06
3 	0 	0 	0
