0 	0 	0 	0
0.00150075 	0.000100983 	2.56485e-07 	6.73883e-07
0.0030015 	0.000211626 	6.24371e-07 	1.35988e-06
0.00450225 	0.00033187 	1.10298e-06 	2.05791e-06
0.006003 	0.000452114 	1.58158e-06 	2.75595e-06
0.00750375 	0.000583871 	2.0738e-06 	3.3256e-06
0.0090045 	0.000727968 	2.58085e-06 	3.75924e-06
0.0105053 	0.000862506 	3.15756e-06 	4.82238e-06
0.012006 	0.0010043 	3.96152e-06 	5.62285e-06
0.0135068 	0.00115603 	5.07683e-06 	6.06341e-06
0.0150075 	0.00130775 	6.19215e-06 	6.50398e-06
0.0165083 	0.00146067 	7.31249e-06 	6.8804e-06
0.018009 	0.00163083 	8.50559e-06 	6.32814e-06
0.0195098 	0.00179581 	9.72776e-06 	6.29001e-06
0.0210105 	0.00195576 	1.09782e-05 	6.75211e-06
0.0225113 	0.00208865 	1.23093e-05 	6.63042e-06
0.024012 	0.00221655 	1.36552e-05 	6.40115e-06
0.0255128 	0.00234446 	1.50011e-05 	6.17188e-06
0.0270135 	0.00246888 	1.62978e-05 	5.83958e-06
0.0285143 	0.00256453 	1.71883e-05 	4.65634e-06
0.030015 	0.00265812 	1.81085e-05 	3.85403e-06
0.0315158 	0.00274941 	1.90618e-05 	3.47498e-06
0.0330165 	0.00283545 	2.01626e-05 	2.79083e-06
0.0345173 	0.00291957 	2.13172e-05 	1.99531e-06
0.036018 	0.00300369 	2.24718e-05 	1.19978e-06
0.0375188 	0.00308781 	2.36264e-05 	4.04258e-07
0.0390195 	0.00316752 	2.46165e-05 	-6.67817e-07
0.0405203 	0.0032439 	2.54827e-05 	-1.94801e-06
0.042021 	0.00331721 	2.63369e-05 	-2.99305e-06
0.0435218 	0.00338975 	2.71998e-05 	-4.0022e-06
0.0450225 	0.00345674 	2.82727e-05 	-5.03688e-06
0.0465233 	0.00352374 	2.93456e-05 	-6.07156e-06
0.048024 	0.00359073 	3.04185e-05 	-7.10624e-06
0.0495248 	0.00365773 	3.14913e-05 	-8.14093e-06
0.0510255 	0.00372442 	3.24616e-05 	-9.21955e-06
0.0525263 	0.00379069 	3.3283e-05 	-1.03619e-05
0.054027 	0.00384816 	3.39955e-05 	-1.15792e-05
0.0555278 	0.00390055 	3.46449e-05 	-1.28399e-05
0.0570285 	0.0039577 	3.55597e-05 	-1.3993e-05
0.0585293 	0.00401642 	3.65624e-05 	-1.51104e-05
0.06003 	0.00407514 	3.75652e-05 	-1.62279e-05
0.0615308 	0.00413387 	3.8568e-05 	-1.73453e-05
0.0630315 	0.00419259 	3.95708e-05 	-1.84627e-05
0.0645323 	0.00425711 	4.04922e-05 	-1.9542e-05
0.066033 	0.00432593 	4.13531e-05 	-2.0593e-05
0.0675338 	0.00439303 	4.21048e-05 	-2.22472e-05
0.0690345 	0.00445953 	4.2818e-05 	-2.41131e-05
0.0705353 	0.00451067 	4.36363e-05 	-2.52268e-05
0.072036 	0.00455796 	4.44812e-05 	-2.6151e-05
0.0735368 	0.00460524 	4.5326e-05 	-2.70751e-05
0.0750375 	0.00465252 	4.61709e-05 	-2.79993e-05
0.0765383 	0.0046998 	4.70158e-05 	-2.89235e-05
0.078039 	0.00474671 	4.78536e-05 	-2.98318e-05
0.0795398 	0.00477301 	4.83048e-05 	-2.98683e-05
0.0810405 	0.00480191 	4.87319e-05 	-3.00969e-05
0.0825413 	0.00484731 	4.90058e-05 	-3.15466e-05
0.084042 	0.00489105 	4.93335e-05 	-3.28807e-05
0.0855428 	0.0049252 	4.99709e-05 	-3.35499e-05
0.0870435 	0.00495935 	5.06083e-05 	-3.4219e-05
0.0885443 	0.00499349 	5.12457e-05 	-3.48882e-05
0.090045 	0.00502764 	5.18831e-05 	-3.55574e-05
0.0915458 	0.00506179 	5.25205e-05 	-3.62265e-05
0.0930465 	0.00509594 	5.31579e-05 	-3.68957e-05
0.0945473 	0.0051213 	5.36823e-05 	-3.70838e-05
0.096048 	0.0051427 	5.41555e-05 	-3.70542e-05
0.0975488 	0.00517639 	5.42151e-05 	-3.80271e-05
0.0990495 	0.00521371 	5.41527e-05 	-3.92954e-05
0.10055 	0.0052442 	5.45175e-05 	-4.00505e-05
0.102051 	0.00527245 	5.5022e-05 	-4.06376e-05
0.103552 	0.00530071 	5.55265e-05 	-4.12248e-05
0.105053 	0.00532896 	5.6031e-05 	-4.18119e-05
0.106553 	0.00535721 	5.65355e-05 	-4.23991e-05
0.108054 	0.00538547 	5.704e-05 	-4.29862e-05
0.109555 	0.00541372 	5.75445e-05 	-4.35734e-05
0.111056 	0.00543655 	5.80748e-05 	-4.38082e-05
0.112556 	0.0054546 	5.8628e-05 	-4.37318e-05
0.114057 	0.0054806 	5.86581e-05 	-4.42973e-05
0.115558 	0.00551193 	5.83378e-05 	-4.52928e-05
0.117059 	0.00553902 	5.8429e-05 	-4.60327e-05
0.118559 	0.00556288 	5.88328e-05 	-4.65785e-05
0.12006 	0.00558675 	5.92366e-05 	-4.71243e-05
0.121561 	0.00561061 	5.96405e-05 	-4.767e-05
0.123062 	0.00563448 	6.00443e-05 	-4.82158e-05
0.124562 	0.00565834 	6.04481e-05 	-4.87616e-05
0.126063 	0.00568221 	6.08519e-05 	-4.93074e-05
0.127564 	0.00570607 	6.12557e-05 	-4.98531e-05
0.129065 	0.0057259 	6.17658e-05 	-5.01276e-05
0.130565 	0.00574149 	6.23871e-05 	-5.01182e-05
0.132066 	0.00576345 	6.24006e-05 	-5.05099e-05
0.133567 	0.00579036 	6.19418e-05 	-5.12133e-05
0.135068 	0.00581384 	6.18949e-05 	-5.18452e-05
0.136568 	0.00583443 	6.21925e-05 	-5.24174e-05
0.138069 	0.00585503 	6.24901e-05 	-5.29896e-05
0.13957 	0.00587563 	6.27877e-05 	-5.35618e-05
0.141071 	0.00589622 	6.30853e-05 	-5.4134e-05
0.142571 	0.00591682 	6.33829e-05 	-5.47062e-05
0.144072 	0.00593742 	6.36805e-05 	-5.52784e-05
0.145573 	0.00595802 	6.39782e-05 	-5.58506e-05
0.147074 	0.00597861 	6.42758e-05 	-5.64228e-05
0.148574 	0.00599574 	6.47001e-05 	-5.68317e-05
0.150075 	0.00600943 	6.52502e-05 	-5.70785e-05
0.151576 	0.00602912 	6.51015e-05 	-5.75549e-05
0.153077 	0.00605265 	6.45061e-05 	-5.81781e-05
0.154577 	0.00607282 	6.4385e-05 	-5.88709e-05
0.156078 	0.00609106 	6.45383e-05 	-5.96039e-05
0.157579 	0.0061093 	6.46916e-05 	-6.0337e-05
0.15908 	0.00612754 	6.4845e-05 	-6.10701e-05
0.16058 	0.00614578 	6.49983e-05 	-6.18032e-05
0.162081 	0.00616402 	6.51516e-05 	-6.25362e-05
0.163582 	0.00618226 	6.53049e-05 	-6.32693e-05
0.165083 	0.0062005 	6.54582e-05 	-6.40024e-05
0.166583 	0.00621874 	6.56115e-05 	-6.47355e-05
0.168084 	0.00623698 	6.57649e-05 	-6.54686e-05
0.169585 	0.0062523 	6.60557e-05 	-6.6114e-05
0.171086 	0.00626482 	6.64785e-05 	-6.66753e-05
0.172586 	0.00628321 	6.61e-05 	-6.74381e-05
0.174087 	0.0063043 	6.53537e-05 	-6.82933e-05
0.175588 	0.00632194 	6.52087e-05 	-6.9242e-05
0.177089 	0.00633863 	6.52276e-05 	-7.02162e-05
0.178589 	0.00635532 	6.52466e-05 	-7.11904e-05
0.18009 	0.00637202 	6.52656e-05 	-7.21646e-05
0.181591 	0.00638871 	6.52846e-05 	-7.31389e-05
0.183092 	0.0064054 	6.53035e-05 	-7.41131e-05
0.184592 	0.0064221 	6.53225e-05 	-7.50873e-05
0.186093 	0.00643879 	6.53415e-05 	-7.60615e-05
0.187594 	0.00645548 	6.53605e-05 	-7.70357e-05
0.189095 	0.00647218 	6.53794e-05 	-7.80099e-05
0.190595 	0.00648887 	6.53984e-05 	-7.89842e-05
0.192096 	0.00650344 	6.55642e-05 	-7.98324e-05
0.193597 	0.00651543 	6.59094e-05 	-8.05268e-05
0.195098 	0.00653296 	6.54021e-05 	-8.1536e-05
0.196598 	0.0065525 	6.45844e-05 	-8.26598e-05
0.198099 	0.00656667 	6.45147e-05 	-8.35888e-05
0.1996 	0.00658056 	6.44833e-05 	-8.45079e-05
0.201101 	0.00659445 	6.44519e-05 	-8.5427e-05
0.202601 	0.00660834 	6.44204e-05 	-8.63461e-05
0.204102 	0.00662223 	6.4389e-05 	-8.72651e-05
0.205603 	0.00663612 	6.43575e-05 	-8.81842e-05
0.207104 	0.00665001 	6.43261e-05 	-8.91033e-05
0.208604 	0.0066639 	6.42947e-05 	-9.00224e-05
0.210105 	0.00667779 	6.42632e-05 	-9.09414e-05
0.211606 	0.00669168 	6.42318e-05 	-9.18605e-05
0.213107 	0.00670557 	6.42004e-05 	-9.27796e-05
0.214607 	0.00671946 	6.41689e-05 	-9.36987e-05
0.216108 	0.00673186 	6.42354e-05 	-9.44609e-05
0.217609 	0.00673997 	6.45839e-05 	-9.4772e-05
0.21911 	0.00674841 	6.42988e-05 	-9.52572e-05
0.22061 	0.00675739 	6.3775e-05 	-9.58252e-05
0.222111 	0.00677085 	6.36807e-05 	-9.64696e-05
0.223612 	0.00678432 	6.35864e-05 	-9.71139e-05
0.225113 	0.00679779 	6.3492e-05 	-9.77582e-05
0.226613 	0.00681126 	6.33977e-05 	-9.84026e-05
0.228114 	0.00682472 	6.33034e-05 	-9.90469e-05
0.229615 	0.00683819 	6.3209e-05 	-9.96912e-05
0.231116 	0.00685166 	6.31147e-05 	-0.000100336
0.232616 	0.00686512 	6.30204e-05 	-0.00010098
0.234117 	0.00687859 	6.2926e-05 	-0.000101624
0.235618 	0.00689206 	6.28317e-05 	-0.000102269
0.237119 	0.00690552 	6.27374e-05 	-0.000102913
0.238619 	0.00691899 	6.2643e-05 	-0.000103557
0.24012 	0.00693246 	6.25487e-05 	-0.000104202
0.241621 	0.00694593 	6.24544e-05 	-0.000104846
0.243122 	0.00696334 	6.24604e-05 	-0.000105401
0.244622 	0.00697798 	6.2196e-05 	-0.000105955
0.246123 	0.00698988 	6.17098e-05 	-0.000106498
0.247624 	0.00700459 	6.1526e-05 	-0.000106884
0.249125 	0.00701929 	6.13422e-05 	-0.000107271
0.250625 	0.007034 	6.11584e-05 	-0.000107658
0.252126 	0.0070487 	6.09746e-05 	-0.000108045
0.253627 	0.00706341 	6.07908e-05 	-0.000108431
0.255128 	0.00707811 	6.0607e-05 	-0.000108818
0.256628 	0.00709282 	6.04232e-05 	-0.000109205
0.258129 	0.00710752 	6.02394e-05 	-0.000109592
0.25963 	0.00712222 	6.00556e-05 	-0.000109978
0.261131 	0.00713693 	5.98717e-05 	-0.000110365
0.262631 	0.00715163 	5.96879e-05 	-0.000110752
0.264132 	0.00716634 	5.95041e-05 	-0.000111139
0.265633 	0.00718104 	5.93203e-05 	-0.000111526
0.267134 	0.00719575 	5.91365e-05 	-0.000111912
0.268634 	0.00721045 	5.89527e-05 	-0.000112299
0.270135 	0.00722579 	5.87797e-05 	-0.000112676
0.271636 	0.0072425 	5.86012e-05 	-0.000113043
0.273137 	0.00725385 	5.81639e-05 	-0.000113555
0.274637 	0.00726851 	5.78865e-05 	-0.00011378
0.276138 	0.00728316 	5.7609e-05 	-0.000114006
0.277639 	0.00729782 	5.73315e-05 	-0.000114232
0.27914 	0.00731247 	5.70541e-05 	-0.000114458
0.28064 	0.00732713 	5.67766e-05 	-0.000114684
0.282141 	0.00734178 	5.64992e-05 	-0.00011491
0.283642 	0.00735644 	5.62217e-05 	-0.000115136
0.285143 	0.00737109 	5.59443e-05 	-0.000115362
0.286643 	0.00738575 	5.56668e-05 	-0.000115588
0.288144 	0.0074004 	5.53894e-05 	-0.000115814
0.289645 	0.00741506 	5.51119e-05 	-0.00011604
0.291146 	0.00742971 	5.48345e-05 	-0.000116266
0.292646 	0.00744436 	5.4557e-05 	-0.000116492
0.294147 	0.00745902 	5.42796e-05 	-0.000116718
0.295648 	0.00747367 	5.40021e-05 	-0.000116944
0.297149 	0.00748833 	5.37247e-05 	-0.00011717
0.298649 	0.00750298 	5.34472e-05 	-0.000117395
0.30015 	0.00751804 	5.31689e-05 	-0.000117604
0.301651 	0.00753253 	5.27421e-05 	-0.000117962
0.303152 	0.007547 	5.23569e-05 	-0.000118239
0.304652 	0.00756194 	5.20224e-05 	-0.000118438
0.306153 	0.00757689 	5.16879e-05 	-0.000118637
0.307654 	0.00759184 	5.13534e-05 	-0.000118836
0.309155 	0.00760679 	5.10189e-05 	-0.000119035
0.310655 	0.00762174 	5.06844e-05 	-0.000119234
0.312156 	0.00763669 	5.03499e-05 	-0.000119432
0.313657 	0.00765164 	5.00153e-05 	-0.000119631
0.315158 	0.00766659 	4.96808e-05 	-0.00011983
0.316658 	0.00768153 	4.93463e-05 	-0.000120029
0.318159 	0.00769648 	4.90118e-05 	-0.000120228
0.31966 	0.00771143 	4.86773e-05 	-0.000120427
0.321161 	0.00772638 	4.83428e-05 	-0.000120626
0.322661 	0.00774133 	4.80083e-05 	-0.000120825
0.324162 	0.00775628 	4.76738e-05 	-0.000121024
0.325663 	0.00777123 	4.73393e-05 	-0.000121223
0.327164 	0.00778618 	4.70047e-05 	-0.000121421
0.328664 	0.00780112 	4.66702e-05 	-0.00012162
0.330165 	0.00781607 	4.63357e-05 	-0.000121819
0.331666 	0.00783102 	4.60012e-05 	-0.000122018
0.333167 	0.00784609 	4.55778e-05 	-0.000122217
0.334667 	0.00786128 	4.52267e-05 	-0.000122364
0.336168 	0.00787647 	4.48757e-05 	-0.000122511
0.337669 	0.00789166 	4.45246e-05 	-0.000122657
0.33917 	0.00790685 	4.41735e-05 	-0.000122804
0.34067 	0.00792203 	4.38224e-05 	-0.00012295
0.342171 	0.00793722 	4.34713e-05 	-0.000123097
0.343672 	0.00795241 	4.31202e-05 	-0.000123243
0.345173 	0.0079676 	4.27691e-05 	-0.00012339
0.346673 	0.00798279 	4.2418e-05 	-0.000123536
0.348174 	0.00799798 	4.20669e-05 	-0.000123683
0.349675 	0.00801317 	4.17158e-05 	-0.00012383
0.351176 	0.00802835 	4.13651e-05 	-0.000123977
0.352676 	0.00804352 	4.10161e-05 	-0.000124125
0.354177 	0.00805868 	4.06671e-05 	-0.000124274
0.355678 	0.00807385 	4.0318e-05 	-0.000124423
0.357179 	0.00808901 	3.9969e-05 	-0.000124572
0.358679 	0.00810418 	3.962e-05 	-0.000124721
0.36018 	0.00811935 	3.9271e-05 	-0.00012487
0.361681 	0.00813451 	3.89219e-05 	-0.000125019
0.363182 	0.00814968 	3.85729e-05 	-0.000125168
0.364682 	0.00816485 	3.82239e-05 	-0.000125317
0.366183 	0.00818011 	3.79491e-05 	-0.000125483
0.367684 	0.00819531 	3.75438e-05 	-0.000125551
0.369185 	0.0082105 	3.71384e-05 	-0.000125619
0.370685 	0.0082257 	3.6733e-05 	-0.000125686
0.372186 	0.0082409 	3.63277e-05 	-0.000125754
0.373687 	0.0082561 	3.59223e-05 	-0.000125821
0.375188 	0.0082713 	3.55169e-05 	-0.000125889
0.376688 	0.00828649 	3.51116e-05 	-0.000125956
0.378189 	0.00830169 	3.47062e-05 	-0.000126024
0.37969 	0.00831689 	3.43009e-05 	-0.000126092
0.381191 	0.00833209 	3.38955e-05 	-0.000126159
0.382691 	0.00834729 	3.34901e-05 	-0.000126227
0.384192 	0.00836248 	3.30848e-05 	-0.000126294
0.385693 	0.00837768 	3.26794e-05 	-0.000126362
0.387194 	0.00839288 	3.2274e-05 	-0.000126429
0.388694 	0.00840808 	3.18687e-05 	-0.000126497
0.390195 	0.00842328 	3.14633e-05 	-0.000126565
0.391696 	0.00843848 	3.1058e-05 	-0.000126632
0.393197 	0.00845367 	3.06526e-05 	-0.0001267
0.394697 	0.00846887 	3.02472e-05 	-0.000126767
0.396198 	0.00848407 	2.98419e-05 	-0.000126835
0.397699 	0.00849927 	2.94365e-05 	-0.000126902
0.3992 	0.00851447 	2.90311e-05 	-0.00012697
0.4007 	0.00852758 	2.79334e-05 	-0.000126978
0.402201 	0.00854386 	2.79529e-05 	-0.000127145
0.403702 	0.00855933 	2.80355e-05 	-0.000127275
0.405203 	0.00857288 	2.76269e-05 	-0.000127327
0.406703 	0.00858644 	2.72183e-05 	-0.000127378
0.408204 	0.0086 	2.68096e-05 	-0.00012743
0.409705 	0.00861355 	2.6401e-05 	-0.000127481
0.411206 	0.00862711 	2.59924e-05 	-0.000127533
0.412706 	0.00864067 	2.55837e-05 	-0.000127584
0.414207 	0.00865422 	2.51751e-05 	-0.000127636
0.415708 	0.00866778 	2.47665e-05 	-0.000127687
0.417209 	0.00868134 	2.43578e-05 	-0.000127739
0.418709 	0.00869489 	2.39492e-05 	-0.00012779
0.42021 	0.00870845 	2.35406e-05 	-0.000127841
0.421711 	0.00872201 	2.31319e-05 	-0.000127893
0.423212 	0.00873556 	2.27233e-05 	-0.000127944
0.424712 	0.00874912 	2.23147e-05 	-0.000127996
0.426213 	0.00876268 	2.1906e-05 	-0.000128047
0.427714 	0.00877624 	2.14974e-05 	-0.000128099
0.429215 	0.00878979 	2.10888e-05 	-0.00012815
0.430715 	0.00880335 	2.06801e-05 	-0.000128202
0.432216 	0.00881691 	2.02715e-05 	-0.000128253
0.433717 	0.00883046 	1.98629e-05 	-0.000128305
0.435218 	0.00884402 	1.94542e-05 	-0.000128356
0.436718 	0.00885703 	1.89217e-05 	-0.000128395
0.438219 	0.00886436 	1.71099e-05 	-0.000128304
0.43972 	0.00887266 	1.69446e-05 	-0.000128377
0.441221 	0.00888187 	1.83299e-05 	-0.000128603
0.442721 	0.00889454 	1.8338e-05 	-0.000128802
0.444222 	0.00890835 	1.78896e-05 	-0.000128992
0.445723 	0.00892217 	1.74412e-05 	-0.000129182
0.447224 	0.00893598 	1.69928e-05 	-0.000129372
0.448724 	0.0089498 	1.65443e-05 	-0.000129561
0.450225 	0.00896361 	1.60959e-05 	-0.000129751
0.451726 	0.00897743 	1.56475e-05 	-0.000129941
0.453227 	0.00899124 	1.51991e-05 	-0.000130131
0.454727 	0.00900506 	1.47507e-05 	-0.000130321
0.456228 	0.00901887 	1.43023e-05 	-0.00013051
0.457729 	0.00903269 	1.38539e-05 	-0.0001307
0.45923 	0.0090465 	1.34055e-05 	-0.00013089
0.46073 	0.00906032 	1.29571e-05 	-0.00013108
0.462231 	0.00907413 	1.25086e-05 	-0.00013127
0.463732 	0.00908795 	1.20602e-05 	-0.000131459
0.465233 	0.00910176 	1.16118e-05 	-0.000131649
0.466733 	0.00911558 	1.11634e-05 	-0.000131839
0.468234 	0.00912939 	1.0715e-05 	-0.000132029
0.469735 	0.00914321 	1.02666e-05 	-0.000132219
0.471236 	0.00915702 	9.81817e-06 	-0.000132408
0.472736 	0.00917084 	9.36976e-06 	-0.000132598
0.474237 	0.00918465 	8.92135e-06 	-0.000132788
0.475738 	0.00920013 	7.85066e-06 	-0.000132982
0.477239 	0.00921869 	5.61913e-06 	-0.000133184
0.478739 	0.00923726 	3.38759e-06 	-0.000133387
0.48024 	0.00925075 	4.32651e-06 	-0.00013377
0.481741 	0.00926386 	5.50225e-06 	-0.000134168
0.483242 	0.00927711 	6.16032e-06 	-0.000134538
0.484742 	0.00929087 	4.93634e-06 	-0.00013481
0.486243 	0.00930462 	3.71237e-06 	-0.000135082
0.487744 	0.00931838 	2.4884e-06 	-0.000135354
0.489245 	0.00933214 	1.26443e-06 	-0.000135626
0.490745 	0.00934589 	4.04533e-08 	-0.000135898
0.492246 	0.00935965 	-1.18352e-06 	-0.00013617
0.493747 	0.00937341 	-2.40749e-06 	-0.000136442
0.495248 	0.00938716 	-3.63147e-06 	-0.000136714
0.496748 	0.00940092 	-4.85544e-06 	-0.000136986
0.498249 	0.00941468 	-6.07941e-06 	-0.000137258
0.49975 	0.00942843 	-7.30338e-06 	-0.000137529
0.501251 	0.00944219 	-8.52736e-06 	-0.000137801
0.502751 	0.00945595 	-9.75133e-06 	-0.000138073
0.504252 	0.0094697 	-1.09753e-05 	-0.000138345
0.505753 	0.00948346 	-1.21993e-05 	-0.000138617
0.507254 	0.00949722 	-1.34232e-05 	-0.000138889
0.508754 	0.00951098 	-1.46472e-05 	-0.000139161
0.510255 	0.00952473 	-1.58712e-05 	-0.000139433
0.511756 	0.00953849 	-1.70952e-05 	-0.000139705
0.513257 	0.00955225 	-1.83191e-05 	-0.000139977
0.514757 	0.009566 	-1.95431e-05 	-0.000140249
0.516258 	0.00958037 	-2.13806e-05 	-0.000140505
0.517759 	0.00959665 	-2.51177e-05 	-0.000140714
0.51926 	0.00961292 	-2.88547e-05 	-0.000140923
0.52076 	0.00962919 	-3.25918e-05 	-0.000141132
0.522261 	0.00964177 	-3.60689e-05 	-0.000141256
0.523762 	0.00965368 	-3.95003e-05 	-0.000141364
0.525263 	0.0096656 	-4.29316e-05 	-0.000141473
0.526763 	0.00967762 	-4.62885e-05 	-0.000141595
0.528264 	0.00969209 	-4.76517e-05 	-0.000142077
0.529765 	0.00970657 	-4.90149e-05 	-0.000142559
0.531266 	0.00972105 	-5.03782e-05 	-0.000143042
0.532766 	0.00973553 	-5.17414e-05 	-0.000143524
0.534267 	0.00975 	-5.31047e-05 	-0.000144007
0.535768 	0.00976448 	-5.44679e-05 	-0.000144489
0.537269 	0.00977896 	-5.58311e-05 	-0.000144972
0.538769 	0.00979344 	-5.71944e-05 	-0.000145454
0.54027 	0.00980792 	-5.85576e-05 	-0.000145936
0.541771 	0.00982239 	-5.99209e-05 	-0.000146419
0.543272 	0.00983687 	-6.12841e-05 	-0.000146901
0.544772 	0.00985135 	-6.26473e-05 	-0.000147384
0.546273 	0.00986583 	-6.40106e-05 	-0.000147866
0.547774 	0.0098803 	-6.53738e-05 	-0.000148348
0.549275 	0.00989478 	-6.67371e-05 	-0.000148831
0.550775 	0.00990926 	-6.81003e-05 	-0.000149313
0.552276 	0.00992374 	-6.94636e-05 	-0.000149796
0.553777 	0.00993821 	-7.08268e-05 	-0.000150278
0.555278 	0.00995269 	-7.219e-05 	-0.00015076
0.556778 	0.00996717 	-7.35533e-05 	-0.000151243
0.558279 	0.00998165 	-7.49165e-05 	-0.000151725
0.55978 	0.00999964 	-7.46124e-05 	-0.000152546
0.561281 	0.0100187 	-7.37966e-05 	-0.000153472
0.562781 	0.0100378 	-7.29808e-05 	-0.000154397
0.564282 	0.0100568 	-7.2165e-05 	-0.000155322
0.565783 	0.0100751 	-7.20911e-05 	-0.000156163
0.567284 	0.0100909 	-7.4164e-05 	-0.000156759
0.568784 	0.0101067 	-7.62369e-05 	-0.000157356
0.570285 	0.0101225 	-7.83098e-05 	-0.000157953
0.571786 	0.0101383 	-8.03826e-05 	-0.00015855
0.573287 	0.0101545 	-8.21991e-05 	-0.000159146
0.574787 	0.0101722 	-8.28846e-05 	-0.000159738
0.576288 	0.01019 	-8.357e-05 	-0.00016033
0.577789 	0.0102077 	-8.42555e-05 	-0.000160923
0.57929 	0.0102255 	-8.49409e-05 	-0.000161515
0.58079 	0.0102432 	-8.56263e-05 	-0.000162107
0.582291 	0.010261 	-8.63118e-05 	-0.0001627
0.583792 	0.0102787 	-8.69972e-05 	-0.000163292
0.585293 	0.0102965 	-8.76826e-05 	-0.000163885
0.586793 	0.0103142 	-8.83681e-05 	-0.000164477
0.588294 	0.010332 	-8.90535e-05 	-0.000165069
0.589795 	0.0103497 	-8.9739e-05 	-0.000165662
0.591296 	0.0103675 	-9.04244e-05 	-0.000166254
0.592796 	0.0103852 	-9.11098e-05 	-0.000166846
0.594297 	0.0104029 	-9.17953e-05 	-0.000167439
0.595798 	0.0104207 	-9.24807e-05 	-0.000168031
0.597299 	0.0104384 	-9.31662e-05 	-0.000168624
0.598799 	0.0104562 	-9.38516e-05 	-0.000169216
0.6003 	0.0104739 	-9.4537e-05 	-0.000169808
0.601801 	0.0104917 	-9.52225e-05 	-0.000170401
0.603302 	0.0105094 	-9.59079e-05 	-0.000170993
0.604802 	0.0105291 	-9.51688e-05 	-0.000171485
0.606303 	0.0105489 	-9.42925e-05 	-0.000171967
0.607804 	0.0105688 	-9.34161e-05 	-0.000172449
0.609305 	0.0105886 	-9.25398e-05 	-0.000172931
0.610805 	0.0106085 	-9.16635e-05 	-0.000173413
0.612306 	0.0106279 	-9.11959e-05 	-0.00017387
0.613807 	0.0106447 	-9.31754e-05 	-0.000174178
0.615308 	0.0106616 	-9.51549e-05 	-0.000174486
0.616808 	0.0106784 	-9.71343e-05 	-0.000174794
0.618309 	0.0106952 	-9.91138e-05 	-0.000175102
0.61981 	0.010712 	-0.000101093 	-0.00017541
0.621311 	0.0107289 	-0.000103073 	-0.000175718
0.622811 	0.0107468 	-0.000104168 	-0.000175899
0.624312 	0.0107654 	-0.000104779 	-0.000176011
0.625813 	0.010784 	-0.00010539 	-0.000176124
0.627314 	0.0108026 	-0.000106002 	-0.000176236
0.628814 	0.0108212 	-0.000106613 	-0.000176348
0.630315 	0.0108398 	-0.000107224 	-0.00017646
0.631816 	0.0108584 	-0.000107836 	-0.000176572
0.633317 	0.010877 	-0.000108447 	-0.000176685
0.634817 	0.0108956 	-0.000109058 	-0.000176797
0.636318 	0.0109142 	-0.00010967 	-0.000176909
0.637819 	0.0109328 	-0.000110281 	-0.000177021
0.63932 	0.0109514 	-0.000110892 	-0.000177133
0.64082 	0.01097 	-0.000111503 	-0.000177245
0.642321 	0.0109886 	-0.000112115 	-0.000177358
0.643822 	0.0110072 	-0.000112726 	-0.00017747
0.645323 	0.0110258 	-0.000113337 	-0.000177582
0.646823 	0.0110444 	-0.000113949 	-0.000177694
0.648324 	0.011063 	-0.00011456 	-0.000177806
0.649825 	0.0110816 	-0.000115171 	-0.000177919
0.651326 	0.0111001 	-0.000114654 	-0.0001778
0.652826 	0.0111185 	-0.000113641 	-0.000177581
0.654327 	0.0111369 	-0.000112628 	-0.000177361
0.655828 	0.0111553 	-0.000111614 	-0.000177142
0.657329 	0.0111737 	-0.000110601 	-0.000176922
0.658829 	0.0111921 	-0.000109588 	-0.000176702
0.66033 	0.0112105 	-0.000108575 	-0.000176483
0.661831 	0.0112295 	-0.000109076 	-0.000176216
0.663332 	0.011249 	-0.000111017 	-0.000175903
0.664832 	0.0112685 	-0.000112958 	-0.00017559
0.666333 	0.011288 	-0.000114899 	-0.000175278
0.667834 	0.0113076 	-0.00011684 	-0.000174965
0.669335 	0.0113271 	-0.00011878 	-0.000174653
0.670835 	0.0113466 	-0.000120721 	-0.00017434
0.672336 	0.0113661 	-0.000122662 	-0.000174028
0.673837 	0.0113856 	-0.000124012 	-0.000173706
0.675338 	0.0114049 	-0.00012454 	-0.000173373
0.676838 	0.0114242 	-0.000125067 	-0.00017304
0.678339 	0.0114436 	-0.000125595 	-0.000172707
0.67984 	0.0114629 	-0.000126123 	-0.000172374
0.681341 	0.0114823 	-0.000126651 	-0.000172041
0.682841 	0.0115016 	-0.000127178 	-0.000171708
0.684342 	0.0115209 	-0.000127706 	-0.000171375
0.685843 	0.0115403 	-0.000128234 	-0.000171042
0.687344 	0.0115596 	-0.000128762 	-0.000170709
0.688844 	0.0115789 	-0.00012929 	-0.000170376
0.690345 	0.0115983 	-0.000129817 	-0.000170043
0.691846 	0.0116176 	-0.000130345 	-0.00016971
0.693347 	0.0116369 	-0.000130873 	-0.000169377
0.694847 	0.0116563 	-0.000131401 	-0.000169044
0.696348 	0.0116756 	-0.000131928 	-0.000168711
0.697849 	0.0116949 	-0.000132456 	-0.000168378
0.69935 	0.011714 	-0.000132761 	-0.000168032
0.70085 	0.0117309 	-0.000131589 	-0.000167601
0.702351 	0.0117479 	-0.000130416 	-0.000167169
0.703852 	0.0117649 	-0.000129244 	-0.000166737
0.705353 	0.0117818 	-0.000128072 	-0.000166306
0.706853 	0.0117988 	-0.000126899 	-0.000165874
0.708354 	0.0118158 	-0.000125727 	-0.000165442
0.709855 	0.0118327 	-0.000124555 	-0.000165011
0.711356 	0.0118497 	-0.000123382 	-0.000164579
0.712856 	0.0118686 	-0.000123384 	-0.000164123
0.714357 	0.0118906 	-0.000125288 	-0.000163627
0.715858 	0.0119126 	-0.000127193 	-0.000163131
0.717359 	0.0119345 	-0.000129097 	-0.000162635
0.718859 	0.0119565 	-0.000131002 	-0.000162139
0.72036 	0.0119785 	-0.000132906 	-0.000161643
0.721861 	0.0120005 	-0.000134811 	-0.000161148
0.723362 	0.0120225 	-0.000136715 	-0.000160652
0.724862 	0.0120444 	-0.00013862 	-0.000160156
0.726363 	0.0120664 	-0.000140525 	-0.00015966
0.727864 	0.012086 	-0.000141942 	-0.000159258
0.729365 	0.0121034 	-0.000142899 	-0.000158944
0.730865 	0.0121208 	-0.000143855 	-0.000158631
0.732366 	0.0121382 	-0.000144812 	-0.000158318
0.733867 	0.0121555 	-0.000145768 	-0.000158004
0.735368 	0.0121729 	-0.000146725 	-0.000157691
0.736868 	0.0121903 	-0.000147681 	-0.000157377
0.738369 	0.0122076 	-0.000148638 	-0.000157064
0.73987 	0.012225 	-0.000149594 	-0.000156751
0.741371 	0.0122424 	-0.000150551 	-0.000156437
0.742871 	0.0122597 	-0.000151507 	-0.000156124
0.744372 	0.0122771 	-0.000152464 	-0.00015581
0.745873 	0.0122945 	-0.00015342 	-0.000155497
0.747374 	0.0123119 	-0.000154377 	-0.000155184
0.748874 	0.0123292 	-0.000155333 	-0.00015487
0.750375 	0.0123454 	-0.00015584 	-0.000154586
0.751876 	0.0123579 	-0.000155012 	-0.000154389
0.753377 	0.0123705 	-0.000154185 	-0.000154192
0.754877 	0.012383 	-0.000153357 	-0.000153995
0.756378 	0.0123955 	-0.000152529 	-0.000153799
0.757879 	0.0124081 	-0.000151702 	-0.000153602
0.75938 	0.0124206 	-0.000150874 	-0.000153405
0.76088 	0.0124332 	-0.000150046 	-0.000153208
0.762381 	0.0124457 	-0.000149218 	-0.000153011
0.763882 	0.0124582 	-0.000148391 	-0.000152814
0.765383 	0.0124708 	-0.000147563 	-0.000152617
0.766883 	0.0124818 	-0.000148035 	-0.000152486
0.768384 	0.0124923 	-0.000148878 	-0.000152375
0.769885 	0.0125029 	-0.000149721 	-0.000152263
0.771386 	0.0125134 	-0.000150564 	-0.000152151
0.772886 	0.012524 	-0.000151406 	-0.00015204
0.774387 	0.0125345 	-0.000152249 	-0.000151928
0.775888 	0.0125451 	-0.000153092 	-0.000151816
0.777389 	0.0125556 	-0.000153935 	-0.000151705
0.778889 	0.0125662 	-0.000154777 	-0.000151593
0.78039 	0.0125767 	-0.00015562 	-0.000151481
0.781891 	0.0125873 	-0.000156463 	-0.00015137
0.783392 	0.0125978 	-0.000157306 	-0.000151258
0.784892 	0.0126128 	-0.000158 	-0.0001511
0.786393 	0.012628 	-0.000158689 	-0.000150941
0.787894 	0.0126431 	-0.000159377 	-0.000150781
0.789395 	0.0126583 	-0.000160066 	-0.000150621
0.790895 	0.0126735 	-0.000160754 	-0.000150461
0.792396 	0.0126887 	-0.000161442 	-0.000150302
0.793897 	0.0127038 	-0.000162131 	-0.000150142
0.795398 	0.012719 	-0.000162819 	-0.000149982
0.796898 	0.0127342 	-0.000163508 	-0.000149822
0.798399 	0.0127494 	-0.000164196 	-0.000149663
0.7999 	0.0127645 	-0.000164885 	-0.000149503
0.801401 	0.0127797 	-0.000165573 	-0.000149343
0.802901 	0.0127956 	-0.000166179 	-0.000149178
0.804402 	0.0128182 	-0.000166019 	-0.000148966
0.805903 	0.0128407 	-0.000165859 	-0.000148754
0.807404 	0.0128633 	-0.000165699 	-0.000148542
0.808904 	0.0128858 	-0.000165539 	-0.000148329
0.810405 	0.0129084 	-0.000165379 	-0.000148117
0.811906 	0.0129309 	-0.000165219 	-0.000147905
0.813407 	0.0129535 	-0.000165059 	-0.000147693
0.814907 	0.0129761 	-0.000164899 	-0.00014748
0.816408 	0.0129986 	-0.000164739 	-0.000147268
0.817909 	0.0130212 	-0.000164579 	-0.000147056
0.81941 	0.0130437 	-0.000164419 	-0.000146844
0.82091 	0.0130663 	-0.000164259 	-0.000146631
0.822411 	0.0130852 	-0.000164322 	-0.000146518
0.823912 	0.0131029 	-0.000164461 	-0.000146439
0.825413 	0.0131205 	-0.000164599 	-0.000146359
0.826913 	0.0131382 	-0.000164738 	-0.00014628
0.828414 	0.0131559 	-0.000164877 	-0.000146201
0.829915 	0.0131735 	-0.000165016 	-0.000146121
0.831416 	0.0131912 	-0.000165155 	-0.000146042
0.832916 	0.0132089 	-0.000165293 	-0.000145963
0.834417 	0.0132265 	-0.000165432 	-0.000145883
0.835918 	0.0132442 	-0.000165571 	-0.000145804
0.837419 	0.0132619 	-0.00016571 	-0.000145724
0.838919 	0.0132795 	-0.000165849 	-0.000145645
0.84042 	0.0132972 	-0.000165987 	-0.000145566
0.841921 	0.0133149 	-0.000166126 	-0.000145486
0.843422 	0.013333 	-0.000166102 	-0.000145351
0.844922 	0.0133512 	-0.000166037 	-0.000145202
0.846423 	0.0133694 	-0.000165973 	-0.000145053
0.847924 	0.0133875 	-0.000165909 	-0.000144904
0.849425 	0.0134057 	-0.000165844 	-0.000144755
0.850925 	0.0134239 	-0.00016578 	-0.000144606
0.852426 	0.0134421 	-0.000165715 	-0.000144457
0.853927 	0.0134603 	-0.000165651 	-0.000144308
0.855428 	0.0134785 	-0.000165587 	-0.000144159
0.856928 	0.0134967 	-0.000165522 	-0.00014401
0.858429 	0.0135168 	-0.000165298 	-0.000143915
0.85993 	0.0135376 	-0.000165012 	-0.000143841
0.861431 	0.0135584 	-0.000164726 	-0.000143767
0.862931 	0.0135793 	-0.000164441 	-0.000143693
0.864432 	0.0136001 	-0.000164155 	-0.00014362
0.865933 	0.0136209 	-0.000163869 	-0.000143546
0.867434 	0.0136417 	-0.000163583 	-0.000143472
0.868934 	0.0136625 	-0.000163297 	-0.000143398
0.870435 	0.0136833 	-0.000163011 	-0.000143324
0.871936 	0.0137042 	-0.000162725 	-0.00014325
0.873437 	0.013725 	-0.000162439 	-0.000143177
0.874937 	0.0137458 	-0.000162153 	-0.000143103
0.876438 	0.0137666 	-0.000161867 	-0.000143029
0.877939 	0.0137874 	-0.000161581 	-0.000142955
0.87944 	0.0138081 	-0.000161424 	-0.000142904
0.88094 	0.0138286 	-0.000161515 	-0.000142897
0.882441 	0.013849 	-0.000161606 	-0.000142889
0.883942 	0.0138694 	-0.000161697 	-0.000142882
0.885443 	0.0138899 	-0.000161788 	-0.000142875
0.886943 	0.0139103 	-0.000161879 	-0.000142868
0.888444 	0.0139308 	-0.00016197 	-0.00014286
0.889945 	0.0139512 	-0.000162061 	-0.000142853
0.891446 	0.0139716 	-0.000162152 	-0.000142846
0.892946 	0.0139921 	-0.000162244 	-0.000142839
0.894447 	0.0140125 	-0.000162335 	-0.000142831
0.895948 	0.014033 	-0.000162426 	-0.000142824
0.897449 	0.0140534 	-0.000162517 	-0.000142817
0.898949 	0.0140738 	-0.000162608 	-0.00014281
0.90045 	0.0140943 	-0.000162699 	-0.000142802
0.901951 	0.0141147 	-0.00016279 	-0.000142795
0.903452 	0.0141352 	-0.000162855 	-0.000142772
0.904952 	0.0141561 	-0.000162708 	-0.000142621
0.906453 	0.0141769 	-0.000162562 	-0.00014247
0.907954 	0.0141978 	-0.000162416 	-0.000142319
0.909455 	0.0142187 	-0.000162269 	-0.000142168
0.910955 	0.0142395 	-0.000162123 	-0.000142017
0.912456 	0.0142604 	-0.000161976 	-0.000141866
0.913957 	0.0142813 	-0.000161782 	-0.000141719
0.915458 	0.0143024 	-0.000161368 	-0.000141586
0.916958 	0.0143234 	-0.000160955 	-0.000141454
0.918459 	0.0143445 	-0.000160542 	-0.000141321
0.91996 	0.0143655 	-0.000160129 	-0.000141188
0.921461 	0.0143866 	-0.000159715 	-0.000141056
0.922961 	0.0144077 	-0.000159302 	-0.000140923
0.924462 	0.0144287 	-0.000158889 	-0.000140791
0.925963 	0.0144498 	-0.000158476 	-0.000140658
0.927464 	0.0144708 	-0.000158062 	-0.000140525
0.928964 	0.0144919 	-0.000157649 	-0.000140393
0.930465 	0.0145129 	-0.000157236 	-0.00014026
0.931966 	0.014534 	-0.000156822 	-0.000140128
0.933467 	0.014555 	-0.000156409 	-0.000139995
0.934967 	0.0145761 	-0.000155996 	-0.000139862
0.936468 	0.0145972 	-0.000155583 	-0.00013973
0.937969 	0.0146182 	-0.000155169 	-0.000139597
0.93947 	0.0146391 	-0.000155022 	-0.0001395
0.94097 	0.0146598 	-0.000155025 	-0.000139423
0.942471 	0.0146805 	-0.000155029 	-0.000139346
0.943972 	0.0147013 	-0.000155032 	-0.00013927
0.945473 	0.014722 	-0.000155036 	-0.000139193
0.946973 	0.0147427 	-0.000155039 	-0.000139116
0.948474 	0.0147635 	-0.000155043 	-0.000139039
0.949975 	0.0147842 	-0.000155046 	-0.000138962
0.951476 	0.014805 	-0.00015505 	-0.000138885
0.952976 	0.0148257 	-0.000155053 	-0.000138808
0.954477 	0.0148464 	-0.000155057 	-0.000138732
0.955978 	0.0148672 	-0.00015506 	-0.000138655
0.957479 	0.0148879 	-0.000155063 	-0.000138578
0.958979 	0.0149086 	-0.000155067 	-0.000138501
0.96048 	0.0149294 	-0.00015507 	-0.000138424
0.961981 	0.0149501 	-0.000155074 	-0.000138347
0.963482 	0.0149709 	-0.000155077 	-0.00013827
0.964982 	0.0149916 	-0.000155081 	-0.000138193
0.966483 	0.0150123 	-0.000155084 	-0.000138117
0.967984 	0.0150334 	-0.000154789 	-0.000137889
0.969485 	0.0150545 	-0.000154483 	-0.000137656
0.970985 	0.0150756 	-0.000154177 	-0.000137424
0.972486 	0.0150957 	-0.000153699 	-0.000137142
0.973987 	0.015115 	-0.000153084 	-0.000136821
0.975488 	0.0151344 	-0.000152469 	-0.0001365
0.976988 	0.0151537 	-0.000151854 	-0.000136179
0.978489 	0.015173 	-0.000151239 	-0.000135858
0.97999 	0.0151923 	-0.000150624 	-0.000135537
0.981491 	0.0152116 	-0.000150009 	-0.000135216
0.982991 	0.015231 	-0.000149394 	-0.000134895
0.984492 	0.0152503 	-0.000148779 	-0.000134574
0.985993 	0.0152696 	-0.000148164 	-0.000134253
0.987494 	0.0152889 	-0.000147549 	-0.000133932
0.988994 	0.0153082 	-0.000146934 	-0.000133611
0.990495 	0.0153276 	-0.000146319 	-0.00013329
0.991996 	0.0153469 	-0.000145704 	-0.000132969
0.993497 	0.0153662 	-0.000145089 	-0.000132648
0.994997 	0.0153855 	-0.000144474 	-0.000132327
0.996498 	0.0154049 	-0.000143859 	-0.000132006
0.997999 	0.0154242 	-0.000143244 	-0.000131685
0.9995 	0.0154435 	-0.000142629 	-0.000131364
1.001 	0.015465 	-0.000142265 	-0.000130987
1.0025 	0.0154872 	-0.000142 	-0.000130589
1.004 	0.0155095 	-0.000141734 	-0.000130191
1.0055 	0.0155318 	-0.000141468 	-0.000129793
1.007 	0.0155541 	-0.000141202 	-0.000129394
1.0085 	0.0155764 	-0.000140936 	-0.000128996
1.01001 	0.0155987 	-0.000140671 	-0.000128598
1.01151 	0.0156209 	-0.000140405 	-0.0001282
1.01301 	0.0156432 	-0.000140139 	-0.000127801
1.01451 	0.0156655 	-0.000139873 	-0.000127403
1.01601 	0.0156878 	-0.000139607 	-0.000127005
1.01751 	0.0157101 	-0.000139341 	-0.000126607
1.01901 	0.0157324 	-0.000139076 	-0.000126208
1.02051 	0.0157547 	-0.00013881 	-0.00012581
1.02201 	0.0157769 	-0.000138544 	-0.000125412
1.02351 	0.0157992 	-0.000138278 	-0.000125014
1.02501 	0.0158215 	-0.000138012 	-0.000124615
1.02651 	0.0158438 	-0.000137747 	-0.000124217
1.02801 	0.0158661 	-0.000137481 	-0.000123819
1.02951 	0.0158884 	-0.000137215 	-0.000123421
1.03102 	0.0159106 	-0.000136949 	-0.000123022
1.03252 	0.015929 	-0.000136355 	-0.000122485
1.03402 	0.0159463 	-0.00013561 	-0.000121898
1.03552 	0.0159636 	-0.000134865 	-0.000121312
1.03702 	0.015981 	-0.000134121 	-0.000120725
1.03852 	0.0159983 	-0.000133376 	-0.000120138
1.04002 	0.0160157 	-0.000132631 	-0.000119552
1.04152 	0.016033 	-0.000131886 	-0.000118965
1.04302 	0.0160503 	-0.000131141 	-0.000118378
1.04452 	0.0160677 	-0.000130396 	-0.000117792
1.04602 	0.016085 	-0.000129652 	-0.000117205
1.04752 	0.0161024 	-0.000128907 	-0.000116618
1.04902 	0.0161197 	-0.000128162 	-0.000116032
1.05053 	0.016137 	-0.000127417 	-0.000115445
1.05203 	0.0161544 	-0.000126672 	-0.000114858
1.05353 	0.0161717 	-0.000125927 	-0.000114272
1.05503 	0.0161891 	-0.000125183 	-0.000113685
1.05653 	0.0162064 	-0.000124438 	-0.000113098
1.05803 	0.0162237 	-0.000123693 	-0.000112512
1.05953 	0.0162411 	-0.000122948 	-0.000111925
1.06103 	0.0162584 	-0.000122203 	-0.000111338
1.06253 	0.0162758 	-0.000121458 	-0.000110752
1.06403 	0.0162973 	-0.000120844 	-0.000109946
1.06553 	0.0163207 	-0.000120289 	-0.000109043
1.06703 	0.0163442 	-0.000119733 	-0.00010814
1.06853 	0.0163676 	-0.000119178 	-0.000107237
1.07004 	0.016391 	-0.000118623 	-0.000106334
1.07154 	0.0164144 	-0.000118067 	-0.00010543
1.07304 	0.0164379 	-0.000117512 	-0.000104527
1.07454 	0.0164613 	-0.000116956 	-0.000103624
1.07604 	0.0164847 	-0.000116401 	-0.000102721
1.07754 	0.0165081 	-0.000115845 	-0.000101818
1.07904 	0.0165316 	-0.00011529 	-0.000100914
1.08054 	0.016555 	-0.000114734 	-0.000100011
1.08204 	0.0165784 	-0.000114179 	-9.91081e-05
1.08354 	0.0166019 	-0.000113624 	-9.82049e-05
1.08504 	0.0166253 	-0.000113068 	-9.73017e-05
1.08654 	0.0166487 	-0.000112513 	-9.63985e-05
1.08804 	0.0166721 	-0.000111957 	-9.54953e-05
1.08954 	0.0166956 	-0.000111402 	-9.45921e-05
1.09105 	0.016719 	-0.000110846 	-9.3689e-05
1.09255 	0.0167404 	-0.000110271 	-9.28169e-05
1.09405 	0.0167584 	-0.000109665 	-9.19945e-05
1.09555 	0.0167765 	-0.000109059 	-9.11722e-05
1.09705 	0.0167946 	-0.000108453 	-9.03499e-05
1.09855 	0.0168126 	-0.000107847 	-8.95275e-05
1.10005 	0.0168273 	-0.000107187 	-8.88121e-05
1.10155 	0.0168409 	-0.000106511 	-8.81319e-05
1.10305 	0.0168544 	-0.000105834 	-8.74517e-05
1.10455 	0.016868 	-0.000105157 	-8.67716e-05
1.10605 	0.0168815 	-0.00010448 	-8.60914e-05
1.10755 	0.0168951 	-0.000103803 	-8.54112e-05
1.10905 	0.0169086 	-0.000103126 	-8.4731e-05
1.11056 	0.0169222 	-0.000102449 	-8.40508e-05
1.11206 	0.0169357 	-0.000101772 	-8.33706e-05
1.11356 	0.0169493 	-0.000101095 	-8.26904e-05
1.11506 	0.0169628 	-0.000100418 	-8.20102e-05
1.11656 	0.0169764 	-9.97411e-05 	-8.13301e-05
1.11806 	0.0169899 	-9.90642e-05 	-8.06499e-05
1.11956 	0.0170035 	-9.83872e-05 	-7.99697e-05
1.12106 	0.017017 	-9.77103e-05 	-7.92895e-05
1.12256 	0.0170305 	-9.70333e-05 	-7.86093e-05
1.12406 	0.0170441 	-9.63564e-05 	-7.79291e-05
1.12556 	0.0170576 	-9.56795e-05 	-7.72489e-05
1.12706 	0.0170712 	-9.50025e-05 	-7.65687e-05
1.12856 	0.0170845 	-9.44764e-05 	-7.583e-05
1.13007 	0.0170976 	-9.4026e-05 	-7.50618e-05
1.13157 	0.0171108 	-9.35756e-05 	-7.42937e-05
1.13307 	0.0171239 	-9.31252e-05 	-7.35255e-05
1.13457 	0.0171371 	-9.26747e-05 	-7.27573e-05
1.13607 	0.0171502 	-9.22243e-05 	-7.19892e-05
1.13757 	0.0171634 	-9.17739e-05 	-7.1221e-05
1.13907 	0.0171765 	-9.13235e-05 	-7.04529e-05
1.14057 	0.0171897 	-9.08731e-05 	-6.96847e-05
1.14207 	0.0172028 	-9.04227e-05 	-6.89166e-05
1.14357 	0.017216 	-8.99723e-05 	-6.81484e-05
1.14507 	0.0172291 	-8.95218e-05 	-6.73802e-05
1.14657 	0.0172422 	-8.90714e-05 	-6.66121e-05
1.14807 	0.0172554 	-8.8621e-05 	-6.58439e-05
1.14957 	0.0172685 	-8.81706e-05 	-6.50758e-05
1.15108 	0.0172817 	-8.77202e-05 	-6.43076e-05
1.15258 	0.0172948 	-8.72698e-05 	-6.35394e-05
1.15408 	0.0173082 	-8.68104e-05 	-6.27626e-05
1.15558 	0.0173266 	-8.61223e-05 	-6.17634e-05
1.15708 	0.017345 	-8.54342e-05 	-6.07642e-05
1.15858 	0.0173635 	-8.47461e-05 	-5.97649e-05
1.16008 	0.0173819 	-8.4058e-05 	-5.87657e-05
1.16158 	0.0174003 	-8.33699e-05 	-5.77665e-05
1.16308 	0.0174187 	-8.26818e-05 	-5.67673e-05
1.16458 	0.0174372 	-8.19937e-05 	-5.5768e-05
1.16608 	0.0174556 	-8.13055e-05 	-5.47688e-05
1.16758 	0.017474 	-8.06174e-05 	-5.37696e-05
1.16908 	0.0174972 	-7.97101e-05 	-5.26301e-05
1.17059 	0.0175206 	-7.87911e-05 	-5.14833e-05
1.17209 	0.0175441 	-7.78721e-05 	-5.03364e-05
1.17359 	0.0175675 	-7.69532e-05 	-4.91896e-05
1.17509 	0.017591 	-7.60342e-05 	-4.80427e-05
1.17659 	0.0176144 	-7.51153e-05 	-4.68959e-05
1.17809 	0.0176378 	-7.41963e-05 	-4.5749e-05
1.17959 	0.0176613 	-7.32774e-05 	-4.46021e-05
1.18109 	0.0176847 	-7.23584e-05 	-4.34553e-05
1.18259 	0.0177082 	-7.14394e-05 	-4.23084e-05
1.18409 	0.0177316 	-7.05205e-05 	-4.11616e-05
1.18559 	0.0177551 	-6.96015e-05 	-4.00147e-05
1.18709 	0.0177785 	-6.86826e-05 	-3.88679e-05
1.18859 	0.0178019 	-6.77636e-05 	-3.7721e-05
1.1901 	0.0178254 	-6.68447e-05 	-3.65741e-05
1.1916 	0.0178488 	-6.59257e-05 	-3.54273e-05
1.1931 	0.0178723 	-6.50067e-05 	-3.42804e-05
1.1946 	0.0178902 	-6.43535e-05 	-3.33502e-05
1.1961 	0.0179065 	-6.37781e-05 	-3.24834e-05
1.1976 	0.0179228 	-6.32027e-05 	-3.16166e-05
1.1991 	0.0179391 	-6.26273e-05 	-3.07498e-05
1.2006 	0.0179555 	-6.20519e-05 	-2.9883e-05
1.2021 	0.0179718 	-6.14765e-05 	-2.90162e-05
1.2036 	0.0179881 	-6.09011e-05 	-2.81494e-05
1.2051 	0.0180044 	-6.03257e-05 	-2.72826e-05
1.2066 	0.0180207 	-5.97503e-05 	-2.64158e-05
1.2081 	0.018037 	-5.91749e-05 	-2.5549e-05
1.2096 	0.0180534 	-5.85995e-05 	-2.46822e-05
1.21111 	0.0180697 	-5.8024e-05 	-2.38154e-05
1.21261 	0.018086 	-5.74486e-05 	-2.29486e-05
1.21411 	0.0181023 	-5.68732e-05 	-2.20818e-05
1.21561 	0.0181186 	-5.62978e-05 	-2.1215e-05
1.21711 	0.018135 	-5.57224e-05 	-2.03482e-05
1.21861 	0.0181551 	-5.49446e-05 	-1.93878e-05
1.22011 	0.0181752 	-5.41662e-05 	-1.84272e-05
1.22161 	0.0181953 	-5.33878e-05 	-1.74666e-05
1.22311 	0.0182155 	-5.26093e-05 	-1.6506e-05
1.22461 	0.0182356 	-5.18309e-05 	-1.55454e-05
1.22611 	0.0182557 	-5.10525e-05 	-1.45848e-05
1.22761 	0.0182759 	-5.02741e-05 	-1.36242e-05
1.22911 	0.018296 	-4.94956e-05 	-1.26635e-05
1.23062 	0.0183161 	-4.87172e-05 	-1.17029e-05
1.23212 	0.0183363 	-4.79388e-05 	-1.07423e-05
1.23362 	0.0183564 	-4.71603e-05 	-9.78171e-06
1.23512 	0.0183765 	-4.63819e-05 	-8.8211e-06
1.23662 	0.0183967 	-4.56035e-05 	-7.86049e-06
1.23812 	0.0184172 	-4.47889e-05 	-6.90203e-06
1.23962 	0.0184392 	-4.38512e-05 	-5.95088e-06
1.24112 	0.0184612 	-4.29135e-05 	-4.99973e-06
1.24262 	0.0184832 	-4.19758e-05 	-4.04859e-06
1.24412 	0.0185052 	-4.10381e-05 	-3.09744e-06
1.24562 	0.0185272 	-4.01004e-05 	-2.14629e-06
1.24712 	0.0185493 	-3.91627e-05 	-1.19515e-06
1.24862 	0.0185713 	-3.8225e-05 	-2.44e-07
1.25013 	0.0185933 	-3.72873e-05 	7.07147e-07
1.25163 	0.0186153 	-3.63496e-05 	1.65829e-06
1.25313 	0.0186373 	-3.54118e-05 	2.60944e-06
1.25463 	0.0186593 	-3.44741e-05 	3.56059e-06
1.25613 	0.0186813 	-3.35364e-05 	4.51173e-06
1.25763 	0.0187033 	-3.25987e-05 	5.46288e-06
1.25913 	0.0187253 	-3.1661e-05 	6.41403e-06
1.26063 	0.0187467 	-3.07702e-05 	7.33854e-06
1.26213 	0.0187647 	-3.01372e-05 	8.1166e-06
1.26363 	0.0187826 	-2.95041e-05 	8.89467e-06
1.26513 	0.0188006 	-2.88711e-05 	9.67273e-06
1.26663 	0.0188186 	-2.8238e-05 	1.04508e-05
1.26813 	0.0188366 	-2.7605e-05 	1.12289e-05
1.26963 	0.0188545 	-2.6972e-05 	1.20069e-05
1.27114 	0.0188725 	-2.63389e-05 	1.2785e-05
1.27264 	0.0188905 	-2.57059e-05 	1.3563e-05
1.27414 	0.0189085 	-2.50729e-05 	1.43411e-05
1.27564 	0.0189265 	-2.44398e-05 	1.51192e-05
1.27714 	0.0189444 	-2.38068e-05 	1.58972e-05
1.27864 	0.0189624 	-2.31737e-05 	1.66753e-05
1.28014 	0.0189804 	-2.25407e-05 	1.74534e-05
1.28164 	0.0189992 	-2.18041e-05 	1.82432e-05
1.28314 	0.0190192 	-2.09001e-05 	1.90521e-05
1.28464 	0.0190393 	-1.9996e-05 	1.98609e-05
1.28614 	0.0190594 	-1.9092e-05 	2.06698e-05
1.28764 	0.0190795 	-1.8188e-05 	2.14786e-05
1.28914 	0.0190995 	-1.7284e-05 	2.22875e-05
1.29065 	0.0191196 	-1.638e-05 	2.30964e-05
1.29215 	0.0191397 	-1.5476e-05 	2.39052e-05
1.29365 	0.0191597 	-1.4572e-05 	2.47141e-05
1.29515 	0.0191798 	-1.3668e-05 	2.5523e-05
1.29665 	0.0191999 	-1.2764e-05 	2.63318e-05
1.29815 	0.01922 	-1.186e-05 	2.71407e-05
1.29965 	0.01924 	-1.09559e-05 	2.79495e-05
1.30115 	0.0192601 	-1.00519e-05 	2.87584e-05
1.30265 	0.0192802 	-9.14793e-06 	2.95673e-05
1.30415 	0.0193002 	-8.24392e-06 	3.03761e-05
1.30565 	0.0193203 	-7.33991e-06 	3.1185e-05
1.30715 	0.0193404 	-6.4359e-06 	3.19939e-05
1.30865 	0.0193605 	-5.53189e-06 	3.28027e-05
1.31016 	0.0193808 	-4.43708e-06 	3.35897e-05
1.31166 	0.0194013 	-3.28173e-06 	3.43697e-05
1.31316 	0.0194218 	-2.12637e-06 	3.51497e-05
1.31466 	0.0194423 	-9.7102e-07 	3.59297e-05
1.31616 	0.0194628 	1.84333e-07 	3.67097e-05
1.31766 	0.0194833 	1.33969e-06 	3.74897e-05
1.31916 	0.0195037 	2.49504e-06 	3.82697e-05
1.32066 	0.0195242 	3.65039e-06 	3.90497e-05
1.32216 	0.0195447 	4.80574e-06 	3.98296e-05
1.32366 	0.0195652 	5.9611e-06 	4.06096e-05
1.32516 	0.0195857 	7.11645e-06 	4.13896e-05
1.32666 	0.0196061 	8.2718e-06 	4.21696e-05
1.32816 	0.0196266 	9.42715e-06 	4.29496e-05
1.32966 	0.0196466 	1.0333e-05 	4.37233e-05
1.33117 	0.0196666 	1.12278e-05 	4.44966e-05
1.33267 	0.0196865 	1.21227e-05 	4.527e-05
1.33417 	0.0197065 	1.30175e-05 	4.60433e-05
1.33567 	0.0197265 	1.39124e-05 	4.68166e-05
1.33717 	0.0197464 	1.48072e-05 	4.759e-05
1.33867 	0.0197664 	1.5702e-05 	4.83633e-05
1.34017 	0.0197863 	1.65969e-05 	4.91367e-05
1.34167 	0.0198063 	1.74917e-05 	4.991e-05
1.34317 	0.0198263 	1.83866e-05 	5.06834e-05
1.34467 	0.0198462 	1.92814e-05 	5.14567e-05
1.34617 	0.019866 	2.02282e-05 	5.21459e-05
1.34767 	0.0198855 	2.12858e-05 	5.26558e-05
1.34917 	0.019905 	2.23434e-05 	5.31658e-05
1.35068 	0.0199244 	2.3401e-05 	5.36758e-05
1.35218 	0.0199439 	2.44585e-05 	5.41858e-05
1.35368 	0.0199634 	2.55161e-05 	5.46957e-05
1.35518 	0.0199828 	2.65737e-05 	5.52057e-05
1.35668 	0.0200023 	2.76312e-05 	5.57157e-05
1.35818 	0.0200218 	2.86888e-05 	5.62256e-05
1.35968 	0.0200413 	2.97464e-05 	5.67356e-05
1.36118 	0.0200607 	3.08039e-05 	5.72456e-05
1.36268 	0.0200802 	3.18615e-05 	5.77555e-05
1.36418 	0.0200997 	3.29191e-05 	5.82655e-05
1.36568 	0.0201191 	3.39767e-05 	5.87755e-05
1.36718 	0.0201386 	3.50342e-05 	5.92855e-05
1.36868 	0.0201581 	3.60918e-05 	5.97954e-05
1.37019 	0.0201775 	3.71494e-05 	6.03054e-05
1.37169 	0.020197 	3.82069e-05 	6.08154e-05
1.37319 	0.0202165 	3.92645e-05 	6.13253e-05
1.37469 	0.0202359 	4.03221e-05 	6.18353e-05
1.37619 	0.0202554 	4.13796e-05 	6.23453e-05
1.37769 	0.0202749 	4.24372e-05 	6.28552e-05
1.37919 	0.0202943 	4.34948e-05 	6.33652e-05
1.38069 	0.0203138 	4.45524e-05 	6.38752e-05
1.38219 	0.0203332 	4.57804e-05 	6.42233e-05
1.38369 	0.0203525 	4.70696e-05 	6.45133e-05
1.38519 	0.0203719 	4.83587e-05 	6.48034e-05
1.38669 	0.0203913 	4.96479e-05 	6.50934e-05
1.38819 	0.0204106 	5.09371e-05 	6.53835e-05
1.38969 	0.02043 	5.22262e-05 	6.56735e-05
1.3912 	0.0204493 	5.35154e-05 	6.59636e-05
1.3927 	0.0204687 	5.48046e-05 	6.62536e-05
1.3942 	0.0204881 	5.60937e-05 	6.65437e-05
1.3957 	0.0205074 	5.73829e-05 	6.68337e-05
1.3972 	0.0205268 	5.86116e-05 	6.71323e-05
1.3987 	0.0205463 	5.97249e-05 	6.7447e-05
1.4002 	0.0205657 	6.08382e-05 	6.77618e-05
1.4017 	0.0205852 	6.19515e-05 	6.80766e-05
1.4032 	0.0206046 	6.30647e-05 	6.83914e-05
1.4047 	0.0206241 	6.4178e-05 	6.87061e-05
1.4062 	0.0206435 	6.52913e-05 	6.90209e-05
1.4077 	0.020663 	6.64045e-05 	6.93357e-05
1.4092 	0.0206825 	6.75178e-05 	6.96504e-05
1.41071 	0.0207019 	6.86311e-05 	6.99652e-05
1.41221 	0.0207189 	6.96495e-05 	7.02071e-05
1.41371 	0.0207358 	7.06618e-05 	7.04442e-05
1.41521 	0.0207526 	7.1674e-05 	7.06814e-05
1.41671 	0.0207694 	7.26863e-05 	7.09185e-05
1.41821 	0.0207863 	7.36986e-05 	7.11557e-05
1.41971 	0.0208031 	7.47109e-05 	7.13929e-05
1.42121 	0.02082 	7.57232e-05 	7.163e-05
1.42271 	0.0208368 	7.67355e-05 	7.18672e-05
1.42421 	0.0208536 	7.77478e-05 	7.21043e-05
1.42571 	0.0208705 	7.876e-05 	7.23415e-05
1.42721 	0.0208873 	7.97723e-05 	7.25786e-05
1.42871 	0.0209042 	8.07846e-05 	7.28158e-05
1.43022 	0.020921 	8.17969e-05 	7.30529e-05
1.43172 	0.0209379 	8.28092e-05 	7.32901e-05
1.43322 	0.0209547 	8.38215e-05 	7.35272e-05
1.43472 	0.0209715 	8.48338e-05 	7.37644e-05
1.43622 	0.0209884 	8.5846e-05 	7.40015e-05
1.43772 	0.0210052 	8.68583e-05 	7.42387e-05
1.43922 	0.0210221 	8.78706e-05 	7.44759e-05
1.44072 	0.0210389 	8.88829e-05 	7.4713e-05
1.44222 	0.0210558 	8.98952e-05 	7.49502e-05
1.44372 	0.0210726 	9.09075e-05 	7.51873e-05
1.44522 	0.0210894 	9.19198e-05 	7.54245e-05
1.44672 	0.0211063 	9.2932e-05 	7.56616e-05
1.44822 	0.0211231 	9.39443e-05 	7.58988e-05
1.44972 	0.02114 	9.49566e-05 	7.61359e-05
1.45123 	0.0211568 	9.59689e-05 	7.63731e-05
1.45273 	0.0211736 	9.69812e-05 	7.66102e-05
1.45423 	0.0211902 	9.80054e-05 	7.68307e-05
1.45573 	0.0212062 	9.90511e-05 	7.70211e-05
1.45723 	0.0212222 	0.000100097 	7.72116e-05
1.45873 	0.0212382 	0.000101142 	7.7402e-05
1.46023 	0.0212542 	0.000102188 	7.75924e-05
1.46173 	0.0212702 	0.000103234 	7.77828e-05
1.46323 	0.0212862 	0.000104279 	7.79732e-05
1.46473 	0.0213021 	0.000105325 	7.81636e-05
1.46623 	0.0213195 	0.000106381 	7.83822e-05
1.46773 	0.0213384 	0.000107447 	7.86317e-05
1.46923 	0.0213573 	0.000108514 	7.88813e-05
1.47074 	0.0213761 	0.00010958 	7.91308e-05
1.47224 	0.021395 	0.000110646 	7.93803e-05
1.47374 	0.0214139 	0.000111713 	7.96299e-05
1.47524 	0.0214328 	0.000112779 	7.98794e-05
1.47674 	0.02145 	0.000113768 	8.00594e-05
1.47824 	0.0214643 	0.000114629 	8.01236e-05
1.47974 	0.0214787 	0.000115489 	8.01878e-05
1.48124 	0.021493 	0.00011635 	8.0252e-05
1.48274 	0.0215074 	0.00011721 	8.03162e-05
1.48424 	0.0215218 	0.000118071 	8.03804e-05
1.48574 	0.0215361 	0.000118931 	8.04446e-05
1.48724 	0.0215505 	0.000119792 	8.05088e-05
1.48874 	0.0215648 	0.000120652 	8.0573e-05
1.49025 	0.0215792 	0.000121512 	8.06372e-05
1.49175 	0.0215936 	0.000122373 	8.07014e-05
1.49325 	0.0216079 	0.000123233 	8.07656e-05
1.49475 	0.0216223 	0.000124094 	8.08298e-05
1.49625 	0.0216367 	0.000124954 	8.08941e-05
1.49775 	0.021651 	0.000125815 	8.09583e-05
1.49925 	0.0216654 	0.000126675 	8.10225e-05
1.50075 	0.0216797 	0.000127536 	8.10867e-05
1.50225 	0.0216941 	0.000128396 	8.11509e-05
1.50375 	0.0217085 	0.000129256 	8.12151e-05
1.50525 	0.0217228 	0.000130117 	8.12793e-05
1.50675 	0.0217372 	0.000130977 	8.13435e-05
1.50825 	0.0217515 	0.000131838 	8.14077e-05
1.50975 	0.0217659 	0.000132698 	8.14719e-05
1.51126 	0.0217803 	0.000133559 	8.15361e-05
1.51276 	0.0217946 	0.000134419 	8.16003e-05
1.51426 	0.021809 	0.00013528 	8.16645e-05
1.51576 	0.0218234 	0.00013614 	8.17287e-05
1.51726 	0.0218377 	0.000137 	8.17929e-05
1.51876 	0.0218521 	0.000137861 	8.18571e-05
1.52026 	0.0218664 	0.000138721 	8.19213e-05
1.52176 	0.0218808 	0.000139582 	8.19855e-05
1.52326 	0.0218952 	0.000140442 	8.20497e-05
1.52476 	0.0219095 	0.000141303 	8.2114e-05
1.52626 	0.0219239 	0.000142163 	8.21782e-05
1.52776 	0.0219359 	0.000142977 	8.20756e-05
1.52926 	0.0219474 	0.00014378 	8.19381e-05
1.53077 	0.0219589 	0.000144584 	8.18007e-05
1.53227 	0.0219704 	0.000145387 	8.16633e-05
1.53377 	0.021982 	0.000146191 	8.15259e-05
1.53527 	0.0219936 	0.000146936 	8.14333e-05
1.53677 	0.0220052 	0.000147629 	8.13815e-05
1.53827 	0.0220169 	0.000148321 	8.13297e-05
1.53977 	0.0220285 	0.000149014 	8.12779e-05
1.54127 	0.0220402 	0.000149707 	8.12262e-05
1.54277 	0.0220545 	0.000150512 	8.10829e-05
1.54427 	0.0220696 	0.000151352 	8.09115e-05
1.54577 	0.0220848 	0.000152192 	8.074e-05
1.54727 	0.0221 	0.000153031 	8.05685e-05
1.54877 	0.0221151 	0.000153871 	8.0397e-05
1.55028 	0.0221303 	0.000154711 	8.02256e-05
1.55178 	0.0221454 	0.000155551 	8.00541e-05
1.55328 	0.0221606 	0.000156391 	7.98826e-05
1.55478 	0.0221757 	0.000157231 	7.97111e-05
1.55628 	0.0221909 	0.000158071 	7.95397e-05
1.55778 	0.022206 	0.000158911 	7.93682e-05
1.55928 	0.0222212 	0.000159751 	7.91967e-05
1.56078 	0.0222363 	0.00016059 	7.90253e-05
1.56228 	0.0222515 	0.00016143 	7.88538e-05
1.56378 	0.0222666 	0.00016227 	7.86823e-05
1.56528 	0.0222818 	0.00016311 	7.85108e-05
1.56678 	0.0222969 	0.00016395 	7.83394e-05
1.56828 	0.0223121 	0.00016479 	7.81679e-05
1.56978 	0.0223272 	0.00016563 	7.79964e-05
1.57129 	0.0223424 	0.00016647 	7.78249e-05
1.57279 	0.0223575 	0.000167309 	7.76535e-05
1.57429 	0.0223727 	0.000168149 	7.7482e-05
1.57579 	0.0223878 	0.000168989 	7.73105e-05
1.57729 	0.022403 	0.000169829 	7.7139e-05
1.57879 	0.0224181 	0.000170669 	7.69676e-05
1.58029 	0.0224333 	0.000171509 	7.67961e-05
1.58179 	0.0224484 	0.000172349 	7.66246e-05
1.58329 	0.0224636 	0.000173189 	7.64531e-05
1.58479 	0.0224787 	0.000174029 	7.62817e-05
1.58629 	0.0224939 	0.000174868 	7.61102e-05
1.58779 	0.022509 	0.000175708 	7.59387e-05
1.58929 	0.0225242 	0.000176548 	7.57672e-05
1.5908 	0.0225393 	0.000177388 	7.55958e-05
1.5923 	0.0225545 	0.000178228 	7.54243e-05
1.5938 	0.0225696 	0.000179068 	7.52528e-05
1.5953 	0.0225848 	0.000179908 	7.50813e-05
1.5968 	0.0225999 	0.000180748 	7.49099e-05
1.5983 	0.0226151 	0.000181587 	7.47384e-05
1.5998 	0.0226309 	0.000182487 	7.45262e-05
1.6013 	0.022648 	0.000183495 	7.42404e-05
1.6028 	0.0226651 	0.000184502 	7.39546e-05
1.6043 	0.0226803 	0.000185358 	7.36882e-05
1.6058 	0.0226946 	0.000186135 	7.34319e-05
1.6073 	0.0227091 	0.000186914 	7.31947e-05
1.6088 	0.0227245 	0.0001877 	7.30173e-05
1.61031 	0.0227398 	0.000188487 	7.28399e-05
1.61181 	0.0227552 	0.000189273 	7.26625e-05
1.61331 	0.0227706 	0.00019006 	7.2485e-05
1.61481 	0.022786 	0.000190846 	7.23076e-05
1.61631 	0.0228013 	0.000191633 	7.21302e-05
1.61781 	0.0228167 	0.00019242 	7.19528e-05
1.61931 	0.0228321 	0.000193206 	7.17754e-05
1.62081 	0.0228474 	0.000193993 	7.1598e-05
1.62231 	0.0228628 	0.000194779 	7.14206e-05
1.62381 	0.0228782 	0.000195566 	7.12432e-05
1.62531 	0.0228936 	0.000196352 	7.10658e-05
1.62681 	0.0229089 	0.000197139 	7.08883e-05
1.62831 	0.0229243 	0.000197925 	7.07109e-05
1.62981 	0.0229397 	0.000198712 	7.05335e-05
1.63132 	0.022955 	0.000199499 	7.03561e-05
1.63282 	0.0229704 	0.000200285 	7.01787e-05
1.63432 	0.0229858 	0.000201072 	7.00013e-05
1.63582 	0.0230012 	0.000201858 	6.98239e-05
1.63732 	0.0230165 	0.000202645 	6.96465e-05
1.63882 	0.0230319 	0.000203431 	6.94691e-05
1.64032 	0.0230473 	0.000204218 	6.92917e-05
1.64182 	0.0230626 	0.000205004 	6.91142e-05
1.64332 	0.023078 	0.000205791 	6.89368e-05
1.64482 	0.0230934 	0.000206577 	6.87594e-05
1.64632 	0.0231088 	0.000207364 	6.8582e-05
1.64782 	0.0231241 	0.000208151 	6.84046e-05
1.64932 	0.0231395 	0.000208937 	6.82272e-05
1.65083 	0.0231549 	0.000209724 	6.80498e-05
1.65233 	0.0231702 	0.00021051 	6.78724e-05
1.65383 	0.0231856 	0.000211297 	6.7695e-05
1.65533 	0.023201 	0.000212083 	6.75175e-05
1.65683 	0.0232164 	0.00021287 	6.73401e-05
1.65833 	0.0232317 	0.000213656 	6.71627e-05
1.65983 	0.0232471 	0.000214443 	6.69853e-05
1.66133 	0.0232625 	0.00021523 	6.68079e-05
1.66283 	0.0232778 	0.000216016 	6.66305e-05
1.66433 	0.0232932 	0.000216803 	6.64531e-05
1.66583 	0.0233086 	0.000217589 	6.62757e-05
1.66733 	0.023324 	0.000218376 	6.60983e-05
1.66883 	0.0233393 	0.000219162 	6.59209e-05
1.67034 	0.0233547 	0.000219949 	6.57434e-05
1.67184 	0.02337 	0.00022074 	6.55846e-05
1.67334 	0.0233842 	0.000221428 	6.57232e-05
1.67484 	0.0233983 	0.000222111 	6.5872e-05
1.67634 	0.0234125 	0.0002228 	6.59993e-05
1.67784 	0.0234267 	0.000223489 	6.61266e-05
1.67934 	0.023441 	0.000224177 	6.62539e-05
1.68084 	0.0234552 	0.000224866 	6.63812e-05
1.68234 	0.0234694 	0.000225555 	6.65085e-05
1.68384 	0.0234836 	0.000226243 	6.66357e-05
1.68534 	0.0234978 	0.000226932 	6.6763e-05
1.68684 	0.023512 	0.000227621 	6.68903e-05
1.68834 	0.0235263 	0.000228309 	6.70176e-05
1.68984 	0.0235405 	0.000228998 	6.71449e-05
1.69135 	0.0235547 	0.000229687 	6.72722e-05
1.69285 	0.0235689 	0.000230376 	6.73995e-05
1.69435 	0.0235831 	0.000231064 	6.75268e-05
1.69585 	0.0235973 	0.000231753 	6.76541e-05
1.69735 	0.0236116 	0.000232442 	6.77814e-05
1.69885 	0.0236258 	0.00023313 	6.79086e-05
1.70035 	0.02364 	0.000233819 	6.80359e-05
1.70185 	0.0236542 	0.000234508 	6.81632e-05
1.70335 	0.0236684 	0.000235196 	6.82905e-05
1.70485 	0.0236826 	0.000235885 	6.84178e-05
1.70635 	0.0236969 	0.000236574 	6.85451e-05
1.70785 	0.0237111 	0.000237262 	6.86724e-05
1.70935 	0.0237253 	0.000237951 	6.87997e-05
1.71086 	0.0237395 	0.00023864 	6.8927e-05
1.71236 	0.0237537 	0.000239329 	6.90542e-05
1.71386 	0.0237679 	0.000240017 	6.91815e-05
1.71536 	0.0237822 	0.000240706 	6.93088e-05
1.71686 	0.0237964 	0.000241395 	6.94361e-05
1.71836 	0.0238106 	0.000242083 	6.95634e-05
1.71986 	0.0238248 	0.000242772 	6.96907e-05
1.72136 	0.023839 	0.000243461 	6.9818e-05
1.72286 	0.0238532 	0.000244149 	6.99453e-05
1.72436 	0.0238674 	0.000244838 	7.00726e-05
1.72586 	0.0238817 	0.000245527 	7.01999e-05
1.72736 	0.0238959 	0.000246216 	7.03271e-05
1.72886 	0.0239101 	0.000246904 	7.04544e-05
1.73037 	0.0239243 	0.000247593 	7.05817e-05
1.73187 	0.0239385 	0.000248282 	7.0709e-05
1.73337 	0.0239527 	0.00024897 	7.08363e-05
1.73487 	0.023967 	0.000249659 	7.09636e-05
1.73637 	0.0239811 	0.000250323 	7.11018e-05
1.73787 	0.0239947 	0.000250451 	7.14767e-05
1.73937 	0.0240083 	0.000250579 	7.18517e-05
1.74087 	0.0240218 	0.000251437 	7.22154e-05
1.74237 	0.0240354 	0.000252428 	7.25771e-05
1.74387 	0.0240486 	0.000253233 	7.29188e-05
1.74537 	0.0240613 	0.000253792 	7.32339e-05
1.74687 	0.0240741 	0.00025435 	7.3549e-05
1.74837 	0.0240868 	0.000254909 	7.38642e-05
1.74987 	0.0240996 	0.000255467 	7.41793e-05
1.75138 	0.0241123 	0.000256026 	7.44944e-05
1.75288 	0.0241251 	0.000256584 	7.48095e-05
1.75438 	0.0241378 	0.000257143 	7.51246e-05
1.75588 	0.0241506 	0.000257701 	7.54397e-05
1.75738 	0.0241633 	0.00025826 	7.57548e-05
1.75888 	0.0241761 	0.000258818 	7.607e-05
1.76038 	0.0241888 	0.000259376 	7.63851e-05
1.76188 	0.0242016 	0.000259935 	7.67002e-05
1.76338 	0.0242143 	0.000260493 	7.70153e-05
1.76488 	0.0242271 	0.000261052 	7.73304e-05
1.76638 	0.0242399 	0.00026161 	7.76455e-05
1.76788 	0.0242526 	0.000262169 	7.79606e-05
1.76938 	0.0242654 	0.000262727 	7.82758e-05
1.77089 	0.0242781 	0.000263286 	7.85909e-05
1.77239 	0.0242909 	0.000263844 	7.8906e-05
1.77389 	0.0243036 	0.000264403 	7.92211e-05
1.77539 	0.0243164 	0.000264961 	7.95362e-05
1.77689 	0.0243291 	0.00026552 	7.98513e-05
1.77839 	0.0243419 	0.000266078 	8.01664e-05
1.77989 	0.0243546 	0.000266637 	8.04816e-05
1.78139 	0.0243674 	0.000267195 	8.07967e-05
1.78289 	0.0243801 	0.000267754 	8.11118e-05
1.78439 	0.0243929 	0.000268312 	8.14269e-05
1.78589 	0.0244056 	0.000268871 	8.1742e-05
1.78739 	0.0244184 	0.000269429 	8.20571e-05
1.78889 	0.0244312 	0.000269988 	8.23722e-05
1.7904 	0.0244439 	0.000270546 	8.26874e-05
1.7919 	0.0244567 	0.000271105 	8.30025e-05
1.7934 	0.0244694 	0.000271663 	8.33176e-05
1.7949 	0.0244822 	0.000272222 	8.36327e-05
1.7964 	0.0244949 	0.00027278 	8.39478e-05
1.7979 	0.0245077 	0.000273339 	8.42629e-05
1.7994 	0.0245204 	0.000273897 	8.4578e-05
1.8009 	0.0245318 	0.000273773 	8.48624e-05
1.8024 	0.0245423 	0.000273275 	8.51299e-05
1.8039 	0.0245529 	0.000272776 	8.53974e-05
1.8054 	0.0245634 	0.000272278 	8.56649e-05
1.8069 	0.0245746 	0.000272177 	8.59468e-05
1.8084 	0.024588 	0.000273432 	8.6278e-05
1.8099 	0.0246014 	0.000274688 	8.66092e-05
1.81141 	0.0246148 	0.000275943 	8.69404e-05
1.81291 	0.0246282 	0.000277198 	8.72715e-05
1.81441 	0.0246404 	0.000278114 	8.75536e-05
1.81591 	0.0246508 	0.000278504 	8.7759e-05
1.81741 	0.0246612 	0.000278893 	8.79645e-05
1.81891 	0.0246716 	0.000279282 	8.817e-05
1.82041 	0.024682 	0.000279671 	8.83754e-05
1.82191 	0.0246924 	0.00028006 	8.85809e-05
1.82341 	0.0247027 	0.00028045 	8.87864e-05
1.82491 	0.0247131 	0.000280839 	8.89918e-05
1.82641 	0.0247235 	0.000281228 	8.91973e-05
1.82791 	0.0247339 	0.000281617 	8.94028e-05
1.82941 	0.0247443 	0.000282006 	8.96082e-05
1.83092 	0.0247547 	0.000282396 	8.98137e-05
1.83242 	0.0247651 	0.000282785 	9.00192e-05
1.83392 	0.0247754 	0.000283174 	9.02247e-05
1.83542 	0.0247858 	0.000283563 	9.04301e-05
1.83692 	0.0247962 	0.000283953 	9.06356e-05
1.83842 	0.0248066 	0.000284342 	9.08411e-05
1.83992 	0.024817 	0.000284731 	9.10465e-05
1.84142 	0.0248274 	0.00028512 	9.1252e-05
1.84292 	0.0248378 	0.000285509 	9.14575e-05
1.84442 	0.0248481 	0.000285899 	9.16629e-05
1.84592 	0.0248585 	0.000286288 	9.18684e-05
1.84742 	0.0248689 	0.000286677 	9.20739e-05
1.84892 	0.0248793 	0.000287066 	9.22794e-05
1.85043 	0.0248897 	0.000287456 	9.24848e-05
1.85193 	0.0249001 	0.000287845 	9.26903e-05
1.85343 	0.0249105 	0.000288234 	9.28958e-05
1.85493 	0.0249208 	0.000288623 	9.31012e-05
1.85643 	0.0249312 	0.000289012 	9.33067e-05
1.85793 	0.0249416 	0.000289402 	9.35122e-05
1.85943 	0.024952 	0.000289791 	9.37176e-05
1.86093 	0.0249624 	0.00029018 	9.39231e-05
1.86243 	0.0249728 	0.000290569 	9.41286e-05
1.86393 	0.0249794 	0.00029005 	9.42075e-05
1.86543 	0.0249854 	0.000289396 	9.42675e-05
1.86693 	0.0249914 	0.000288742 	9.43275e-05
1.86843 	0.0249974 	0.000288088 	9.43875e-05
1.86993 	0.0250035 	0.000287434 	9.44475e-05
1.87144 	0.0250095 	0.00028678 	9.45076e-05
1.87294 	0.0250157 	0.00028668 	9.45788e-05
1.87444 	0.0250224 	0.000287682 	9.46725e-05
1.87594 	0.0250292 	0.000288685 	9.47662e-05
1.87744 	0.0250359 	0.000289687 	9.48599e-05
1.87894 	0.0250426 	0.00029069 	9.49536e-05
1.88044 	0.0250493 	0.000291692 	9.50473e-05
1.88194 	0.025056 	0.000292695 	9.5141e-05
1.88344 	0.025063 	0.000293451 	9.52446e-05
1.88494 	0.0250713 	0.000293338 	9.53829e-05
1.88644 	0.0250795 	0.000293225 	9.55213e-05
1.88794 	0.0250878 	0.000293112 	9.56596e-05
1.88944 	0.0250961 	0.000292999 	9.5798e-05
1.89095 	0.0251043 	0.000292886 	9.59363e-05
1.89245 	0.0251126 	0.000292773 	9.60746e-05
1.89395 	0.0251209 	0.00029266 	9.6213e-05
1.89545 	0.0251291 	0.000292547 	9.63513e-05
1.89695 	0.0251374 	0.000292434 	9.64897e-05
1.89845 	0.0251457 	0.000292321 	9.6628e-05
1.89995 	0.0251539 	0.000292208 	9.67663e-05
1.90145 	0.0251622 	0.000292095 	9.69047e-05
1.90295 	0.0251705 	0.000291982 	9.7043e-05
1.90445 	0.0251787 	0.000291869 	9.71814e-05
1.90595 	0.025187 	0.000291756 	9.73197e-05
1.90745 	0.0251952 	0.000291643 	9.7458e-05
1.90895 	0.0252035 	0.00029153 	9.75964e-05
1.91046 	0.0252118 	0.000291417 	9.77347e-05
1.91196 	0.02522 	0.000291304 	9.78731e-05
1.91346 	0.0252283 	0.000291191 	9.80114e-05
1.91496 	0.0252366 	0.000291078 	9.81497e-05
1.91646 	0.0252448 	0.000290965 	9.82881e-05
1.91796 	0.0252531 	0.000290852 	9.84264e-05
1.91946 	0.0252614 	0.000290739 	9.85648e-05
1.92096 	0.0252696 	0.000290626 	9.87031e-05
1.92246 	0.0252779 	0.000290513 	9.88414e-05
1.92396 	0.0252862 	0.0002904 	9.89798e-05
1.92546 	0.0252968 	0.000289227 	9.91582e-05
1.92696 	0.025308 	0.000287839 	9.93447e-05
1.92846 	0.0253192 	0.00028645 	9.95313e-05
1.92996 	0.0253303 	0.000285062 	9.97178e-05
1.93147 	0.0253415 	0.000283673 	9.99043e-05
1.93297 	0.0253526 	0.000282285 	0.000100091
1.93447 	0.0253638 	0.000280896 	0.000100277
1.93597 	0.025375 	0.000279508 	0.000100464
1.93747 	0.0253855 	0.000278107 	0.000100642
1.93897 	0.0253944 	0.000276677 	0.000100803
1.94047 	0.0254034 	0.000275248 	0.000100964
1.94197 	0.0254124 	0.000273819 	0.000101124
1.94347 	0.0254214 	0.00027239 	0.000101285
1.94497 	0.0254304 	0.000270961 	0.000101445
1.94647 	0.0254394 	0.000269532 	0.000101606
1.94797 	0.0254484 	0.000268103 	0.000101767
1.94947 	0.0254574 	0.000266674 	0.000101927
1.95098 	0.0254663 	0.000265344 	0.000102084
1.95248 	0.0254752 	0.000265071 	0.000102206
1.95398 	0.025484 	0.000264798 	0.000102327
1.95548 	0.0254929 	0.000264524 	0.000102448
1.95698 	0.0255017 	0.000264251 	0.00010257
1.95848 	0.0255106 	0.000263978 	0.000102691
1.95998 	0.0255194 	0.000263705 	0.000102812
1.96148 	0.0255283 	0.000263431 	0.000102934
1.96298 	0.0255371 	0.000263158 	0.000103055
1.96448 	0.025546 	0.000262885 	0.000103176
1.96598 	0.0255548 	0.000262612 	0.000103298
1.96748 	0.0255637 	0.000262338 	0.000103419
1.96898 	0.0255725 	0.000262065 	0.00010354
1.97049 	0.0255814 	0.000261792 	0.000103662
1.97199 	0.0255902 	0.000261518 	0.000103783
1.97349 	0.0255991 	0.000261245 	0.000103904
1.97499 	0.0256079 	0.000260972 	0.000104026
1.97649 	0.0256168 	0.000260699 	0.000104147
1.97799 	0.0256256 	0.000260425 	0.000104268
1.97949 	0.0256345 	0.000260152 	0.00010439
1.98099 	0.0256433 	0.000259879 	0.000104511
1.98249 	0.0256522 	0.000259606 	0.000104632
1.98399 	0.025661 	0.000259332 	0.000104754
1.98549 	0.0256705 	0.000259825 	0.00010486
1.98699 	0.0256803 	0.000260759 	0.000104958
1.98849 	0.0256901 	0.000261693 	0.000105056
1.98999 	0.0256999 	0.000262627 	0.000105154
1.9915 	0.0257097 	0.000263561 	0.000105252
1.993 	0.0257195 	0.000264495 	0.00010535
1.9945 	0.0257293 	0.000265428 	0.000105448
1.996 	0.0257391 	0.000266362 	0.000105546
1.9975 	0.0257489 	0.000267296 	0.000105644
1.999 	0.0257587 	0.00026823 	0.000105742
2.0005 	0.0257684 	0.000268721 	0.00010584
2.002 	0.025778 	0.000268075 	0.00010594
2.0035 	0.0257875 	0.000267429 	0.000106039
2.005 	0.025797 	0.000266783 	0.000106139
2.0065 	0.0258066 	0.000266137 	0.000106238
2.008 	0.0258161 	0.000265491 	0.000106338
2.0095 	0.0258257 	0.000264845 	0.000106437
2.01101 	0.0258352 	0.000264199 	0.000106537
2.01251 	0.0258448 	0.000263553 	0.000106636
2.01401 	0.0258543 	0.000262907 	0.000106735
2.01551 	0.0258638 	0.000262261 	0.000106835
2.01701 	0.0258733 	0.000261718 	0.000106925
2.01851 	0.0258825 	0.000261821 	0.00010696
2.02001 	0.0258917 	0.000261924 	0.000106994
2.02151 	0.0259008 	0.000262027 	0.000107028
2.02301 	0.02591 	0.00026213 	0.000107062
2.02451 	0.0259192 	0.000262233 	0.000107097
2.02601 	0.0259284 	0.000262336 	0.000107131
2.02751 	0.0259375 	0.000262439 	0.000107165
2.02901 	0.0259467 	0.000262542 	0.0001072
2.03052 	0.0259559 	0.000262645 	0.000107234
2.03202 	0.025965 	0.000262748 	0.000107268
2.03352 	0.0259742 	0.000262851 	0.000107302
2.03502 	0.0259834 	0.000262954 	0.000107337
2.03652 	0.0259926 	0.000263057 	0.000107371
2.03802 	0.0260017 	0.00026316 	0.000107405
2.03952 	0.0260109 	0.000263263 	0.000107439
2.04102 	0.0260201 	0.000263366 	0.000107474
2.04252 	0.0260292 	0.000263469 	0.000107508
2.04402 	0.0260382 	0.000263858 	0.000107519
2.04552 	0.0260469 	0.000264713 	0.000107493
2.04702 	0.0260556 	0.000265568 	0.000107467
2.04852 	0.0260643 	0.000266423 	0.000107441
2.05003 	0.026073 	0.000267278 	0.000107415
2.05153 	0.0260817 	0.000268133 	0.000107389
2.05303 	0.0260904 	0.000268988 	0.000107363
2.05453 	0.0260991 	0.000269843 	0.000107338
2.05603 	0.0261078 	0.000270698 	0.000107312
2.05753 	0.0261165 	0.000271553 	0.000107286
2.05903 	0.0261251 	0.000272408 	0.00010726
2.06053 	0.0261338 	0.000273263 	0.000107234
2.06203 	0.0261425 	0.000273557 	0.000107202
2.06353 	0.026151 	0.000272865 	0.000107158
2.06503 	0.0261596 	0.000272173 	0.000107115
2.06653 	0.0261681 	0.000271482 	0.000107072
2.06803 	0.0261767 	0.00027079 	0.000107029
2.06953 	0.0261852 	0.000270098 	0.000106986
2.07104 	0.0261938 	0.000269407 	0.000106943
2.07254 	0.0262023 	0.000268715 	0.0001069
2.07404 	0.0262109 	0.000268023 	0.000106857
2.07554 	0.0262194 	0.000267332 	0.000106814
2.07704 	0.026228 	0.00026664 	0.000106771
2.07854 	0.0262365 	0.000265948 	0.000106728
2.08004 	0.026245 	0.000265257 	0.000106685
2.08154 	0.0262534 	0.000264772 	0.000106598
2.08304 	0.0262616 	0.000264489 	0.000106471
2.08454 	0.0262698 	0.000264205 	0.000106343
2.08604 	0.0262779 	0.000263922 	0.000106215
2.08754 	0.0262861 	0.000263639 	0.000106087
2.08904 	0.0262943 	0.000263355 	0.000105959
2.09055 	0.0263024 	0.000263072 	0.000105831
2.09205 	0.0263106 	0.000262788 	0.000105703
2.09355 	0.0263188 	0.000262505 	0.000105575
2.09505 	0.026327 	0.000262221 	0.000105447
2.09655 	0.0263351 	0.000261938 	0.000105319
2.09805 	0.0263433 	0.000261655 	0.000105191
2.09955 	0.0263515 	0.000261371 	0.000105063
2.10105 	0.0263595 	0.000261204 	0.000104924
2.10255 	0.0263666 	0.000261669 	0.000104725
2.10405 	0.0263737 	0.000262133 	0.000104526
2.10555 	0.0263809 	0.000262598 	0.000104327
2.10705 	0.026388 	0.000263063 	0.000104128
2.10855 	0.0263951 	0.000263527 	0.000103929
2.11006 	0.0264022 	0.000263992 	0.00010373
2.11156 	0.0264094 	0.000264457 	0.000103531
2.11306 	0.0264165 	0.000264921 	0.000103332
2.11456 	0.0264236 	0.000265386 	0.000103133
2.11606 	0.0264307 	0.000265851 	0.000102934
2.11756 	0.0264379 	0.000266315 	0.000102734
2.11906 	0.026445 	0.00026678 	0.000102535
2.12056 	0.0264521 	0.000267245 	0.000102336
2.12206 	0.02646 	0.00026714 	0.000102093
2.12356 	0.0264684 	0.000266741 	0.000101826
2.12506 	0.0264767 	0.000266342 	0.000101559
2.12656 	0.0264851 	0.000265942 	0.000101293
2.12806 	0.0264934 	0.000265543 	0.000101026
2.12956 	0.0265017 	0.000265144 	0.000100759
2.13107 	0.0265101 	0.000264744 	0.000100493
2.13257 	0.0265184 	0.000264345 	0.000100226
2.13407 	0.0265267 	0.000263946 	9.99592e-05
2.13557 	0.0265351 	0.000263546 	9.96925e-05
2.13707 	0.0265434 	0.000263147 	9.94258e-05
2.13857 	0.0265518 	0.000262748 	9.91591e-05
2.14007 	0.0265601 	0.000262348 	9.88924e-05
2.14157 	0.0265684 	0.000261949 	9.86258e-05
2.14307 	0.0265763 	0.000261579 	9.83626e-05
2.14457 	0.026583 	0.000261273 	9.81074e-05
2.14607 	0.0265898 	0.000260967 	9.78521e-05
2.14757 	0.0265965 	0.000260661 	9.75969e-05
2.14907 	0.0266032 	0.000260356 	9.73417e-05
2.15058 	0.02661 	0.00026005 	9.70865e-05
2.15208 	0.0266167 	0.000259744 	9.68312e-05
2.15358 	0.0266235 	0.000259438 	9.6576e-05
2.15508 	0.0266302 	0.000259133 	9.63208e-05
2.15658 	0.0266369 	0.000258843 	9.60673e-05
2.15808 	0.0266413 	0.000258949 	9.58585e-05
2.15958 	0.0266458 	0.000259055 	9.56496e-05
2.16108 	0.0266503 	0.00025916 	9.54408e-05
2.16258 	0.0266548 	0.000259266 	9.52319e-05
2.16408 	0.0266592 	0.000259372 	9.5023e-05
2.16558 	0.0266637 	0.000259478 	9.48142e-05
2.16708 	0.0266682 	0.000259584 	9.46053e-05
2.16858 	0.0266727 	0.00025969 	9.43965e-05
2.17009 	0.0266771 	0.000259796 	9.41876e-05
2.17159 	0.0266816 	0.000259902 	9.39788e-05
2.17309 	0.0266861 	0.000260007 	9.37699e-05
2.17459 	0.0266906 	0.000260113 	9.35611e-05
2.17609 	0.026695 	0.000260219 	9.33522e-05
2.17759 	0.0266995 	0.000260325 	9.31433e-05
2.17909 	0.026704 	0.000260398 	9.2938e-05
2.18059 	0.0267083 	0.000260373 	9.27431e-05
2.18209 	0.0267127 	0.000260348 	9.25482e-05
2.18359 	0.0267171 	0.000260323 	9.23532e-05
2.18509 	0.0267215 	0.000260298 	9.21583e-05
2.18659 	0.0267258 	0.000260273 	9.19634e-05
2.18809 	0.0267302 	0.000260248 	9.17684e-05
2.18959 	0.0267346 	0.000260223 	9.15735e-05
2.1911 	0.026739 	0.000260198 	9.13785e-05
2.1926 	0.0267434 	0.000260173 	9.11836e-05
2.1941 	0.0267477 	0.000260148 	9.09887e-05
2.1956 	0.0267521 	0.000260123 	9.07937e-05
2.1971 	0.0267565 	0.000260099 	9.05988e-05
2.1986 	0.0267609 	0.000260074 	9.04039e-05
2.2001 	0.0267653 	0.000260049 	9.02089e-05
2.2016 	0.0267696 	0.000260024 	9.0014e-05
2.2031 	0.0267746 	0.000260047 	8.97733e-05
2.2046 	0.0267799 	0.000260099 	8.95058e-05
2.2061 	0.0267853 	0.000260151 	8.92384e-05
2.2076 	0.0267906 	0.000260203 	8.89709e-05
2.2091 	0.0267959 	0.000260255 	8.87034e-05
2.21061 	0.0268014 	0.000260305 	8.84256e-05
2.21211 	0.0268085 	0.000260338 	8.80527e-05
2.21361 	0.0268155 	0.00026037 	8.76797e-05
2.21511 	0.0268225 	0.000260403 	8.73068e-05
2.21661 	0.0268296 	0.000260435 	8.69339e-05
2.21811 	0.0268366 	0.000260468 	8.65609e-05
2.21961 	0.0268437 	0.000260501 	8.6188e-05
2.22111 	0.0268507 	0.000260533 	8.5815e-05
2.22261 	0.0268577 	0.000260566 	8.54421e-05
2.22411 	0.0268648 	0.000260598 	8.50691e-05
2.22561 	0.0268718 	0.000260631 	8.46962e-05
2.22711 	0.0268789 	0.000260663 	8.43233e-05
2.22861 	0.0268859 	0.000260696 	8.39503e-05
2.23012 	0.0268929 	0.000260728 	8.35774e-05
2.23162 	0.0269 	0.000260761 	8.32044e-05
2.23312 	0.026907 	0.000260793 	8.28315e-05
2.23462 	0.0269138 	0.000260805 	8.24734e-05
2.23612 	0.0269195 	0.000260741 	8.21675e-05
2.23762 	0.0269252 	0.000260678 	8.18616e-05
2.23912 	0.026931 	0.000260615 	8.15556e-05
2.24062 	0.0269367 	0.000260552 	8.12497e-05
2.24212 	0.0269424 	0.000260488 	8.09438e-05
2.24362 	0.0269481 	0.000260425 	8.06379e-05
2.24512 	0.0269539 	0.000260362 	8.0332e-05
2.24662 	0.0269596 	0.000260298 	8.0026e-05
2.24812 	0.0269653 	0.000260235 	7.97201e-05
2.24962 	0.026971 	0.000260172 	7.94142e-05
2.25113 	0.0269768 	0.000260109 	7.91083e-05
2.25263 	0.0269825 	0.000260045 	7.88023e-05
2.25413 	0.0269882 	0.000259982 	7.84964e-05
2.25563 	0.0269939 	0.000259919 	7.81905e-05
2.25713 	0.0269997 	0.000259856 	7.78846e-05
2.25863 	0.0270054 	0.000259792 	7.75787e-05
2.26013 	0.0270108 	0.000259773 	7.72774e-05
2.26163 	0.027016 	0.000259789 	7.69798e-05
2.26313 	0.0270212 	0.000259796 	7.66712e-05
2.26463 	0.0270265 	0.000259789 	7.63452e-05
2.26613 	0.0270318 	0.000259781 	7.60191e-05
2.26763 	0.0270371 	0.000259774 	7.56931e-05
2.26913 	0.0270424 	0.000259766 	7.53671e-05
2.27064 	0.0270476 	0.000259759 	7.5041e-05
2.27214 	0.0270529 	0.000259751 	7.4715e-05
2.27364 	0.0270582 	0.000259744 	7.4389e-05
2.27514 	0.0270635 	0.000259736 	7.4063e-05
2.27664 	0.0270687 	0.000259729 	7.37369e-05
2.27814 	0.027074 	0.000259721 	7.34109e-05
2.27964 	0.0270793 	0.000259714 	7.30849e-05
2.28114 	0.0270846 	0.000259706 	7.27589e-05
2.28264 	0.0270899 	0.000259699 	7.24328e-05
2.28414 	0.0270951 	0.000259691 	7.21068e-05
2.28564 	0.0271004 	0.000259684 	7.17808e-05
2.28714 	0.0271057 	0.000259676 	7.14548e-05
2.28864 	0.027111 	0.000259613 	7.11231e-05
2.29015 	0.0271163 	0.000259515 	7.07881e-05
2.29165 	0.0271216 	0.000259418 	7.0453e-05
2.29315 	0.0271269 	0.00025932 	7.01179e-05
2.29465 	0.0271322 	0.000259223 	6.97829e-05
2.29615 	0.0271375 	0.000259126 	6.94478e-05
2.29765 	0.0271428 	0.000259028 	6.91127e-05
2.29915 	0.0271481 	0.000258931 	6.87777e-05
2.30065 	0.0271534 	0.000258833 	6.84426e-05
2.30215 	0.0271587 	0.000258736 	6.81075e-05
2.30365 	0.0271641 	0.000258638 	6.77724e-05
2.30515 	0.0271694 	0.000258541 	6.74374e-05
2.30665 	0.0271747 	0.000258443 	6.71023e-05
2.30815 	0.02718 	0.000258346 	6.67672e-05
2.30965 	0.0271853 	0.000258248 	6.64322e-05
2.31116 	0.0271906 	0.000258151 	6.60971e-05
2.31266 	0.0271959 	0.000258053 	6.5762e-05
2.31416 	0.0272005 	0.000257926 	6.55325e-05
2.31566 	0.0272047 	0.000257852 	6.53763e-05
2.31716 	0.0272088 	0.000257777 	6.52201e-05
2.31866 	0.027213 	0.000257703 	6.5064e-05
2.32016 	0.0272171 	0.000257629 	6.49078e-05
2.32166 	0.0272213 	0.000257555 	6.47516e-05
2.32316 	0.0272254 	0.00025748 	6.45955e-05
2.32466 	0.0272296 	0.000257406 	6.44393e-05
2.32616 	0.0272337 	0.000257332 	6.42831e-05
2.32766 	0.0272379 	0.000257257 	6.4127e-05
2.32916 	0.027242 	0.000257183 	6.39708e-05
2.33067 	0.0272462 	0.000257109 	6.38146e-05
2.33217 	0.0272503 	0.000257034 	6.36585e-05
2.33367 	0.0272544 	0.00025696 	6.35023e-05
2.33517 	0.0272586 	0.000256886 	6.33462e-05
2.33667 	0.0272627 	0.000256812 	6.319e-05
2.33817 	0.0272669 	0.000256737 	6.30338e-05
2.33967 	0.027271 	0.000256617 	6.28696e-05
2.34117 	0.0272751 	0.00025645 	6.26968e-05
2.34267 	0.0272792 	0.000256282 	6.25241e-05
2.34417 	0.0272833 	0.000256114 	6.23514e-05
2.34567 	0.0272874 	0.000255947 	6.21786e-05
2.34717 	0.0272916 	0.000255779 	6.20059e-05
2.34867 	0.0272957 	0.000255611 	6.18332e-05
2.35018 	0.0272998 	0.000255443 	6.16604e-05
2.35168 	0.0273039 	0.000255276 	6.14877e-05
2.35318 	0.027308 	0.000255108 	6.1315e-05
2.35468 	0.0273121 	0.00025494 	6.11422e-05
2.35618 	0.0273162 	0.000254773 	6.09695e-05
2.35768 	0.0273203 	0.000254605 	6.07968e-05
2.35918 	0.0273244 	0.000254437 	6.0624e-05
2.36068 	0.0273285 	0.000254269 	6.04513e-05
2.36218 	0.0273318 	0.000254121 	6.03772e-05
2.36368 	0.027335 	0.000253976 	6.03209e-05
2.36518 	0.0273381 	0.000253831 	6.02647e-05
2.36668 	0.027341 	0.000253723 	6.02455e-05
2.36818 	0.0273435 	0.00025368 	6.02918e-05
2.36968 	0.027346 	0.000253637 	6.03381e-05
2.37119 	0.0273485 	0.000253593 	6.03844e-05
2.37269 	0.027351 	0.00025355 	6.04306e-05
2.37419 	0.0273535 	0.000253507 	6.04769e-05
2.37569 	0.027356 	0.000253464 	6.05232e-05
2.37719 	0.0273585 	0.00025342 	6.05695e-05
2.37869 	0.027361 	0.000253377 	6.06157e-05
2.38019 	0.0273635 	0.000253334 	6.0662e-05
2.38169 	0.0273659 	0.000253291 	6.07083e-05
2.38319 	0.0273684 	0.000253247 	6.07546e-05
2.38469 	0.0273709 	0.000253204 	6.08009e-05
2.38619 	0.0273734 	0.000253161 	6.08471e-05
2.38769 	0.0273759 	0.000253117 	6.08934e-05
2.38919 	0.027378 	0.000253018 	6.09177e-05
2.3907 	0.0273799 	0.00025291 	6.09383e-05
2.3922 	0.0273819 	0.000252802 	6.09589e-05
2.3937 	0.0273839 	0.000252693 	6.09794e-05
2.3952 	0.0273859 	0.000252585 	6.1e-05
2.3967 	0.0273879 	0.000252476 	6.10206e-05
2.3982 	0.0273898 	0.000252368 	6.10412e-05
2.3997 	0.0273918 	0.00025226 	6.10618e-05
2.4012 	0.0273938 	0.000252151 	6.10824e-05
2.4027 	0.0273958 	0.000252043 	6.1103e-05
2.4042 	0.0273977 	0.000251935 	6.11236e-05
2.4057 	0.0273997 	0.000251826 	6.11442e-05
2.4072 	0.0274017 	0.000251713 	6.11634e-05
2.4087 	0.027404 	0.000251531 	6.11651e-05
2.41021 	0.0274062 	0.00025135 	6.11669e-05
2.41171 	0.0274085 	0.000251169 	6.11686e-05
2.41321 	0.0274108 	0.000250987 	6.11704e-05
2.41471 	0.027413 	0.000250806 	6.11721e-05
2.41621 	0.0274154 	0.000250634 	6.1173e-05
2.41771 	0.0274179 	0.000250483 	6.11722e-05
2.41921 	0.0274204 	0.000250331 	6.11713e-05
2.42071 	0.0274229 	0.00025018 	6.11705e-05
2.42221 	0.0274254 	0.000250028 	6.11696e-05
2.42371 	0.0274279 	0.000249877 	6.11687e-05
2.42521 	0.0274304 	0.000249725 	6.11679e-05
2.42671 	0.0274329 	0.000249574 	6.1167e-05
2.42821 	0.0274354 	0.000249423 	6.11661e-05
2.42971 	0.0274379 	0.000249271 	6.11653e-05
2.43122 	0.0274404 	0.00024912 	6.11644e-05
2.43272 	0.0274429 	0.000248968 	6.11635e-05
2.43422 	0.0274454 	0.000248817 	6.11627e-05
2.43572 	0.0274475 	0.00024863 	6.11525e-05
2.43722 	0.0274494 	0.000248431 	6.11392e-05
2.43872 	0.0274514 	0.000248232 	6.11258e-05
2.44022 	0.0274533 	0.000248033 	6.11124e-05
2.44172 	0.0274552 	0.000247834 	6.1099e-05
2.44322 	0.0274572 	0.000247635 	6.10857e-05
2.44472 	0.0274591 	0.000247436 	6.10723e-05
2.44622 	0.0274611 	0.000247237 	6.10589e-05
2.44772 	0.027463 	0.000247038 	6.10456e-05
2.44922 	0.027465 	0.000246839 	6.10322e-05
2.45073 	0.0274669 	0.00024664 	6.10188e-05
2.45223 	0.0274686 	0.000246398 	6.09697e-05
2.45373 	0.0274701 	0.000246135 	6.09018e-05
2.45523 	0.0274716 	0.000245872 	6.08339e-05
2.45673 	0.0274731 	0.000245609 	6.07661e-05
2.45823 	0.0274747 	0.000245346 	6.06982e-05
2.45973 	0.0274762 	0.000245082 	6.06303e-05
2.46123 	0.0274777 	0.000244819 	6.05624e-05
2.46273 	0.0274792 	0.000244556 	6.04946e-05
2.46423 	0.0274802 	0.000244365 	6.03965e-05
2.46573 	0.0274811 	0.000244176 	6.02971e-05
2.46723 	0.027482 	0.000243988 	6.01977e-05
2.46873 	0.0274829 	0.0002438 	6.00983e-05
2.47024 	0.0274839 	0.000243612 	5.99989e-05
2.47174 	0.0274848 	0.000243424 	5.98995e-05
2.47324 	0.0274857 	0.000243236 	5.98e-05
2.47474 	0.0274866 	0.000243048 	5.97006e-05
2.47624 	0.0274875 	0.00024286 	5.96012e-05
2.47774 	0.0274885 	0.000242672 	5.95018e-05
2.47924 	0.0274894 	0.000242475 	5.94014e-05
2.48074 	0.0274901 	0.000242232 	5.92953e-05
2.48224 	0.0274909 	0.000241989 	5.91892e-05
2.48374 	0.0274917 	0.000241746 	5.90832e-05
2.48524 	0.0274924 	0.000241503 	5.89771e-05
2.48674 	0.0274932 	0.00024126 	5.8871e-05
2.48824 	0.027494 	0.000241017 	5.8765e-05
2.48974 	0.0274948 	0.000240774 	5.86589e-05
2.49125 	0.0274955 	0.000240531 	5.85528e-05
2.49275 	0.0274963 	0.000240288 	5.84467e-05
2.49425 	0.0274966 	0.000240046 	5.83717e-05
2.49575 	0.0274967 	0.000239804 	5.83172e-05
2.49725 	0.0274967 	0.000239562 	5.82626e-05
2.49875 	0.0274967 	0.000239321 	5.82081e-05
2.50025 	0.0274968 	0.000239079 	5.81535e-05
2.50175 	0.0274968 	0.000238837 	5.8099e-05
2.50325 	0.0274969 	0.000238595 	5.80444e-05
2.50475 	0.0274969 	0.000238353 	5.79899e-05
2.50625 	0.0274969 	0.000238112 	5.79353e-05
2.50775 	0.0274967 	0.000237899 	5.79007e-05
2.50925 	0.027496 	0.000237756 	5.79141e-05
2.51076 	0.0274953 	0.000237613 	5.79275e-05
2.51226 	0.0274946 	0.00023747 	5.7941e-05
2.51376 	0.0274939 	0.000237327 	5.79544e-05
2.51526 	0.0274932 	0.000237184 	5.79678e-05
2.51676 	0.0274925 	0.000237041 	5.79813e-05
2.51826 	0.0274918 	0.000236898 	5.79947e-05
2.51976 	0.0274911 	0.000236755 	5.80081e-05
2.52126 	0.0274904 	0.000236604 	5.80206e-05
2.52276 	0.0274892 	0.00023636 	5.80205e-05
2.52426 	0.0274879 	0.000236116 	5.80204e-05
2.52576 	0.0274867 	0.000235871 	5.80203e-05
2.52726 	0.0274855 	0.000235627 	5.80202e-05
2.52876 	0.0274842 	0.000235382 	5.80201e-05
2.53027 	0.027483 	0.000235138 	5.802e-05
2.53177 	0.0274818 	0.000234893 	5.80199e-05
2.53327 	0.0274806 	0.000234649 	5.80198e-05
2.53477 	0.0274791 	0.000234429 	5.80534e-05
2.53627 	0.0274777 	0.000234212 	5.80904e-05
2.53777 	0.0274763 	0.000233994 	5.81275e-05
2.53927 	0.0274748 	0.000233777 	5.81645e-05
2.54077 	0.0274734 	0.000233559 	5.82015e-05
2.54227 	0.027472 	0.000233342 	5.82385e-05
2.54377 	0.0274705 	0.000233125 	5.82755e-05
2.54527 	0.0274691 	0.000232907 	5.83125e-05
2.54677 	0.0274677 	0.00023269 	5.83496e-05
2.54827 	0.0274662 	0.000232473 	5.83866e-05
2.54977 	0.0274648 	0.000232295 	5.84361e-05
2.55128 	0.0274632 	0.000232213 	5.85154e-05
2.55278 	0.0274616 	0.000232131 	5.85947e-05
2.55428 	0.02746 	0.000232048 	5.8674e-05
2.55578 	0.0274585 	0.000231966 	5.87533e-05
2.55728 	0.0274569 	0.000231884 	5.88326e-05
2.55878 	0.0274553 	0.000231802 	5.89119e-05
2.56028 	0.0274538 	0.000231719 	5.89912e-05
2.56178 	0.0274519 	0.0002316 	5.90654e-05
2.56328 	0.0274497 	0.000231441 	5.91342e-05
2.56478 	0.0274475 	0.000231282 	5.92031e-05
2.56628 	0.0274453 	0.000231124 	5.92719e-05
2.56778 	0.0274431 	0.000230965 	5.93408e-05
2.56928 	0.0274408 	0.000230806 	5.94096e-05
2.57079 	0.0274386 	0.000230647 	5.94785e-05
2.57229 	0.0274356 	0.000230422 	5.96083e-05
2.57379 	0.0274319 	0.000230145 	5.97851e-05
2.57529 	0.0274282 	0.000229869 	5.99618e-05
2.57679 	0.0274246 	0.000229592 	6.01385e-05
2.57829 	0.0274209 	0.000229316 	6.03153e-05
2.57979 	0.0274172 	0.00022904 	6.0492e-05
2.58129 	0.0274135 	0.000228763 	6.06688e-05
2.58279 	0.0274098 	0.000228487 	6.08455e-05
2.58429 	0.0274061 	0.00022821 	6.10223e-05
2.58579 	0.0274025 	0.000227934 	6.1199e-05
2.58729 	0.0273988 	0.000227657 	6.13757e-05
2.58879 	0.0273951 	0.000227381 	6.15525e-05
2.5903 	0.0273903 	0.000227141 	6.18184e-05
2.5918 	0.0273855 	0.000226904 	6.20913e-05
2.5933 	0.0273807 	0.000226667 	6.23643e-05
2.5948 	0.0273759 	0.00022643 	6.26373e-05
2.5963 	0.027371 	0.000226193 	6.29102e-05
2.5978 	0.0273662 	0.000225956 	6.31832e-05
2.5993 	0.0273612 	0.000225724 	6.34577e-05
2.6008 	0.0273558 	0.000225501 	6.37347e-05
2.6023 	0.0273505 	0.000225278 	6.40117e-05
2.6038 	0.0273451 	0.000225056 	6.42887e-05
2.6053 	0.0273398 	0.000224833 	6.45657e-05
2.6068 	0.0273345 	0.00022461 	6.48428e-05
2.6083 	0.0273283 	0.000224331 	6.50948e-05
2.6098 	0.0273215 	0.000224006 	6.53266e-05
2.61131 	0.0273147 	0.000223681 	6.55584e-05
2.61281 	0.0273078 	0.000223356 	6.57902e-05
2.61431 	0.027301 	0.000223031 	6.60221e-05
2.61581 	0.0272942 	0.000222705 	6.62539e-05
2.61731 	0.0272874 	0.00022238 	6.64857e-05
2.61881 	0.0272805 	0.000222055 	6.67175e-05
2.62031 	0.0272737 	0.00022173 	6.69493e-05
2.62181 	0.0272669 	0.000221405 	6.71812e-05
2.62331 	0.0272601 	0.00022108 	6.7413e-05
2.62481 	0.0272532 	0.000220755 	6.76448e-05
2.62631 	0.0272462 	0.000220437 	6.78705e-05
2.62781 	0.0272382 	0.000220162 	6.80592e-05
2.62931 	0.0272303 	0.000219888 	6.82479e-05
2.63082 	0.0272223 	0.000219614 	6.84366e-05
2.63232 	0.0272143 	0.00021934 	6.86253e-05
2.63382 	0.0272063 	0.000219065 	6.8814e-05
2.63532 	0.027198 	0.000218822 	6.90069e-05
2.63682 	0.0271895 	0.000218593 	6.92018e-05
2.63832 	0.027181 	0.000218364 	6.93966e-05
2.63982 	0.0271725 	0.000218135 	6.95914e-05
2.64132 	0.027164 	0.000217906 	6.97863e-05
2.64282 	0.0271562 	0.000217646 	6.99044e-05
2.64432 	0.0271485 	0.00021738 	7.00089e-05
2.64582 	0.0271409 	0.000217115 	7.01133e-05
2.64732 	0.0271332 	0.00021685 	7.02177e-05
2.64882 	0.0271256 	0.000216585 	7.03222e-05
2.65033 	0.0271179 	0.000216319 	7.04266e-05
2.65183 	0.0271102 	0.000216054 	7.05311e-05
2.65333 	0.0271026 	0.000215789 	7.06355e-05
2.65483 	0.0270949 	0.000215523 	7.074e-05
2.65633 	0.0270873 	0.000215258 	7.08444e-05
2.65783 	0.0270796 	0.000214993 	7.09488e-05
2.65933 	0.0270719 	0.000214727 	7.10533e-05
2.66083 	0.0270643 	0.000214462 	7.11577e-05
2.66233 	0.0270573 	0.000214273 	7.11811e-05
2.66383 	0.0270503 	0.000214094 	7.11948e-05
2.66533 	0.0270433 	0.000213914 	7.12086e-05
2.66683 	0.0270364 	0.000213734 	7.12224e-05
2.66833 	0.0270293 	0.000213576 	7.12355e-05
2.66983 	0.0270219 	0.000213449 	7.12478e-05
2.67134 	0.0270146 	0.000213321 	7.126e-05
2.67284 	0.0270072 	0.000213194 	7.12722e-05
2.67434 	0.0269984 	0.000213002 	7.12913e-05
2.67584 	0.0269876 	0.000212721 	7.13199e-05
2.67734 	0.0269768 	0.00021244 	7.13484e-05
2.67884 	0.026966 	0.000212159 	7.1377e-05
2.68034 	0.0269552 	0.000211878 	7.14055e-05
2.68184 	0.0269444 	0.000211597 	7.14341e-05
2.68334 	0.0269336 	0.000211316 	7.14626e-05
2.68484 	0.0269228 	0.000211036 	7.14912e-05
2.68634 	0.026912 	0.000210755 	7.15197e-05
2.68784 	0.0269012 	0.000210474 	7.15483e-05
2.68934 	0.0268904 	0.000210193 	7.15769e-05
2.69085 	0.0268796 	0.000209912 	7.16054e-05
2.69235 	0.0268688 	0.000209631 	7.1634e-05
2.69385 	0.0268576 	0.000209348 	7.16595e-05
2.69535 	0.0268435 	0.000209052 	7.16635e-05
2.69685 	0.0268295 	0.000208757 	7.16675e-05
2.69835 	0.0268155 	0.000208461 	7.16715e-05
2.69985 	0.026801 	0.000208184 	7.16764e-05
2.70135 	0.0267859 	0.000207926 	7.16824e-05
2.70285 	0.0267708 	0.000207669 	7.16885e-05
2.70435 	0.0267558 	0.000207396 	7.17013e-05
2.70585 	0.0267412 	0.000207073 	7.17363e-05
2.70735 	0.0267265 	0.00020675 	7.17712e-05
2.70885 	0.0267118 	0.000206428 	7.18062e-05
2.71036 	0.0266972 	0.000206105 	7.18411e-05
2.71186 	0.0266825 	0.000205782 	7.18761e-05
2.71336 	0.0266679 	0.00020546 	7.19111e-05
2.71486 	0.0266532 	0.000205137 	7.1946e-05
2.71636 	0.0266385 	0.000204814 	7.1981e-05
2.71786 	0.0266239 	0.000204492 	7.2016e-05
2.71936 	0.0266092 	0.000204169 	7.20509e-05
2.72086 	0.0265945 	0.000203847 	7.20859e-05
2.72236 	0.0265799 	0.000203524 	7.21208e-05
2.72386 	0.0265652 	0.000203201 	7.21558e-05
2.72536 	0.0265496 	0.00020293 	7.21837e-05
2.72686 	0.0265337 	0.000202673 	7.22094e-05
2.72836 	0.0265178 	0.000202417 	7.22352e-05
2.72986 	0.0264964 	0.000202096 	7.22571e-05
2.73137 	0.0264741 	0.000201763 	7.22784e-05
2.73287 	0.0264534 	0.000201437 	7.22866e-05
2.73437 	0.0264373 	0.000201128 	7.22564e-05
2.73587 	0.0264212 	0.000200819 	7.22262e-05
2.73737 	0.0264051 	0.00020051 	7.2196e-05
2.73887 	0.026389 	0.000200201 	7.21658e-05
2.74037 	0.0263729 	0.000199892 	7.21356e-05
2.74187 	0.0263568 	0.000199584 	7.21053e-05
2.74337 	0.0263407 	0.000199275 	7.20751e-05
2.74487 	0.0263246 	0.000198966 	7.20449e-05
2.74637 	0.0263085 	0.000198657 	7.20147e-05
2.74787 	0.0262924 	0.000198348 	7.19845e-05
2.74937 	0.0262763 	0.000198039 	7.19543e-05
2.75088 	0.0262602 	0.00019773 	7.19241e-05
2.75238 	0.0262441 	0.000197421 	7.18939e-05
2.75388 	0.0262325 	0.000197246 	7.18386e-05
2.75538 	0.0262222 	0.00019711 	7.17761e-05
2.75688 	0.0262089 	0.000196939 	7.17091e-05
2.75838 	0.0261924 	0.000196732 	7.16373e-05
2.75988 	0.0261733 	0.000196435 	7.15257e-05
2.76138 	0.0261505 	0.00019602 	7.13618e-05
2.76288 	0.0261277 	0.000195605 	7.11979e-05
2.76438 	0.0261049 	0.000195189 	7.1034e-05
2.76588 	0.0260821 	0.000194774 	7.08701e-05
2.76738 	0.0260593 	0.000194359 	7.07062e-05
2.76888 	0.0260366 	0.000193944 	7.05423e-05
2.77039 	0.0260138 	0.000193528 	7.03784e-05
2.77189 	0.025991 	0.000193113 	7.02145e-05
2.77339 	0.0259682 	0.000192698 	7.00506e-05
2.77489 	0.0259454 	0.000192283 	6.98867e-05
2.77639 	0.0259226 	0.000191867 	6.97228e-05
2.77789 	0.0258998 	0.000191452 	6.95589e-05
2.77939 	0.0258768 	0.000191038 	6.93924e-05
2.78089 	0.0258503 	0.000190645 	6.91887e-05
2.78239 	0.0258233 	0.000190266 	6.8983e-05
2.78389 	0.0257948 	0.000189922 	6.87729e-05
2.78539 	0.0257705 	0.000189548 	6.85817e-05
2.78689 	0.0257479 	0.000189162 	6.83977e-05
2.78839 	0.0257253 	0.000188777 	6.82137e-05
2.78989 	0.0257027 	0.000188391 	6.80297e-05
2.7914 	0.0256801 	0.000188006 	6.78457e-05
2.7929 	0.0256575 	0.00018762 	6.76616e-05
2.7944 	0.0256349 	0.000187235 	6.74776e-05
2.7959 	0.0256123 	0.000186849 	6.72936e-05
2.7974 	0.0255896 	0.000186464 	6.71096e-05
2.7989 	0.025567 	0.000186078 	6.69255e-05
2.8004 	0.0255444 	0.000185693 	6.67415e-05
2.8019 	0.0255218 	0.000185308 	6.65575e-05
2.8034 	0.0254992 	0.000184922 	6.63735e-05
2.8049 	0.0254797 	0.000184605 	6.62184e-05
2.8064 	0.0254621 	0.000184354 	6.60859e-05
2.8079 	0.0254429 	0.000184106 	6.5948e-05
2.8094 	0.0254151 	0.000183397 	6.57148e-05
2.81091 	0.0253874 	0.000182688 	6.54816e-05
2.81241 	0.0253596 	0.000181978 	6.52485e-05
2.81391 	0.0253318 	0.000181269 	6.50153e-05
2.81541 	0.0253041 	0.00018056 	6.47821e-05
2.81691 	0.0252763 	0.000179851 	6.45489e-05
2.81841 	0.0252486 	0.000179141 	6.43157e-05
2.81991 	0.0252208 	0.000178432 	6.40825e-05
2.82141 	0.0251931 	0.000177723 	6.38493e-05
2.82291 	0.0251653 	0.000177013 	6.36162e-05
2.82441 	0.0251375 	0.000176304 	6.3383e-05
2.82591 	0.0251098 	0.000175595 	6.31498e-05
2.82741 	0.0250797 	0.000174861 	6.28876e-05
2.82891 	0.0250421 	0.000174221 	6.2532e-05
2.83042 	0.0250068 	0.00017371 	6.22115e-05
2.83192 	0.0249758 	0.000172936 	6.19437e-05
2.83342 	0.0249448 	0.000172162 	6.16759e-05
2.83492 	0.0249138 	0.000171388 	6.14081e-05
2.83642 	0.0248829 	0.000170614 	6.11402e-05
2.83792 	0.0248519 	0.00016984 	6.08724e-05
2.83942 	0.0248209 	0.000169067 	6.06046e-05
2.84092 	0.0247899 	0.000168293 	6.03368e-05
2.84242 	0.0247589 	0.000167519 	6.0069e-05
2.84392 	0.0247279 	0.000166745 	5.98012e-05
2.84542 	0.0246969 	0.000165971 	5.95334e-05
2.84692 	0.0246659 	0.000165197 	5.92656e-05
2.84842 	0.024635 	0.000164422 	5.89986e-05
2.84992 	0.0246115 	0.000163969 	5.88002e-05
2.85143 	0.0245766 	0.000163483 	5.85996e-05
2.85293 	0.0245395 	0.000162859 	5.84001e-05
2.85443 	0.0245025 	0.000162235 	5.82006e-05
2.85593 	0.0244654 	0.00016161 	5.8001e-05
2.85743 	0.0244283 	0.000160986 	5.78015e-05
2.85893 	0.0243912 	0.000160362 	5.7602e-05
2.86043 	0.0243542 	0.000159737 	5.74025e-05
2.86193 	0.0243171 	0.000159113 	5.72029e-05
2.86343 	0.02428 	0.000158489 	5.70034e-05
2.86493 	0.0242429 	0.000157864 	5.68039e-05
2.86643 	0.0242059 	0.00015724 	5.66044e-05
2.86793 	0.0241688 	0.000156616 	5.64049e-05
2.86943 	0.0241215 	0.000155827 	5.62058e-05
2.87094 	0.0240802 	0.0001551 	5.60442e-05
2.87244 	0.0240389 	0.000154373 	5.58826e-05
2.87394 	0.0239975 	0.000153646 	5.57211e-05
2.87544 	0.0239562 	0.000152919 	5.55595e-05
2.87694 	0.0239149 	0.000152192 	5.53979e-05
2.87844 	0.0238735 	0.000151465 	5.52363e-05
2.87994 	0.0238322 	0.000150738 	5.50748e-05
2.88144 	0.0237909 	0.000150011 	5.49132e-05
2.88294 	0.0237495 	0.000149284 	5.47516e-05
2.88444 	0.0237082 	0.000148557 	5.459e-05
2.88594 	0.0236669 	0.00014783 	5.44285e-05
2.88744 	0.0236262 	0.000147098 	5.4249e-05
2.88894 	0.0235764 	0.000146167 	5.39704e-05
2.89045 	0.0235266 	0.000145236 	5.36918e-05
2.89195 	0.0234767 	0.000144304 	5.34132e-05
2.89345 	0.0234269 	0.000143373 	5.31346e-05
2.89495 	0.0233771 	0.000142442 	5.2856e-05
2.89645 	0.0233272 	0.00014151 	5.25774e-05
2.89795 	0.0232774 	0.000140579 	5.22988e-05
2.89945 	0.0232276 	0.000139647 	5.20202e-05
2.90095 	0.0231778 	0.000138716 	5.17416e-05
2.90245 	0.0231283 	0.000137791 	5.1466e-05
2.90395 	0.0230765 	0.000136821 	5.11628e-05
2.90545 	0.0230196 	0.000135748 	5.07827e-05
2.90695 	0.0229627 	0.000134675 	5.04026e-05
2.90845 	0.0229057 	0.000133602 	5.00225e-05
2.90995 	0.0228488 	0.000132529 	4.96425e-05
2.91146 	0.0227919 	0.000131455 	4.92624e-05
2.91296 	0.0227349 	0.000130382 	4.88823e-05
2.91446 	0.022678 	0.000129309 	4.85022e-05
2.91596 	0.022621 	0.000128236 	4.81221e-05
2.91746 	0.0225641 	0.000127163 	4.77421e-05
2.91896 	0.0225075 	0.000126102 	4.73635e-05
2.92046 	0.0224447 	0.00012494 	4.69473e-05
2.92196 	0.0223739 	0.000123653 	4.64868e-05
2.92346 	0.0223032 	0.000122366 	4.60264e-05
2.92496 	0.0222325 	0.000121079 	4.5566e-05
2.92646 	0.0221617 	0.000119792 	4.51056e-05
2.92796 	0.022091 	0.000118504 	4.46451e-05
2.92946 	0.0220203 	0.000117217 	4.41847e-05
2.93097 	0.0219496 	0.00011593 	4.37243e-05
2.93247 	0.0218788 	0.000114643 	4.32639e-05
2.93397 	0.0217924 	0.000113072 	4.2715e-05
2.93547 	0.0217082 	0.000111608 	4.22387e-05
2.93697 	0.0216241 	0.000110145 	4.17625e-05
2.93847 	0.0215399 	0.000108681 	4.12862e-05
2.93997 	0.0214558 	0.000107218 	4.08099e-05
2.94147 	0.0213717 	0.000105755 	4.03336e-05
2.94297 	0.0212875 	0.000104291 	3.98574e-05
2.94447 	0.0212034 	0.000102828 	3.93811e-05
2.94597 	0.0211192 	0.000101364 	3.89048e-05
2.94747 	0.0210485 	0.00010017 	3.85531e-05
2.94897 	0.0209771 	9.90354e-05 	3.82791e-05
2.95048 	0.0209058 	9.79006e-05 	3.80051e-05
2.95198 	0.0208344 	9.67657e-05 	3.77312e-05
2.95348 	0.020763 	9.56309e-05 	3.74572e-05
2.95498 	0.0206917 	9.4496e-05 	3.71832e-05
2.95648 	0.0206203 	9.33612e-05 	3.69093e-05
2.95798 	0.0205489 	9.22264e-05 	3.66353e-05
2.95948 	0.0204751 	9.11272e-05 	3.63778e-05
2.96098 	0.020348 	8.92981e-05 	3.61092e-05
2.96248 	0.0202072 	8.7384e-05 	3.58306e-05
2.96398 	0.0200665 	8.54698e-05 	3.5552e-05
2.96548 	0.0199258 	8.35556e-05 	3.52735e-05
2.96698 	0.019785 	8.16414e-05 	3.49949e-05
2.96848 	0.0196443 	7.97272e-05 	3.47163e-05
2.96998 	0.0195036 	7.7813e-05 	3.44378e-05
2.97149 	0.0193001 	7.51908e-05 	3.41228e-05
2.97299 	0.01912 	7.30578e-05 	3.38451e-05
2.97449 	0.0189398 	7.09248e-05 	3.35675e-05
2.97599 	0.0187597 	6.87917e-05 	3.32898e-05
2.97749 	0.0185795 	6.66587e-05 	3.30122e-05
2.97899 	0.0183994 	6.45257e-05 	3.27345e-05
2.98049 	0.0182192 	6.23926e-05 	3.24569e-05
2.98199 	0.0180689 	6.08415e-05 	3.22223e-05
2.98349 	0.0179001 	5.92658e-05 	3.19295e-05
2.98499 	0.0177314 	5.76901e-05 	3.16368e-05
2.98649 	0.0175626 	5.61144e-05 	3.1344e-05
2.98799 	0.0173938 	5.45386e-05 	3.10513e-05
2.98949 	0.017225 	5.29629e-05 	3.07585e-05
2.991 	0.0170509 	5.14592e-05 	3.04285e-05
2.9925 	0.0154437 	4.60239e-05 	2.75708e-05
2.994 	0.0126212 	3.75164e-05 	2.25301e-05
2.9955 	0.00979881 	2.90089e-05 	1.74894e-05
2.997 	0.00697637 	2.05013e-05 	1.24488e-05
2.9985 	0.00415393 	1.19938e-05 	7.40808e-06
3 	0 	0 	0
