0.106553 	0 	0 	0
0.108054 	2.5518e-06 	1.19123e-06 	-8.96824e-08
0.109555 	5.14396e-05 	2.4013e-05 	-1.80783e-06
0.111056 	0.000100327 	4.68348e-05 	-3.52598e-06
0.112556 	0.000158381 	7.44661e-05 	-5.4977e-06
0.114057 	0.000260598 	0.000125271 	-8.69121e-06
0.115558 	0.000347725 	0.000167538 	-1.15834e-05
0.117059 	0.000424357 	0.000203866 	-1.4266e-05
0.118559 	0.000521547 	0.00024941 	-1.72537e-05
0.12006 	0.000622756 	0.000296755 	-2.03011e-05
0.121561 	0.000723965 	0.000344101 	-2.33486e-05
0.123062 	0.000848535 	0.000407299 	-2.63868e-05
0.124562 	0.000971639 	0.000469764 	-2.93747e-05
0.126063 	0.00103463 	0.000494551 	-3.17818e-05
0.127564 	0.00110001 	0.000520752 	-3.41657e-05
0.129065 	0.00118865 	0.000560734 	-3.63222e-05
0.130565 	0.00127728 	0.000600716 	-3.84787e-05
0.132066 	0.00136793 	0.0006421 	-4.06279e-05
0.133567 	0.00149469 	0.000708572 	-4.26462e-05
0.135068 	0.00161973 	0.000773651 	-4.46711e-05
0.136568 	0.00168827 	0.000792828 	-4.69166e-05
0.138069 	0.0017568 	0.000812005 	-4.91621e-05
0.13957 	0.00183222 	0.000840742 	-5.06574e-05
0.141071 	0.00190958 	0.000872165 	-5.19419e-05
0.142571 	0.00198693 	0.000903588 	-5.32264e-05
0.144072 	0.00207974 	0.000951554 	-5.40457e-05
0.145573 	0.00217928 	0.00100673 	-5.46622e-05
0.147074 	0.00226509 	0.00104451 	-5.55751e-05
0.148574 	0.00233073 	0.00105671 	-5.69234e-05
0.150075 	0.00239636 	0.00106891 	-5.82716e-05
0.151576 	0.00246926 	0.00109454 	-5.89396e-05
0.153077 	0.0025434 	0.00112246 	-5.94915e-05
0.154577 	0.00261753 	0.00115038 	-6.00434e-05
0.156078 	0.00270013 	0.00119503 	-6.01443e-05
0.157579 	0.00278541 	0.00124499 	-6.01021e-05
0.15908 	0.00286511 	0.00128722 	-6.01142e-05
0.16058 	0.00291602 	0.00128966 	-6.04061e-05
0.162081 	0.00296693 	0.0012921 	-6.06979e-05
0.163582 	0.00301897 	0.00129912 	-6.09069e-05
0.165083 	0.00307411 	0.00131868 	-6.08885e-05
0.166583 	0.00312925 	0.00133824 	-6.08701e-05
0.168084 	0.00318426 	0.0013616 	-6.08317e-05
0.169585 	0.0032388 	0.00139994 	-6.07151e-05
0.171086 	0.00329333 	0.00143828 	-6.05985e-05
0.172586 	0.00333585 	0.0014632 	-6.04917e-05
0.174087 	0.00334384 	0.00144954 	-6.04134e-05
0.175588 	0.00335183 	0.00143589 	-6.0335e-05
0.177089 	0.00335983 	0.00142223 	-6.02567e-05
0.178589 	0.00339852 	0.00143498 	-6.01249e-05
0.18009 	0.0034382 	0.00144856 	-5.99914e-05
0.181591 	0.00347788 	0.00146215 	-5.98579e-05
0.183092 	0.0035511 	0.0015046 	-5.98288e-05
0.184592 	0.00362477 	0.00154744 	-5.98011e-05
0.186093 	0.00369843 	0.00159028 	-5.97734e-05
0.187594 	0.00374296 	0.00160123 	-5.95851e-05
0.189095 	0.0037715 	0.00159469 	-5.93088e-05
0.190595 	0.00380005 	0.00158815 	-5.90325e-05
0.192096 	0.00382859 	0.00158161 	-5.87561e-05
0.193597 	0.00386819 	0.00159303 	-5.87476e-05
0.195098 	0.00390891 	0.00160628 	-5.87665e-05
0.196598 	0.00395088 	0.0016211 	-5.88138e-05
0.198099 	0.00400952 	0.00165692 	-5.9243e-05
0.1996 	0.00406817 	0.00169273 	-5.96721e-05
0.201101 	0.00412681 	0.00172854 	-6.01013e-05
0.202601 	0.00417749 	0.00175272 	-6.04e-05
0.204102 	0.00420747 	0.00174667 	-6.03596e-05
0.205603 	0.00423744 	0.00174061 	-6.03192e-05
0.207104 	0.00426741 	0.00173455 	-6.02788e-05
0.208604 	0.00429766 	0.00172896 	-6.02481e-05
0.210105 	0.00433833 	0.00174115 	-6.0584e-05
0.211606 	0.004379 	0.00175333 	-6.09199e-05
0.213107 	0.00442405 	0.00177339 	-6.14071e-05
0.214607 	0.00447545 	0.00180488 	-6.21135e-05
0.216108 	0.00452685 	0.00183636 	-6.28199e-05
0.217609 	0.00457825 	0.00186784 	-6.35263e-05
0.21911 	0.004627 	0.00189527 	-6.41935e-05
0.22061 	0.00465295 	0.00188779 	-6.45232e-05
0.222111 	0.00467889 	0.00188031 	-6.48529e-05
0.223612 	0.00470483 	0.00187283 	-6.51826e-05
0.225113 	0.00473078 	0.00186535 	-6.55122e-05
0.226613 	0.00475938 	0.00186255 	-6.59239e-05
0.228114 	0.0047953 	0.00187262 	-6.65612e-05
0.229615 	0.00483121 	0.00188268 	-6.71984e-05
0.231116 	0.00487691 	0.0019104 	-6.79856e-05
0.232616 	0.00492301 	0.00193886 	-6.87791e-05
0.234117 	0.00496911 	0.00196732 	-6.95727e-05
0.235618 	0.00501521 	0.00199578 	-7.03662e-05
0.237119 	0.00505965 	0.00202161 	-7.11496e-05
0.238619 	0.00508298 	0.00201414 	-7.18053e-05
0.24012 	0.00510632 	0.00200668 	-7.2461e-05
0.241621 	0.00512966 	0.00199921 	-7.31167e-05
0.243122 	0.00515299 	0.00199175 	-7.37724e-05
0.244622 	0.00517633 	0.00198428 	-7.4428e-05
0.246123 	0.00520289 	0.00198553 	-7.50992e-05
0.247624 	0.00523189 	0.00199338 	-7.57819e-05
0.249125 	0.00526303 	0.00201168 	-7.63311e-05
0.250625 	0.00529518 	0.0020349 	-7.68174e-05
0.252126 	0.00532733 	0.00205812 	-7.73036e-05
0.253627 	0.00535948 	0.00208135 	-7.77898e-05
0.255128 	0.00539163 	0.00210457 	-7.82761e-05
0.256628 	0.00541993 	0.00212318 	-7.87425e-05
0.258129 	0.00542305 	0.00211164 	-7.90793e-05
0.25963 	0.00542616 	0.00210009 	-7.94161e-05
0.261131 	0.00542928 	0.00208855 	-7.97529e-05
0.262631 	0.0054324 	0.002077 	-8.00897e-05
0.264132 	0.00543552 	0.00206546 	-8.04265e-05
0.265633 	0.00543863 	0.00205391 	-8.07633e-05
0.267134 	0.0054585 	0.00205746 	-8.12728e-05
0.268634 	0.00549228 	0.00207299 	-8.1915e-05
0.270135 	0.00553643 	0.00209734 	-8.26541e-05
0.271636 	0.00558058 	0.0021217 	-8.33933e-05
0.273137 	0.00562473 	0.00214606 	-8.41325e-05
0.274637 	0.00566887 	0.00217041 	-8.48717e-05
0.276138 	0.00571302 	0.00219477 	-8.56108e-05
0.277639 	0.00575055 	0.00221162 	-8.63182e-05
0.27914 	0.00576575 	0.00220314 	-8.69184e-05
0.28064 	0.00578095 	0.00219466 	-8.75186e-05
0.282141 	0.00579615 	0.00218618 	-8.81187e-05
0.283642 	0.00581134 	0.0021777 	-8.87189e-05
0.285143 	0.00582654 	0.00216923 	-8.93191e-05
0.286643 	0.00584174 	0.00216075 	-8.99193e-05
0.288144 	0.00585789 	0.00215373 	-9.05063e-05
0.289645 	0.00588818 	0.00216634 	-9.09942e-05
0.291146 	0.00592571 	0.00218755 	-9.15013e-05
0.292646 	0.00596323 	0.00220875 	-9.20085e-05
0.294147 	0.00600076 	0.00222996 	-9.25156e-05
0.295648 	0.00603829 	0.00225117 	-9.30228e-05
0.297149 	0.00607582 	0.00227237 	-9.353e-05
0.298649 	0.00611335 	0.00229358 	-9.40371e-05
0.30015 	0.00614468 	0.00230585 	-9.4525e-05
0.301651 	0.00616202 	0.00229793 	-9.49695e-05
0.303152 	0.00617936 	0.00229001 	-9.54139e-05
0.304652 	0.0061967 	0.00228208 	-9.58584e-05
0.306153 	0.00621405 	0.00227416 	-9.63028e-05
0.307654 	0.00623139 	0.00226624 	-9.67472e-05
0.309155 	0.00624873 	0.00225832 	-9.71917e-05
0.310655 	0.00626607 	0.0022504 	-9.76361e-05
0.312156 	0.00628892 	0.00225083 	-9.81416e-05
0.313657 	0.00632406 	0.00227005 	-9.87361e-05
0.315158 	0.00635919 	0.00228927 	-9.93307e-05
0.316658 	0.00639433 	0.00230849 	-9.99252e-05
0.318159 	0.00642946 	0.00232771 	-0.00010052
0.31966 	0.0064646 	0.00234693 	-0.000101114
0.321161 	0.00649973 	0.00236615 	-0.000101709
0.322661 	0.00653487 	0.00238536 	-0.000102303
0.324162 	0.00656422 	0.00239617 	-0.000102824
0.325663 	0.00658086 	0.00238847 	-0.000103184
0.327164 	0.0065975 	0.00238077 	-0.000103544
0.328664 	0.00661414 	0.00237307 	-0.000103903
0.330165 	0.00663078 	0.00236537 	-0.000104263
0.331666 	0.00664742 	0.00235768 	-0.000104623
0.333167 	0.00666406 	0.00234998 	-0.000104982
0.334667 	0.0066807 	0.00234228 	-0.000105342
0.336168 	0.00670041 	0.00233916 	-0.000105771
0.337669 	0.00672664 	0.00234578 	-0.000106335
0.33917 	0.00675992 	0.0023633 	-0.000106967
0.34067 	0.00679319 	0.00238082 	-0.000107598
0.342171 	0.00682647 	0.00239834 	-0.00010823
0.343672 	0.00685975 	0.00241586 	-0.000108861
0.345173 	0.00689303 	0.00243338 	-0.000109493
0.346673 	0.0069263 	0.0024509 	-0.000110125
0.348174 	0.00695958 	0.00246842 	-0.000110756
0.349675 	0.00698959 	0.00248115 	-0.000111318
0.351176 	0.00700581 	0.00247373 	-0.000111584
0.352676 	0.00702204 	0.0024663 	-0.00011185
0.354177 	0.00703826 	0.00245887 	-0.000112117
0.355678 	0.00705448 	0.00245145 	-0.000112383
0.357179 	0.0070707 	0.00244402 	-0.000112649
0.358679 	0.00708693 	0.00243659 	-0.000112916
0.36018 	0.00710315 	0.00242917 	-0.000113182
0.361681 	0.00712135 	0.00242471 	-0.000113494
0.363182 	0.00714548 	0.00242919 	-0.000113941
0.364682 	0.00716961 	0.00243368 	-0.000114389
0.366183 	0.00719907 	0.00244655 	-0.000114942
0.367684 	0.00723034 	0.00246227 	-0.00011553
0.369185 	0.00726162 	0.00247798 	-0.000116118
0.370685 	0.00729289 	0.0024937 	-0.000116706
0.372186 	0.00732417 	0.00250942 	-0.000117294
0.373687 	0.00735544 	0.00252514 	-0.000117882
0.375188 	0.00738672 	0.00254086 	-0.000118471
0.376688 	0.00741799 	0.00255657 	-0.000119059
0.378189 	0.00743521 	0.00255174 	-0.000119308
0.37969 	0.00745072 	0.00254439 	-0.000119515
0.381191 	0.00746622 	0.00253704 	-0.000119722
0.382691 	0.00748172 	0.00252969 	-0.00011993
0.384192 	0.00749722 	0.00252234 	-0.000120137
0.385693 	0.00751272 	0.00251499 	-0.000120344
0.387194 	0.00752822 	0.00250764 	-0.000120551
0.388694 	0.00754414 	0.00250092 	-0.000120761
0.390195 	0.007567 	0.00250458 	-0.000121005
0.391696 	0.00758986 	0.00250824 	-0.00012125
0.393197 	0.00761272 	0.00251191 	-0.000121495
0.394697 	0.00763589 	0.00251605 	-0.000121747
0.396198 	0.00766534 	0.00253013 	-0.000122166
0.397699 	0.00769479 	0.0025442 	-0.000122585
0.3992 	0.00772424 	0.00255827 	-0.000123004
0.4007 	0.00775369 	0.00257235 	-0.000123423
0.402201 	0.00778314 	0.00258642 	-0.000123842
0.403702 	0.0078126 	0.0026005 	-0.00012426
0.405203 	0.00784205 	0.00261457 	-0.000124679
0.406703 	0.00786622 	0.00262102 	-0.000125046
0.408204 	0.00788095 	0.00261382 	-0.00012532
0.409705 	0.00789568 	0.00260663 	-0.000125594
0.411206 	0.00791041 	0.00259944 	-0.000125868
0.412706 	0.00792514 	0.00259224 	-0.000126142
0.414207 	0.00793987 	0.00258505 	-0.000126416
0.415708 	0.0079546 	0.00257786 	-0.00012669
0.417209 	0.00796933 	0.00257066 	-0.000126964
0.418709 	0.00798928 	0.002571 	-0.000127086
0.42021 	0.00801107 	0.00257399 	-0.000127156
0.421711 	0.00803285 	0.00257698 	-0.000127225
0.423212 	0.00805464 	0.00257997 	-0.000127294
0.424712 	0.00807642 	0.00258296 	-0.000127364
0.426213 	0.00809821 	0.00258595 	-0.000127433
0.427714 	0.00812591 	0.00259799 	-0.000127553
0.429215 	0.00815396 	0.00261059 	-0.000127677
0.430715 	0.00818202 	0.00262319 	-0.000127801
0.432216 	0.00821008 	0.00263578 	-0.000127925
0.433717 	0.00823814 	0.00264838 	-0.000128049
0.435218 	0.00826619 	0.00266097 	-0.000128173
0.436718 	0.00829425 	0.00267357 	-0.000128297
0.438219 	0.00831478 	0.00267546 	-0.000128524
0.43972 	0.00832904 	0.00266846 	-0.000128837
0.441221 	0.00834331 	0.00266147 	-0.000129151
0.442721 	0.00835758 	0.00265447 	-0.000129464
0.444222 	0.00837185 	0.00264747 	-0.000129777
0.445723 	0.00838612 	0.00264047 	-0.000130091
0.447224 	0.00840039 	0.00263348 	-0.000130404
0.448724 	0.00841644 	0.00262896 	-0.000130638
0.450225 	0.00843748 	0.00263137 	-0.000130649
0.451726 	0.00845853 	0.00263378 	-0.00013066
0.453227 	0.00847957 	0.00263619 	-0.000130671
0.454727 	0.00850061 	0.0026386 	-0.000130681
0.456228 	0.00852165 	0.002641 	-0.000130692
0.457729 	0.0085427 	0.00264341 	-0.000130703
0.45923 	0.00856374 	0.00264582 	-0.000130714
0.46073 	0.008587 	0.0026515 	-0.000130681
0.462231 	0.00861402 	0.00266275 	-0.000130571
0.463732 	0.00864104 	0.00267399 	-0.000130462
0.465233 	0.00866806 	0.00268523 	-0.000130353
0.466733 	0.00869509 	0.00269648 	-0.000130243
0.468234 	0.00872211 	0.00270772 	-0.000130134
0.469735 	0.00874913 	0.00271896 	-0.000130025
0.471236 	0.00877088 	0.00272281 	-0.000130069
0.472736 	0.00878498 	0.00271595 	-0.000130336
0.474237 	0.00879907 	0.00270908 	-0.000130603
0.475738 	0.00881317 	0.00270222 	-0.000130869
0.477239 	0.00882727 	0.00269536 	-0.000131136
0.478739 	0.00884137 	0.00268849 	-0.000131403
0.48024 	0.00885547 	0.00268163 	-0.00013167
0.481741 	0.00887342 	0.00268003 	-0.000131832
0.483242 	0.00889396 	0.00268197 	-0.000131924
0.484742 	0.00891449 	0.0026839 	-0.000132016
0.486243 	0.00893502 	0.00268583 	-0.000132108
0.487744 	0.00895555 	0.00268776 	-0.0001322
0.489245 	0.00897608 	0.00268969 	-0.000132291
0.490745 	0.00899661 	0.00269162 	-0.000132383
0.492246 	0.00901714 	0.00269356 	-0.000132475
0.493747 	0.00903768 	0.00269549 	-0.000132567
0.495248 	0.00905821 	0.00269742 	-0.000132659
0.496748 	0.00908024 	0.00270154 	-0.000132704
0.498249 	0.00910638 	0.00271164 	-0.000132617
0.49975 	0.00913252 	0.00272173 	-0.000132531
0.501251 	0.00915866 	0.00273182 	-0.000132444
0.502751 	0.0091848 	0.00274192 	-0.000132358
0.504252 	0.00921094 	0.00275201 	-0.000132272
0.505753 	0.00923708 	0.00276211 	-0.000132185
0.507254 	0.00925218 	0.00275694 	-0.000132419
0.508754 	0.00926611 	0.00275014 	-0.000132688
0.510255 	0.00928004 	0.00274335 	-0.000132956
0.511756 	0.00929396 	0.00273655 	-0.000133224
0.513257 	0.00930789 	0.00272976 	-0.000133492
0.514757 	0.00932181 	0.00272296 	-0.00013376
0.516258 	0.00933862 	0.00272217 	-0.000134022
0.517759 	0.00935654 	0.00272368 	-0.000134282
0.51926 	0.00937447 	0.0027252 	-0.000134541
0.52076 	0.00939239 	0.00272671 	-0.000134801
0.522261 	0.00941031 	0.00272822 	-0.000135061
0.523762 	0.00942823 	0.00272974 	-0.00013532
0.525263 	0.00944615 	0.00273125 	-0.00013558
0.526763 	0.00946407 	0.00273277 	-0.000135839
0.528264 	0.00948199 	0.00273428 	-0.000136099
0.529765 	0.00949991 	0.00273579 	-0.000136359
0.531266 	0.00951784 	0.00273731 	-0.000136618
0.532766 	0.00953576 	0.00273882 	-0.000136878
0.534267 	0.00955368 	0.00274033 	-0.000137138
0.535768 	0.00957367 	0.00274629 	-0.000137317
0.537269 	0.00959515 	0.00275547 	-0.000137438
0.538769 	0.00961663 	0.00276464 	-0.000137559
0.54027 	0.00963812 	0.00277381 	-0.00013768
0.541771 	0.0096596 	0.00278298 	-0.000137801
0.543272 	0.00968108 	0.00279216 	-0.000137922
0.544772 	0.00968369 	0.00278571 	-0.000138096
0.546273 	0.00968624 	0.00277922 	-0.000138269
0.547774 	0.0096888 	0.00277273 	-0.000138442
0.549275 	0.00969135 	0.00276625 	-0.000138615
0.550775 	0.00969391 	0.00275976 	-0.000138789
0.552276 	0.00970543 	0.00275797 	-0.000139069
0.553777 	0.0097226 	0.00275914 	-0.000139417
0.555278 	0.00973977 	0.00276031 	-0.000139765
0.556778 	0.00975694 	0.00276148 	-0.000140113
0.558279 	0.00977411 	0.00276265 	-0.000140461
0.55978 	0.00979128 	0.00276382 	-0.000140809
0.561281 	0.00980845 	0.00276499 	-0.000141157
0.562781 	0.00982562 	0.00276616 	-0.000141506
0.564282 	0.00984279 	0.00276733 	-0.000141854
0.565783 	0.00985996 	0.0027685 	-0.000142202
0.567284 	0.00987713 	0.00276967 	-0.00014255
0.568784 	0.0098943 	0.00277084 	-0.000142898
0.570285 	0.00991147 	0.00277201 	-0.000143246
0.571786 	0.00992864 	0.00277318 	-0.000143594
0.573287 	0.00994581 	0.00277435 	-0.000143942
0.574787 	0.00996298 	0.00277552 	-0.00014429
0.576288 	0.00998319 	0.00277853 	-0.000144653
0.577789 	0.0100122 	0.00278686 	-0.000145058
0.57929 	0.0100412 	0.00279518 	-0.000145463
0.58079 	0.0100702 	0.0028035 	-0.000145868
0.582291 	0.0100993 	0.00281183 	-0.000146273
0.583792 	0.0101157 	0.0028105 	-0.000146652
0.585293 	0.0101256 	0.00280419 	-0.000147018
0.586793 	0.0101356 	0.00279787 	-0.000147385
0.588294 	0.0101455 	0.00279156 	-0.000147751
0.589795 	0.0101577 	0.00278711 	-0.000148101
0.591296 	0.0101761 	0.00278797 	-0.000148405
0.592796 	0.0101946 	0.00278883 	-0.000148709
0.594297 	0.0102131 	0.00278969 	-0.000149013
0.595798 	0.0102315 	0.00279055 	-0.000149317
0.597299 	0.01025 	0.0027914 	-0.00014962
0.598799 	0.0102685 	0.00279226 	-0.000149924
0.6003 	0.010287 	0.00279312 	-0.000150228
0.601801 	0.0103054 	0.00279398 	-0.000150532
0.603302 	0.0103239 	0.00279484 	-0.000150836
0.604802 	0.0103424 	0.0027957 	-0.00015114
0.606303 	0.0103608 	0.00279656 	-0.000151444
0.607804 	0.0103793 	0.00279742 	-0.000151748
0.609305 	0.0103978 	0.00279827 	-0.000152052
0.610805 	0.0104163 	0.00279913 	-0.000152355
0.612306 	0.0104347 	0.00279999 	-0.000152659
0.613807 	0.0104532 	0.00280085 	-0.000152963
0.615308 	0.0104717 	0.00280171 	-0.000153267
0.616808 	0.0104902 	0.00280257 	-0.000153571
0.618309 	0.0105086 	0.00280343 	-0.000153875
0.61981 	0.0105288 	0.00280602 	-0.000154174
0.621311 	0.0105541 	0.0028136 	-0.000154458
0.622811 	0.0105793 	0.00282118 	-0.000154742
0.624312 	0.0106045 	0.00282876 	-0.000155026
0.625813 	0.0106195 	0.00282441 	-0.000155455
0.627314 	0.0106329 	0.00281827 	-0.000155905
0.628814 	0.0106464 	0.00281214 	-0.000156356
0.630315 	0.0106639 	0.00281038 	-0.000156528
0.631816 	0.0106837 	0.00281095 	-0.000156552
0.633317 	0.0107034 	0.00281153 	-0.000156576
0.634817 	0.0107231 	0.0028121 	-0.0001566
0.636318 	0.0107429 	0.00281267 	-0.000156625
0.637819 	0.0107626 	0.00281325 	-0.000156649
0.63932 	0.0107824 	0.00281382 	-0.000156673
0.64082 	0.0108021 	0.00281439 	-0.000156697
0.642321 	0.0108219 	0.00281496 	-0.000156722
0.643822 	0.0108416 	0.00281554 	-0.000156746
0.645323 	0.0108613 	0.00281611 	-0.00015677
0.646823 	0.0108811 	0.00281668 	-0.000156794
0.648324 	0.0109008 	0.00281726 	-0.000156819
0.649825 	0.0109206 	0.00281783 	-0.000156843
0.651326 	0.0109403 	0.0028184 	-0.000156867
0.652826 	0.0109601 	0.00281898 	-0.000156891
0.654327 	0.0109798 	0.00281955 	-0.000156916
0.655828 	0.0109995 	0.00282012 	-0.00015694
0.657329 	0.0110193 	0.00282069 	-0.000156964
0.658829 	0.011039 	0.00282127 	-0.000156988
0.66033 	0.0110588 	0.00282184 	-0.000157012
0.661831 	0.0110785 	0.00282241 	-0.000157037
0.663332 	0.0110983 	0.00282299 	-0.000157061
0.664832 	0.011118 	0.00282356 	-0.000157085
0.666333 	0.0111406 	0.00282756 	-0.000156945
0.667834 	0.0111656 	0.00283436 	-0.00015667
0.669335 	0.0111838 	0.00283337 	-0.000156532
0.670835 	0.0111978 	0.00282754 	-0.000156478
0.672336 	0.0112165 	0.00282662 	-0.000156271
0.673837 	0.0112365 	0.00282696 	-0.000156026
0.675338 	0.0112565 	0.00282729 	-0.00015578
0.676838 	0.0112764 	0.00282763 	-0.000155534
0.678339 	0.0112964 	0.00282797 	-0.000155288
0.67984 	0.0113164 	0.00282831 	-0.000155042
0.681341 	0.0113363 	0.00282865 	-0.000154797
0.682841 	0.0113563 	0.00282899 	-0.000154551
0.684342 	0.0113763 	0.00282932 	-0.000154305
0.685843 	0.0113962 	0.00282966 	-0.000154059
0.687344 	0.0114162 	0.00283 	-0.000153813
0.688844 	0.0114362 	0.00283034 	-0.000153568
0.690345 	0.0114561 	0.00283068 	-0.000153322
0.691846 	0.0114761 	0.00283102 	-0.000153076
0.693347 	0.0114961 	0.00283135 	-0.00015283
0.694847 	0.0115161 	0.00283169 	-0.000152584
0.696348 	0.011536 	0.00283203 	-0.000152339
0.697849 	0.011556 	0.00283237 	-0.000152093
0.69935 	0.011576 	0.00283271 	-0.000151847
0.70085 	0.0115959 	0.00283305 	-0.000151601
0.702351 	0.0116159 	0.00283338 	-0.000151355
0.703852 	0.0116359 	0.00283372 	-0.00015111
0.705353 	0.0116558 	0.00283406 	-0.000150864
0.706853 	0.0116758 	0.0028344 	-0.000150618
0.708354 	0.0116958 	0.00283474 	-0.000150372
0.709855 	0.0117157 	0.00283508 	-0.000150126
0.711356 	0.0117357 	0.00283541 	-0.000149881
0.712856 	0.0117557 	0.00283575 	-0.000149635
0.714357 	0.011776 	0.00283648 	-0.000149379
0.715858 	0.0117957 	0.00283628 	-0.000149171
0.717359 	0.0118158 	0.00283635 	-0.000148988
0.718859 	0.0118359 	0.00283642 	-0.000148806
0.72036 	0.0118559 	0.0028365 	-0.000148621
0.721861 	0.0118759 	0.00283661 	-0.000148426
0.723362 	0.0118959 	0.00283672 	-0.000148232
0.724862 	0.0119159 	0.00283683 	-0.000148037
0.726363 	0.0119359 	0.00283694 	-0.000147843
0.727864 	0.0119559 	0.00283705 	-0.000147648
0.729365 	0.0119759 	0.00283717 	-0.000147453
0.730865 	0.0119958 	0.00283728 	-0.000147259
0.732366 	0.0120158 	0.00283739 	-0.000147064
0.733867 	0.0120358 	0.0028375 	-0.00014687
0.735368 	0.0120558 	0.00283761 	-0.000146675
0.736868 	0.0120758 	0.00283772 	-0.000146481
0.738369 	0.0120958 	0.00283783 	-0.000146286
0.73987 	0.0121158 	0.00283795 	-0.000146091
0.741371 	0.0121358 	0.00283806 	-0.000145897
0.742871 	0.0121558 	0.00283817 	-0.000145702
0.744372 	0.0121758 	0.00283828 	-0.000145508
0.745873 	0.0121958 	0.00283839 	-0.000145313
0.747374 	0.0122158 	0.0028385 	-0.000145119
0.748874 	0.0122357 	0.00283861 	-0.000144924
0.750375 	0.0122557 	0.00283873 	-0.000144729
0.751876 	0.0122757 	0.00283884 	-0.000144535
0.753377 	0.0122957 	0.00283895 	-0.00014434
0.754877 	0.0123157 	0.00283906 	-0.000144146
0.756378 	0.0123357 	0.00283917 	-0.000143951
0.757879 	0.0123557 	0.00283928 	-0.000143757
0.75938 	0.0123757 	0.00283939 	-0.000143562
0.76088 	0.0123964 	0.00283867 	-0.00014343
0.762381 	0.0124193 	0.0028353 	-0.000143496
0.763882 	0.012439 	0.00283553 	-0.000143467
0.765383 	0.0124566 	0.00283801 	-0.00014338
0.766883 	0.0124758 	0.00283865 	-0.000143312
0.768384 	0.0124957 	0.00283849 	-0.000143253
0.769885 	0.0125156 	0.00283833 	-0.000143193
0.771386 	0.0125355 	0.00283817 	-0.000143134
0.772886 	0.0125554 	0.002838 	-0.000143075
0.774387 	0.0125752 	0.00283784 	-0.000143015
0.775888 	0.0125951 	0.00283768 	-0.000142956
0.777389 	0.012615 	0.00283751 	-0.000142897
0.778889 	0.0126349 	0.00283735 	-0.000142837
0.78039 	0.0126548 	0.00283719 	-0.000142778
0.781891 	0.0126747 	0.00283703 	-0.000142719
0.783392 	0.0126946 	0.00283686 	-0.000142659
0.784892 	0.0127144 	0.0028367 	-0.0001426
0.786393 	0.0127343 	0.00283654 	-0.000142541
0.787894 	0.0127542 	0.00283638 	-0.000142481
0.789395 	0.0127741 	0.00283621 	-0.000142422
0.790895 	0.012794 	0.00283605 	-0.000142362
0.792396 	0.0128139 	0.00283589 	-0.000142303
0.793897 	0.0128337 	0.00283572 	-0.000142244
0.795398 	0.0128536 	0.00283556 	-0.000142184
0.796898 	0.0128735 	0.0028354 	-0.000142125
0.798399 	0.0128934 	0.00283524 	-0.000142066
0.7999 	0.0129133 	0.00283507 	-0.000142006
0.801401 	0.0129332 	0.00283491 	-0.000141947
0.802901 	0.0129531 	0.00283475 	-0.000141888
0.804402 	0.0129729 	0.00283458 	-0.000141828
0.805903 	0.0129928 	0.00283442 	-0.000141769
0.807404 	0.0130127 	0.00283426 	-0.00014171
0.808904 	0.0130324 	0.00283048 	-0.000141676
0.810405 	0.013052 	0.00282401 	-0.000141662
0.811906 	0.0130716 	0.00281754 	-0.000141647
0.813407 	0.0130912 	0.00281107 	-0.000141633
0.814907 	0.0131112 	0.0028143 	-0.000141607
0.816408 	0.0131312 	0.00281878 	-0.00014158
0.817909 	0.0131512 	0.00282326 	-0.000141552
0.81941 	0.0131713 	0.00282774 	-0.000141525
0.82091 	0.0131911 	0.00282972 	-0.000141409
0.822411 	0.0132109 	0.00282932 	-0.000141209
0.823912 	0.0132307 	0.00282891 	-0.000141009
0.825413 	0.0132505 	0.00282851 	-0.000140809
0.826913 	0.0132703 	0.0028281 	-0.000140609
0.828414 	0.01329 	0.0028277 	-0.000140409
0.829915 	0.0133098 	0.00282729 	-0.000140209
0.831416 	0.0133296 	0.00282689 	-0.000140009
0.832916 	0.0133494 	0.00282648 	-0.000139809
0.834417 	0.0133691 	0.00282608 	-0.000139608
0.835918 	0.0133889 	0.00282567 	-0.000139408
0.837419 	0.0134087 	0.00282527 	-0.000139208
0.838919 	0.0134285 	0.00282486 	-0.000139008
0.84042 	0.0134483 	0.00282446 	-0.000138808
0.841921 	0.013468 	0.00282405 	-0.000138608
0.843422 	0.0134878 	0.00282365 	-0.000138408
0.844922 	0.0135076 	0.00282324 	-0.000138208
0.846423 	0.0135274 	0.00282284 	-0.000138008
0.847924 	0.0135471 	0.00282243 	-0.000137807
0.849425 	0.0135669 	0.00282203 	-0.000137607
0.850925 	0.0135867 	0.00282162 	-0.000137407
0.852426 	0.0136065 	0.00282122 	-0.000137207
0.853927 	0.0136263 	0.00282082 	-0.000137007
0.855428 	0.013646 	0.00282041 	-0.000136807
0.856928 	0.0136658 	0.00282001 	-0.000136607
0.858429 	0.0136856 	0.00281514 	-0.000136237
0.85993 	0.0137054 	0.00280875 	-0.000135809
0.861431 	0.0137252 	0.00280237 	-0.000135381
0.862931 	0.013745 	0.00279598 	-0.000134953
0.864432 	0.0137648 	0.0027896 	-0.000134526
0.865933 	0.0137846 	0.00278322 	-0.000134098
0.867434 	0.0138044 	0.00278472 	-0.000133802
0.868934 	0.0138243 	0.00278876 	-0.000133549
0.870435 	0.0138441 	0.00279281 	-0.000133296
0.871936 	0.0138639 	0.00279685 	-0.000133043
0.873437 	0.0138838 	0.0028009 	-0.00013279
0.874937 	0.0139036 	0.00280494 	-0.000132537
0.876438 	0.0139234 	0.00280899 	-0.000132284
0.877939 	0.0139433 	0.00281008 	-0.000131972
0.87944 	0.0139631 	0.00280949 	-0.000131626
0.88094 	0.0139829 	0.00280889 	-0.00013128
0.882441 	0.0140027 	0.0028083 	-0.000130934
0.883942 	0.0140225 	0.0028077 	-0.000130587
0.885443 	0.0140424 	0.00280711 	-0.000130241
0.886943 	0.0140622 	0.00280651 	-0.000129895
0.888444 	0.014082 	0.00280592 	-0.000129549
0.889945 	0.0141018 	0.00280532 	-0.000129203
0.891446 	0.0141217 	0.00280473 	-0.000128857
0.892946 	0.0141415 	0.00280413 	-0.000128511
0.894447 	0.0141613 	0.00280354 	-0.000128165
0.895948 	0.0141811 	0.00280294 	-0.000127818
0.897449 	0.0142009 	0.00280235 	-0.000127472
0.898949 	0.0142208 	0.00280175 	-0.000127126
0.90045 	0.0142406 	0.00280116 	-0.00012678
0.901951 	0.0142604 	0.00280056 	-0.000126434
0.903452 	0.0142802 	0.00279997 	-0.000126088
0.904952 	0.0143 	0.00279937 	-0.000125742
0.906453 	0.0143199 	0.00279878 	-0.000125396
0.907954 	0.0143397 	0.00279818 	-0.000125049
0.909455 	0.0143598 	0.00279298 	-0.000124667
0.910955 	0.0143799 	0.00278666 	-0.000124275
0.912456 	0.0144 	0.00278033 	-0.000123883
0.913957 	0.0144201 	0.00277401 	-0.000123492
0.915458 	0.0144402 	0.00276769 	-0.0001231
0.916958 	0.0144603 	0.00276137 	-0.000122709
0.918459 	0.0144805 	0.00275505 	-0.000122317
0.91996 	0.0145006 	0.00274873 	-0.000121925
0.921461 	0.0145206 	0.00274513 	-0.000121589
0.922961 	0.0145404 	0.00274867 	-0.000121399
0.924462 	0.0145602 	0.00275221 	-0.000121209
0.925963 	0.01458 	0.00275575 	-0.000121019
0.927464 	0.0145998 	0.00275929 	-0.000120829
0.928964 	0.0146196 	0.00276282 	-0.000120639
0.930465 	0.0146393 	0.00276636 	-0.000120448
0.931966 	0.0146591 	0.0027699 	-0.000120258
0.933467 	0.0146789 	0.00277344 	-0.000120068
0.934967 	0.0146987 	0.00277698 	-0.000119878
0.936468 	0.0147185 	0.00278002 	-0.000119689
0.937969 	0.0147384 	0.00277928 	-0.00011951
0.93947 	0.0147583 	0.00277854 	-0.00011933
0.94097 	0.0147782 	0.0027778 	-0.000119151
0.942471 	0.0147981 	0.00277706 	-0.000118971
0.943972 	0.014818 	0.00277632 	-0.000118792
0.945473 	0.0148379 	0.00277558 	-0.000118612
0.946973 	0.0148578 	0.00277485 	-0.000118433
0.948474 	0.0148777 	0.00277411 	-0.000118254
0.949975 	0.0148976 	0.00277337 	-0.000118074
0.951476 	0.0149175 	0.00277263 	-0.000117895
0.952976 	0.0149374 	0.00277189 	-0.000117715
0.954477 	0.0149573 	0.00277115 	-0.000117536
0.955978 	0.0149772 	0.00277042 	-0.000117356
0.957479 	0.0149971 	0.00276968 	-0.000117177
0.958979 	0.015017 	0.00276894 	-0.000116998
0.96048 	0.0150369 	0.0027682 	-0.000116818
0.961981 	0.0150571 	0.00276318 	-0.000116707
0.963482 	0.0150773 	0.0027571 	-0.000116613
0.964982 	0.0150975 	0.00275103 	-0.000116519
0.966483 	0.0151178 	0.00274495 	-0.000116425
0.967984 	0.015138 	0.00273888 	-0.00011633
0.969485 	0.0151583 	0.0027328 	-0.000116236
0.970985 	0.0151785 	0.00272673 	-0.000116142
0.972486 	0.0151987 	0.00272066 	-0.000116048
0.973987 	0.015219 	0.00271458 	-0.000115954
0.975488 	0.0152392 	0.00270851 	-0.00011586
0.976988 	0.0152594 	0.00270243 	-0.000115765
0.978489 	0.0152794 	0.00270104 	-0.000115723
0.97999 	0.0152991 	0.0027042 	-0.00011573
0.981491 	0.0153188 	0.00270736 	-0.000115738
0.982991 	0.0153385 	0.00271051 	-0.000115745
0.984492 	0.0153582 	0.00271367 	-0.000115753
0.985993 	0.0153778 	0.00271682 	-0.00011576
0.987494 	0.0153975 	0.00271998 	-0.000115768
0.988994 	0.0154172 	0.00272314 	-0.000115776
0.990495 	0.0154369 	0.00272629 	-0.000115783
0.991996 	0.0154566 	0.00272945 	-0.000115791
0.993497 	0.0154763 	0.00273261 	-0.000115798
0.994997 	0.015496 	0.00273576 	-0.000115806
0.996498 	0.0155157 	0.00273892 	-0.000115813
0.997999 	0.0155353 	0.00274194 	-0.000115823
0.9995 	0.015555 	0.00274107 	-0.00011589
1.001 	0.0155747 	0.00274019 	-0.000115957
1.0025 	0.0155944 	0.00273931 	-0.000116024
1.004 	0.0156141 	0.00273844 	-0.000116091
1.0055 	0.0156338 	0.00273756 	-0.000116157
1.007 	0.0156535 	0.00273669 	-0.000116224
1.0085 	0.0156732 	0.00273581 	-0.000116291
1.01001 	0.0156929 	0.00273493 	-0.000116358
1.01151 	0.0157126 	0.00273406 	-0.000116425
1.01301 	0.0157323 	0.00273318 	-0.000116492
1.01451 	0.015752 	0.00273231 	-0.000116559
1.01601 	0.0157718 	0.00272735 	-0.00011667
1.01751 	0.0157916 	0.00272139 	-0.000116792
1.01901 	0.0158114 	0.00271543 	-0.000116915
1.02051 	0.0158312 	0.00270948 	-0.000117037
1.02201 	0.015851 	0.00270352 	-0.000117159
1.02351 	0.0158707 	0.00269756 	-0.000117281
1.02501 	0.0158905 	0.00269161 	-0.000117403
1.02651 	0.0159103 	0.00268565 	-0.000117525
1.02801 	0.0159301 	0.00267969 	-0.000117647
1.02951 	0.0159499 	0.00267373 	-0.000117769
1.03102 	0.0159697 	0.00266778 	-0.000117891
1.03252 	0.0159895 	0.00266182 	-0.000118013
1.03402 	0.0160093 	0.00265586 	-0.000118135
1.03552 	0.016029 	0.00264991 	-0.000118257
1.03702 	0.0160485 	0.00264849 	-0.000118378
1.03852 	0.0160676 	0.00265114 	-0.000118498
1.04002 	0.0160868 	0.00265379 	-0.000118618
1.04152 	0.0161059 	0.00265643 	-0.000118739
1.04302 	0.0161251 	0.00265908 	-0.000118859
1.04452 	0.0161442 	0.00266172 	-0.000118979
1.04602 	0.0161634 	0.00266437 	-0.000119099
1.04752 	0.0161825 	0.00266702 	-0.000119219
1.04902 	0.0162017 	0.00266966 	-0.000119339
1.05053 	0.0162208 	0.00267231 	-0.000119459
1.05203 	0.0162399 	0.00267495 	-0.000119579
1.05353 	0.0162591 	0.0026776 	-0.000119699
1.05503 	0.0162782 	0.00268024 	-0.000119819
1.05653 	0.0162974 	0.00268289 	-0.00011994
1.05803 	0.0163165 	0.00268554 	-0.00012006
1.05953 	0.0163357 	0.00268818 	-0.00012018
1.06103 	0.0163548 	0.00269083 	-0.0001203
1.06253 	0.016374 	0.0026917 	-0.000120392
1.06403 	0.0163933 	0.00269063 	-0.000120452
1.06553 	0.0164126 	0.00268957 	-0.000120513
1.06703 	0.0164319 	0.0026885 	-0.000120574
1.06853 	0.0164511 	0.00268744 	-0.000120635
1.07004 	0.0164704 	0.00268637 	-0.000120696
1.07154 	0.0164899 	0.00268117 	-0.000120596
1.07304 	0.0165094 	0.00267539 	-0.000120474
1.07454 	0.0165289 	0.00266961 	-0.000120352
1.07604 	0.0165484 	0.00266383 	-0.000120229
1.07754 	0.0165679 	0.00265805 	-0.000120107
1.07904 	0.0165875 	0.00265228 	-0.000119985
1.08054 	0.016607 	0.0026465 	-0.000119862
1.08204 	0.0166265 	0.00264072 	-0.00011974
1.08354 	0.016646 	0.00263494 	-0.000119618
1.08504 	0.0166655 	0.00262916 	-0.000119496
1.08654 	0.016685 	0.00262338 	-0.000119373
1.08804 	0.0167045 	0.0026176 	-0.000119251
1.08954 	0.016724 	0.00261182 	-0.000119129
1.09105 	0.0167435 	0.00260604 	-0.000119006
1.09255 	0.0167631 	0.00260027 	-0.000118884
1.09405 	0.0167826 	0.00259449 	-0.000118762
1.09555 	0.0168021 	0.00258871 	-0.000118639
1.09705 	0.0168213 	0.00258634 	-0.00011854
1.09855 	0.01684 	0.00258848 	-0.000118472
1.10005 	0.0168588 	0.00259062 	-0.000118404
1.10155 	0.0168775 	0.00259277 	-0.000118336
1.10305 	0.0168963 	0.00259491 	-0.000118268
1.10455 	0.0169151 	0.00259705 	-0.0001182
1.10605 	0.0169338 	0.0025992 	-0.000118131
1.10755 	0.0169526 	0.00260134 	-0.000118063
1.10905 	0.0169713 	0.00260348 	-0.000117995
1.11056 	0.0169901 	0.00260563 	-0.000117927
1.11206 	0.0170089 	0.00260777 	-0.000117859
1.11356 	0.0170276 	0.00260991 	-0.00011779
1.11506 	0.0170464 	0.00261206 	-0.000117722
1.11656 	0.0170651 	0.0026142 	-0.000117654
1.11806 	0.0170839 	0.00261635 	-0.000117586
1.11956 	0.0171027 	0.00261849 	-0.000117518
1.12106 	0.0171214 	0.00262063 	-0.00011745
1.12256 	0.0171402 	0.00262278 	-0.000117381
1.12406 	0.0171589 	0.00262492 	-0.000117313
1.12556 	0.0171777 	0.00262706 	-0.000117245
1.12706 	0.0171965 	0.00262877 	-0.000117139
1.12856 	0.0172157 	0.00262468 	-0.000116593
1.13007 	0.0172351 	0.00261919 	-0.000115973
1.13157 	0.0172544 	0.00261371 	-0.000115353
1.13307 	0.0172738 	0.00260822 	-0.000114732
1.13457 	0.0172931 	0.00260273 	-0.000114112
1.13607 	0.0173125 	0.00259724 	-0.000113492
1.13757 	0.0173318 	0.00259175 	-0.000112871
1.13907 	0.0173511 	0.00258626 	-0.000112251
1.14057 	0.0173705 	0.00258077 	-0.000111631
1.14207 	0.0173898 	0.00257528 	-0.00011101
1.14357 	0.0174092 	0.00256979 	-0.00011039
1.14507 	0.0174285 	0.0025643 	-0.00010977
1.14657 	0.0174479 	0.00255881 	-0.000109149
1.14807 	0.0174672 	0.00255333 	-0.000108529
1.14957 	0.0174866 	0.00254784 	-0.000107908
1.15108 	0.0175059 	0.00254235 	-0.000107288
1.15258 	0.0175252 	0.00253686 	-0.000106668
1.15408 	0.0175446 	0.00253137 	-0.000106047
1.15558 	0.0175639 	0.00252588 	-0.000105427
1.15708 	0.0175833 	0.00252039 	-0.000104807
1.15858 	0.0176023 	0.00251719 	-0.000104237
1.16008 	0.0176207 	0.00251888 	-0.000103776
1.16158 	0.0176391 	0.00252058 	-0.000103316
1.16308 	0.0176575 	0.00252227 	-0.000102855
1.16458 	0.0176758 	0.00252397 	-0.000102394
1.16608 	0.0176942 	0.00252566 	-0.000101933
1.16758 	0.0177126 	0.00252736 	-0.000101472
1.16908 	0.017731 	0.00252905 	-0.000101012
1.17059 	0.0177494 	0.00253075 	-0.000100551
1.17209 	0.0177678 	0.00253244 	-0.00010009
1.17359 	0.0177861 	0.00253414 	-9.96294e-05
1.17509 	0.0178045 	0.00253583 	-9.91687e-05
1.17659 	0.0178229 	0.00253753 	-9.87079e-05
1.17809 	0.0178413 	0.00253922 	-9.82471e-05
1.17959 	0.0178597 	0.00254092 	-9.77864e-05
1.18109 	0.017878 	0.00254261 	-9.73256e-05
1.18259 	0.0178964 	0.00254431 	-9.68648e-05
1.18409 	0.0179148 	0.002546 	-9.64041e-05
1.18559 	0.0179335 	0.00254569 	-9.57926e-05
1.18709 	0.0179524 	0.00254356 	-9.50454e-05
1.18859 	0.0179713 	0.00254144 	-9.42982e-05
1.1901 	0.0179903 	0.00253931 	-9.3551e-05
1.1916 	0.0180092 	0.00253719 	-9.28038e-05
1.1931 	0.0180281 	0.00253506 	-9.20566e-05
1.1946 	0.0180471 	0.00253293 	-9.13094e-05
1.1961 	0.0180662 	0.00252919 	-9.04842e-05
1.1976 	0.0180856 	0.00252407 	-8.95927e-05
1.1991 	0.018105 	0.00251896 	-8.87012e-05
1.2006 	0.0181244 	0.00251384 	-8.78097e-05
1.2021 	0.0181438 	0.00250872 	-8.69182e-05
1.2036 	0.0181632 	0.0025036 	-8.60267e-05
1.2051 	0.0181826 	0.00249849 	-8.51352e-05
1.2066 	0.018202 	0.00249337 	-8.42437e-05
1.2081 	0.0182214 	0.00248825 	-8.33522e-05
1.2096 	0.0182408 	0.00248313 	-8.24607e-05
1.21111 	0.0182602 	0.00247802 	-8.15692e-05
1.21261 	0.0182796 	0.0024729 	-8.06777e-05
1.21411 	0.018299 	0.00246778 	-7.97862e-05
1.21561 	0.0183184 	0.00246267 	-7.88947e-05
1.21711 	0.0183378 	0.00245755 	-7.80032e-05
1.21861 	0.0183572 	0.00245243 	-7.71117e-05
1.22011 	0.0183766 	0.00244731 	-7.62202e-05
1.22161 	0.0183956 	0.00244418 	-7.53849e-05
1.22311 	0.0184137 	0.00244547 	-7.4675e-05
1.22461 	0.0184318 	0.00244677 	-7.3965e-05
1.22611 	0.0184499 	0.00244806 	-7.3255e-05
1.22761 	0.0184681 	0.00244935 	-7.2545e-05
1.22911 	0.0184862 	0.00245064 	-7.1835e-05
1.23062 	0.0185043 	0.00245194 	-7.1125e-05
1.23212 	0.0185224 	0.00245323 	-7.0415e-05
1.23362 	0.0185405 	0.00245452 	-6.9705e-05
1.23512 	0.0185587 	0.00245581 	-6.8995e-05
1.23662 	0.0185768 	0.00245711 	-6.8285e-05
1.23812 	0.0185949 	0.0024584 	-6.7575e-05
1.23962 	0.018613 	0.00245969 	-6.6865e-05
1.24112 	0.0186311 	0.00246098 	-6.6155e-05
1.24262 	0.0186493 	0.00246227 	-6.5445e-05
1.24412 	0.0186671 	0.00246227 	-6.47041e-05
1.24562 	0.0186844 	0.00245895 	-6.38843e-05
1.24712 	0.0187016 	0.00245562 	-6.30644e-05
1.24862 	0.0187189 	0.0024523 	-6.22446e-05
1.25013 	0.0187361 	0.00244898 	-6.14248e-05
1.25163 	0.0187534 	0.00244566 	-6.0605e-05
1.25313 	0.0187706 	0.00244234 	-5.97851e-05
1.25463 	0.0187879 	0.00243902 	-5.89653e-05
1.25613 	0.0188051 	0.0024357 	-5.81455e-05
1.25763 	0.0188223 	0.00243237 	-5.73257e-05
1.25913 	0.0188396 	0.00242905 	-5.65058e-05
1.26063 	0.0188568 	0.00242573 	-5.5686e-05
1.26213 	0.0188741 	0.00242241 	-5.48662e-05
1.26363 	0.0188913 	0.00241909 	-5.40463e-05
1.26513 	0.0189083 	0.00241413 	-5.31852e-05
1.26663 	0.018925 	0.00240723 	-5.22753e-05
1.26813 	0.0189417 	0.00240033 	-5.13655e-05
1.26963 	0.0189584 	0.00239344 	-5.04556e-05
1.27114 	0.018975 	0.00238654 	-4.95458e-05
1.27264 	0.0189917 	0.00237965 	-4.86359e-05
1.27414 	0.0190084 	0.00237275 	-4.77261e-05
1.27564 	0.0190251 	0.00236586 	-4.68163e-05
1.27714 	0.0190417 	0.00235896 	-4.59064e-05
1.27864 	0.0190584 	0.00235206 	-4.49966e-05
1.28014 	0.0190751 	0.00234517 	-4.40867e-05
1.28164 	0.0190918 	0.00233827 	-4.31769e-05
1.28314 	0.0191085 	0.00233138 	-4.2267e-05
1.28464 	0.0191251 	0.00232448 	-4.13572e-05
1.28614 	0.019138 	0.0023183 	-4.0607e-05
1.28764 	0.0191476 	0.00231274 	-3.99944e-05
1.28914 	0.0191572 	0.00230718 	-3.93818e-05
1.29065 	0.0191669 	0.00230162 	-3.87692e-05
1.29215 	0.0191765 	0.00229606 	-3.81566e-05
1.29365 	0.0191861 	0.00229049 	-3.7544e-05
1.29515 	0.0191957 	0.00228493 	-3.69314e-05
1.29665 	0.0192053 	0.00227937 	-3.63188e-05
1.29815 	0.0192149 	0.00227381 	-3.57062e-05
1.29965 	0.0192246 	0.00226825 	-3.50936e-05
1.30115 	0.0192342 	0.00226269 	-3.4481e-05
1.30265 	0.0192438 	0.00225713 	-3.38684e-05
1.30415 	0.0192568 	0.00225307 	-3.31483e-05
1.30565 	0.0192737 	0.00225072 	-3.23061e-05
1.30715 	0.0192906 	0.00224836 	-3.1464e-05
1.30865 	0.0193075 	0.00224601 	-3.06218e-05
1.31016 	0.0193244 	0.00224366 	-2.97797e-05
1.31166 	0.0193413 	0.00224131 	-2.89376e-05
1.31316 	0.0193582 	0.00223896 	-2.80954e-05
1.31466 	0.0193751 	0.0022366 	-2.72533e-05
1.31616 	0.019392 	0.00223425 	-2.64111e-05
1.31766 	0.0194089 	0.0022319 	-2.5569e-05
1.31916 	0.0194258 	0.00222955 	-2.47268e-05
1.32066 	0.0194427 	0.0022272 	-2.38847e-05
1.32216 	0.0194596 	0.00222485 	-2.30425e-05
1.32366 	0.0194765 	0.00222249 	-2.22004e-05
1.32516 	0.0194934 	0.00222014 	-2.13582e-05
1.32666 	0.0195103 	0.00221779 	-2.05161e-05
1.32816 	0.0195272 	0.00221544 	-1.9674e-05
1.32966 	0.0195441 	0.00221309 	-1.88318e-05
1.33117 	0.019561 	0.00221073 	-1.79897e-05
1.33267 	0.0195779 	0.00220838 	-1.71475e-05
1.33417 	0.0195948 	0.00220603 	-1.63054e-05
1.33567 	0.0196154 	0.0022051 	-1.53037e-05
1.33717 	0.0196395 	0.00220548 	-1.41555e-05
1.33867 	0.0196636 	0.00220586 	-1.30074e-05
1.34017 	0.0196877 	0.00220624 	-1.18592e-05
1.34167 	0.0197118 	0.00220662 	-1.0711e-05
1.34317 	0.0197358 	0.00220699 	-9.56283e-06
1.34467 	0.0197599 	0.00220737 	-8.41466e-06
1.34617 	0.019784 	0.00220775 	-7.26648e-06
1.34767 	0.0198081 	0.00220813 	-6.11831e-06
1.34917 	0.0198322 	0.00220851 	-4.97013e-06
1.35068 	0.0198549 	0.00220837 	-3.85456e-06
1.35218 	0.0198689 	0.00220508 	-2.94032e-06
1.35368 	0.019883 	0.00220178 	-2.02608e-06
1.35518 	0.019897 	0.00219849 	-1.11185e-06
1.35668 	0.019911 	0.00219519 	-1.97608e-07
1.35818 	0.0199251 	0.0021919 	7.16631e-07
1.35968 	0.0199391 	0.0021886 	1.63087e-06
1.36118 	0.0199531 	0.0021853 	2.54511e-06
1.36268 	0.0199672 	0.00218201 	3.45935e-06
1.36418 	0.0199819 	0.0021791 	4.33021e-06
1.36568 	0.0199995 	0.00217786 	5.01728e-06
1.36718 	0.020017 	0.00217661 	5.70435e-06
1.36868 	0.0200346 	0.00217537 	6.39142e-06
1.37019 	0.0200522 	0.00217412 	7.0785e-06
1.37169 	0.0200697 	0.00217288 	7.76557e-06
1.37319 	0.0200873 	0.00217163 	8.45264e-06
1.37469 	0.0201049 	0.00217039 	9.13972e-06
1.37619 	0.0201224 	0.00216914 	9.82679e-06
1.37769 	0.02014 	0.0021679 	1.05139e-05
1.37919 	0.0201576 	0.00216665 	1.12009e-05
1.38069 	0.0201751 	0.00216541 	1.1888e-05
1.38219 	0.0201927 	0.00216416 	1.25751e-05
1.38369 	0.0202103 	0.00216292 	1.32622e-05
1.38519 	0.0202278 	0.00216167 	1.39492e-05
1.38669 	0.0202454 	0.00216043 	1.46363e-05
1.38819 	0.020263 	0.00215918 	1.53234e-05
1.38969 	0.0202805 	0.00215793 	1.60104e-05
1.3912 	0.0202981 	0.00215669 	1.66975e-05
1.3927 	0.0203157 	0.00215544 	1.73846e-05
1.3942 	0.0203332 	0.0021542 	1.80717e-05
1.3957 	0.0203508 	0.00215295 	1.87587e-05
1.3972 	0.0203684 	0.00215171 	1.94458e-05
1.3987 	0.0203859 	0.00215046 	2.01329e-05
1.4002 	0.0204035 	0.00214922 	2.082e-05
1.4017 	0.0204211 	0.00214797 	2.1507e-05
1.4032 	0.0204386 	0.00214673 	2.21941e-05
1.4047 	0.0204562 	0.00214548 	2.28812e-05
1.4062 	0.0204738 	0.00214424 	2.35683e-05
1.4077 	0.0204953 	0.00214466 	2.42022e-05
1.4092 	0.0205172 	0.00214522 	2.48317e-05
1.41071 	0.020539 	0.00214577 	2.54613e-05
1.41221 	0.0205609 	0.00214633 	2.60908e-05
1.41371 	0.0205828 	0.00214689 	2.67203e-05
1.41521 	0.0206046 	0.00214745 	2.73499e-05
1.41671 	0.0206247 	0.00214697 	2.79864e-05
1.41821 	0.02064 	0.00214361 	2.86419e-05
1.41971 	0.0206553 	0.00214025 	2.92975e-05
1.42121 	0.0206706 	0.0021369 	2.99531e-05
1.42271 	0.0206859 	0.00213354 	3.06087e-05
1.42421 	0.0207012 	0.00213018 	3.12642e-05
1.42571 	0.0207181 	0.00212792 	3.18419e-05
1.42721 	0.0207361 	0.00212653 	3.23582e-05
1.42871 	0.0207542 	0.00212513 	3.28745e-05
1.43022 	0.0207723 	0.00212373 	3.33908e-05
1.43172 	0.0207903 	0.00212234 	3.39071e-05
1.43322 	0.0208084 	0.00212094 	3.44234e-05
1.43472 	0.0208265 	0.00211955 	3.49397e-05
1.43622 	0.0208446 	0.00211815 	3.5456e-05
1.43772 	0.0208626 	0.00211675 	3.59723e-05
1.43922 	0.0208807 	0.00211536 	3.64886e-05
1.44072 	0.0208988 	0.00211396 	3.70049e-05
1.44222 	0.0209168 	0.00211257 	3.75212e-05
1.44372 	0.0209349 	0.00211117 	3.80376e-05
1.44522 	0.020953 	0.00210977 	3.85539e-05
1.44672 	0.020971 	0.00210838 	3.90702e-05
1.44822 	0.0209891 	0.00210698 	3.95865e-05
1.44972 	0.0210072 	0.00210559 	4.01028e-05
1.45123 	0.0210252 	0.00210419 	4.06191e-05
1.45273 	0.0210433 	0.00210279 	4.11354e-05
1.45423 	0.0210614 	0.0021014 	4.16517e-05
1.45573 	0.0210794 	0.0021 	4.2168e-05
1.45723 	0.0210975 	0.00209861 	4.26843e-05
1.45873 	0.0211156 	0.00209721 	4.32006e-05
1.46023 	0.0211337 	0.00209582 	4.37169e-05
1.46173 	0.0211517 	0.00209442 	4.42332e-05
1.46323 	0.0211698 	0.00209302 	4.47495e-05
1.46473 	0.0211879 	0.00209163 	4.52658e-05
1.46623 	0.0212059 	0.00209023 	4.57821e-05
1.46773 	0.021224 	0.00208884 	4.62984e-05
1.46923 	0.0212421 	0.00208744 	4.68147e-05
1.47074 	0.0212601 	0.00208604 	4.7331e-05
1.47224 	0.0212782 	0.00208465 	4.78473e-05
1.47374 	0.0212963 	0.00208325 	4.83636e-05
1.47524 	0.0213143 	0.00208186 	4.88799e-05
1.47674 	0.0213324 	0.00208046 	4.93962e-05
1.47824 	0.0213505 	0.00207906 	4.99125e-05
1.47974 	0.0213708 	0.00207929 	5.03567e-05
1.48124 	0.0213914 	0.00207975 	5.07906e-05
1.48274 	0.0214116 	0.00207992 	5.12321e-05
1.48424 	0.0214267 	0.00207663 	5.17648e-05
1.48574 	0.0214419 	0.00207333 	5.22975e-05
1.48724 	0.0214586 	0.00207134 	5.26908e-05
1.48874 	0.0214761 	0.00206996 	5.30205e-05
1.49025 	0.0214935 	0.00206857 	5.33501e-05
1.49175 	0.021511 	0.00206719 	5.36797e-05
1.49325 	0.0215284 	0.0020658 	5.40093e-05
1.49475 	0.0215459 	0.00206442 	5.4339e-05
1.49625 	0.0215633 	0.00206303 	5.46686e-05
1.49775 	0.0215808 	0.00206164 	5.49982e-05
1.49925 	0.0215983 	0.00206026 	5.53278e-05
1.50075 	0.0216157 	0.00205887 	5.56575e-05
1.50225 	0.0216332 	0.00205749 	5.59871e-05
1.50375 	0.0216506 	0.0020561 	5.63167e-05
1.50525 	0.0216681 	0.00205472 	5.66463e-05
1.50675 	0.0216856 	0.00205333 	5.6976e-05
1.50825 	0.021703 	0.00205195 	5.73056e-05
1.50975 	0.0217205 	0.00205056 	5.76352e-05
1.51126 	0.0217379 	0.00204917 	5.79648e-05
1.51276 	0.0217554 	0.00204779 	5.82945e-05
1.51426 	0.0217729 	0.0020464 	5.86241e-05
1.51576 	0.0217903 	0.00204502 	5.89537e-05
1.51726 	0.0218078 	0.00204363 	5.92833e-05
1.51876 	0.0218252 	0.00204225 	5.9613e-05
1.52026 	0.0218427 	0.00204086 	5.99426e-05
1.52176 	0.0218601 	0.00203947 	6.02722e-05
1.52326 	0.0218776 	0.00203809 	6.06018e-05
1.52476 	0.0218951 	0.0020367 	6.09315e-05
1.52626 	0.0219125 	0.00203532 	6.12611e-05
1.52776 	0.02193 	0.00203393 	6.15907e-05
1.52926 	0.0219474 	0.00203255 	6.19203e-05
1.53077 	0.0219649 	0.00203116 	6.22584e-05
1.53227 	0.0219824 	0.00202978 	6.26075e-05
1.53377 	0.0219998 	0.00202839 	6.29567e-05
1.53527 	0.0220173 	0.00202701 	6.33058e-05
1.53677 	0.0220348 	0.00202562 	6.3655e-05
1.53827 	0.0220523 	0.00202424 	6.40042e-05
1.53977 	0.0220697 	0.00202285 	6.43533e-05
1.54127 	0.0220872 	0.00202147 	6.47025e-05
1.54277 	0.0221047 	0.00202008 	6.50516e-05
1.54427 	0.0221221 	0.0020187 	6.54008e-05
1.54577 	0.0221396 	0.00201731 	6.575e-05
1.54727 	0.0221571 	0.00201593 	6.60991e-05
1.54877 	0.0221766 	0.00201397 	6.63667e-05
1.55028 	0.0221925 	0.00201265 	6.65835e-05
1.55178 	0.0222081 	0.0020115 	6.67007e-05
1.55328 	0.022225 	0.00201016 	6.67409e-05
1.55478 	0.0222419 	0.00200883 	6.67812e-05
1.55628 	0.0222588 	0.00200749 	6.68214e-05
1.55778 	0.0222757 	0.00200616 	6.68616e-05
1.55928 	0.0222926 	0.00200482 	6.69019e-05
1.56078 	0.0223096 	0.00200349 	6.69421e-05
1.56228 	0.0223265 	0.00200215 	6.69824e-05
1.56378 	0.0223434 	0.00200082 	6.70226e-05
1.56528 	0.0223603 	0.00199949 	6.70628e-05
1.56678 	0.0223772 	0.00199815 	6.71031e-05
1.56828 	0.0223942 	0.00199682 	6.71433e-05
1.56978 	0.0224111 	0.00199548 	6.71836e-05
1.57129 	0.022428 	0.00199415 	6.72238e-05
1.57279 	0.0224449 	0.00199281 	6.7264e-05
1.57429 	0.0224618 	0.00199148 	6.73043e-05
1.57579 	0.0224788 	0.00199014 	6.73445e-05
1.57729 	0.0224957 	0.00198881 	6.73847e-05
1.57879 	0.0225126 	0.00198747 	6.7425e-05
1.58029 	0.0225295 	0.00198614 	6.74652e-05
1.58179 	0.0225464 	0.0019848 	6.75055e-05
1.58329 	0.0225633 	0.00198347 	6.75457e-05
1.58479 	0.0225803 	0.00198213 	6.75859e-05
1.58629 	0.0225972 	0.0019808 	6.76262e-05
1.58779 	0.0226141 	0.00197947 	6.76664e-05
1.58929 	0.022631 	0.00197813 	6.77067e-05
1.5908 	0.0226479 	0.0019768 	6.77469e-05
1.5923 	0.0226649 	0.00197546 	6.77871e-05
1.5938 	0.0226818 	0.00197413 	6.78274e-05
1.5953 	0.0226987 	0.00197279 	6.78676e-05
1.5968 	0.0227156 	0.00197146 	6.79079e-05
1.5983 	0.0227325 	0.00197012 	6.79481e-05
1.5998 	0.0227495 	0.00196879 	6.79883e-05
1.6013 	0.0227664 	0.00196745 	6.80286e-05
1.6028 	0.0227833 	0.00196612 	6.80688e-05
1.6043 	0.0228002 	0.00196478 	6.8109e-05
1.6058 	0.0228171 	0.00196345 	6.81493e-05
1.6073 	0.022834 	0.00196212 	6.81895e-05
1.6088 	0.022851 	0.00196078 	6.82298e-05
1.61031 	0.022868 	0.00195856 	6.81413e-05
1.61181 	0.0228852 	0.00195588 	6.79869e-05
1.61331 	0.0229024 	0.00195321 	6.78325e-05
1.61481 	0.0229195 	0.00195053 	6.76782e-05
1.61631 	0.0229363 	0.00194849 	6.75279e-05
1.61781 	0.0229521 	0.00194803 	6.73879e-05
1.61931 	0.022968 	0.00194756 	6.72479e-05
1.62081 	0.0229838 	0.0019471 	6.71078e-05
1.62231 	0.0229996 	0.00194664 	6.69678e-05
1.62381 	0.0230155 	0.00194606 	6.68428e-05
1.62531 	0.0230316 	0.00194473 	6.68149e-05
1.62681 	0.0230478 	0.0019434 	6.6787e-05
1.62831 	0.023064 	0.00194207 	6.67592e-05
1.62981 	0.0230801 	0.00194074 	6.67313e-05
1.63132 	0.0230963 	0.0019394 	6.67034e-05
1.63282 	0.0231124 	0.00193807 	6.66755e-05
1.63432 	0.0231286 	0.00193674 	6.66477e-05
1.63582 	0.0231447 	0.00193541 	6.66198e-05
1.63732 	0.0231609 	0.00193408 	6.65919e-05
1.63882 	0.023177 	0.00193275 	6.6564e-05
1.64032 	0.0231932 	0.00193142 	6.65362e-05
1.64182 	0.0232093 	0.00193009 	6.65083e-05
1.64332 	0.0232255 	0.00192875 	6.64804e-05
1.64482 	0.0232416 	0.00192742 	6.64525e-05
1.64632 	0.0232578 	0.00192609 	6.64247e-05
1.64782 	0.0232739 	0.00192476 	6.63968e-05
1.64932 	0.0232901 	0.00192343 	6.63689e-05
1.65083 	0.0233063 	0.0019221 	6.6341e-05
1.65233 	0.0233224 	0.00192077 	6.63132e-05
1.65383 	0.0233386 	0.00191943 	6.62853e-05
1.65533 	0.0233547 	0.0019181 	6.62574e-05
1.65683 	0.0233709 	0.00191677 	6.62295e-05
1.65833 	0.023387 	0.00191544 	6.62017e-05
1.65983 	0.0234032 	0.00191411 	6.61738e-05
1.66133 	0.0234193 	0.00191278 	6.61459e-05
1.66283 	0.0234355 	0.00191145 	6.6118e-05
1.66433 	0.0234516 	0.00191012 	6.60902e-05
1.66583 	0.0234678 	0.00190878 	6.60623e-05
1.66733 	0.0234839 	0.00190745 	6.60344e-05
1.66883 	0.0235001 	0.00190612 	6.60066e-05
1.67034 	0.0235163 	0.00190479 	6.59787e-05
1.67184 	0.0235301 	0.00190201 	6.6109e-05
1.67334 	0.0235433 	0.00189882 	6.62846e-05
1.67484 	0.0235565 	0.00189563 	6.64601e-05
1.67634 	0.0235697 	0.00189244 	6.66356e-05
1.67784 	0.0235829 	0.00188925 	6.68112e-05
1.67934 	0.0235961 	0.00188606 	6.69867e-05
1.68084 	0.0236093 	0.00188287 	6.71622e-05
1.68234 	0.0236227 	0.00187981 	6.73362e-05
1.68384 	0.0236403 	0.00187962 	6.74768e-05
1.68534 	0.0236578 	0.00187943 	6.76173e-05
1.68684 	0.0236753 	0.00187923 	6.77579e-05
1.68834 	0.0236928 	0.00187904 	6.78984e-05
1.68984 	0.0237103 	0.00187885 	6.8039e-05
1.69135 	0.0237278 	0.00187865 	6.81796e-05
1.69285 	0.0237454 	0.00187846 	6.83201e-05
1.69435 	0.0237629 	0.00187827 	6.84607e-05
1.69585 	0.0237804 	0.00187807 	6.86013e-05
1.69735 	0.0237956 	0.00187671 	6.87715e-05
1.69885 	0.0238108 	0.00187533 	6.89423e-05
1.70035 	0.023826 	0.00187394 	6.91131e-05
1.70185 	0.0238412 	0.00187256 	6.92839e-05
1.70335 	0.0238564 	0.00187118 	6.94547e-05
1.70485 	0.0238716 	0.00186979 	6.96254e-05
1.70635 	0.0238868 	0.00186841 	6.97962e-05
1.70785 	0.023902 	0.00186702 	6.9967e-05
1.70935 	0.0239172 	0.00186564 	7.01378e-05
1.71086 	0.0239324 	0.00186426 	7.03085e-05
1.71236 	0.0239476 	0.00186287 	7.04793e-05
1.71386 	0.0239628 	0.00186149 	7.06501e-05
1.71536 	0.023978 	0.00186011 	7.08209e-05
1.71686 	0.0239932 	0.00185872 	7.09917e-05
1.71836 	0.0240084 	0.00185734 	7.11624e-05
1.71986 	0.0240236 	0.00185595 	7.13332e-05
1.72136 	0.0240388 	0.00185457 	7.1504e-05
1.72286 	0.024054 	0.00185319 	7.16748e-05
1.72436 	0.0240692 	0.0018518 	7.18455e-05
1.72586 	0.0240844 	0.00185042 	7.20163e-05
1.72736 	0.0240996 	0.00184904 	7.21871e-05
1.72886 	0.0241148 	0.00184765 	7.23579e-05
1.73037 	0.02413 	0.00184627 	7.25286e-05
1.73187 	0.0241449 	0.00184464 	7.2708e-05
1.73337 	0.0241573 	0.00184154 	7.29386e-05
1.73487 	0.0241698 	0.00183843 	7.31693e-05
1.73637 	0.0241822 	0.00183533 	7.33999e-05
1.73787 	0.0241947 	0.00183223 	7.36305e-05
1.73937 	0.0242071 	0.00182913 	7.38612e-05
1.74087 	0.0242196 	0.00182603 	7.40918e-05
1.74237 	0.024232 	0.00182293 	7.43224e-05
1.74387 	0.0242445 	0.00181982 	7.45531e-05
1.74537 	0.0242569 	0.00181672 	7.47837e-05
1.74687 	0.0242694 	0.00181362 	7.50144e-05
1.74837 	0.0242824 	0.00181091 	7.52437e-05
1.74987 	0.0242987 	0.00181053 	7.54652e-05
1.75138 	0.024315 	0.00181015 	7.56867e-05
1.75288 	0.0243313 	0.00180978 	7.59082e-05
1.75438 	0.0243477 	0.0018094 	7.61297e-05
1.75588 	0.024364 	0.00180902 	7.63512e-05
1.75738 	0.0243803 	0.00180865 	7.65727e-05
1.75888 	0.0243966 	0.00180827 	7.67942e-05
1.76038 	0.024413 	0.00180789 	7.70157e-05
1.76188 	0.0244293 	0.00180752 	7.72372e-05
1.76338 	0.0244456 	0.00180714 	7.74587e-05
1.76488 	0.0244619 	0.00180676 	7.76802e-05
1.76638 	0.0244782 	0.00180638 	7.79017e-05
1.76788 	0.0244939 	0.00180566 	7.81076e-05
1.76938 	0.0245082 	0.00180421 	7.82805e-05
1.77089 	0.0245224 	0.00180275 	7.84533e-05
1.77239 	0.0245367 	0.00180129 	7.86261e-05
1.77389 	0.024551 	0.00179984 	7.8799e-05
1.77539 	0.0245652 	0.00179838 	7.89718e-05
1.77689 	0.0245795 	0.00179693 	7.91447e-05
1.77839 	0.0245938 	0.00179547 	7.93175e-05
1.77989 	0.024608 	0.00179402 	7.94904e-05
1.78139 	0.0246223 	0.00179256 	7.96632e-05
1.78289 	0.0246365 	0.0017911 	7.9836e-05
1.78439 	0.0246508 	0.00178965 	8.00089e-05
1.78589 	0.0246651 	0.00178819 	8.01817e-05
1.78739 	0.0246793 	0.00178674 	8.03546e-05
1.78889 	0.0246936 	0.00178528 	8.05274e-05
1.7904 	0.0247079 	0.00178383 	8.07002e-05
1.7919 	0.0247221 	0.00178237 	8.08731e-05
1.7934 	0.0247342 	0.00177958 	8.10087e-05
1.7949 	0.024746 	0.00177658 	8.11387e-05
1.7964 	0.0247577 	0.00177359 	8.12687e-05
1.7979 	0.0247695 	0.0017706 	8.13987e-05
1.7994 	0.0247812 	0.0017676 	8.15287e-05
1.8009 	0.024793 	0.00176461 	8.16587e-05
1.8024 	0.0248047 	0.00176162 	8.17887e-05
1.8039 	0.0248165 	0.00175862 	8.19187e-05
1.8054 	0.0248283 	0.00175563 	8.20487e-05
1.8069 	0.02484 	0.00175264 	8.21787e-05
1.8084 	0.0248518 	0.00174964 	8.23087e-05
1.8099 	0.0248635 	0.00174665 	8.24387e-05
1.81141 	0.0248753 	0.00174366 	8.25687e-05
1.81291 	0.024887 	0.00174066 	8.26987e-05
1.81441 	0.0249013 	0.00173944 	8.28401e-05
1.81591 	0.0249166 	0.00173885 	8.29856e-05
1.81741 	0.0249318 	0.00173826 	8.31311e-05
1.81891 	0.0249471 	0.00173767 	8.32767e-05
1.82041 	0.0249623 	0.00173709 	8.34222e-05
1.82191 	0.0249775 	0.0017365 	8.35678e-05
1.82341 	0.0249928 	0.00173591 	8.37133e-05
1.82491 	0.025008 	0.00173532 	8.38588e-05
1.82641 	0.0250233 	0.00173473 	8.40044e-05
1.82791 	0.0250385 	0.00173415 	8.41499e-05
1.82941 	0.0250537 	0.00173356 	8.42955e-05
1.83092 	0.025069 	0.00173297 	8.4441e-05
1.83242 	0.0250842 	0.00173238 	8.45865e-05
1.83392 	0.0250995 	0.0017318 	8.47321e-05
1.83542 	0.0251147 	0.00173121 	8.48776e-05
1.83692 	0.02513 	0.00173062 	8.50231e-05
1.83842 	0.0251445 	0.00172969 	8.51324e-05
1.83992 	0.0251577 	0.00172814 	8.51763e-05
1.84142 	0.0251709 	0.00172659 	8.52201e-05
1.84292 	0.0251841 	0.00172504 	8.5264e-05
1.84442 	0.0251973 	0.00172349 	8.53078e-05
1.84592 	0.0252105 	0.00172194 	8.53517e-05
1.84742 	0.0252237 	0.00172039 	8.53955e-05
1.84892 	0.0252369 	0.00171884 	8.54394e-05
1.85043 	0.0252501 	0.00171729 	8.54832e-05
1.85193 	0.0252632 	0.00171565 	8.55198e-05
1.85343 	0.0252739 	0.00171275 	8.54523e-05
1.85493 	0.0252846 	0.00170985 	8.53848e-05
1.85643 	0.0252953 	0.00170695 	8.53173e-05
1.85793 	0.025306 	0.00170405 	8.52498e-05
1.85943 	0.0253167 	0.00170116 	8.51823e-05
1.86093 	0.0253274 	0.00169826 	8.51147e-05
1.86243 	0.0253381 	0.00169536 	8.50472e-05
1.86393 	0.0253488 	0.00169246 	8.49797e-05
1.86543 	0.0253596 	0.00168956 	8.49122e-05
1.86693 	0.0253703 	0.00168666 	8.48447e-05
1.86843 	0.025381 	0.00168376 	8.47772e-05
1.86993 	0.0253917 	0.00168087 	8.47097e-05
1.87144 	0.0254024 	0.00167797 	8.46421e-05
1.87294 	0.0254131 	0.00167507 	8.45746e-05
1.87444 	0.0254238 	0.00167217 	8.45071e-05
1.87594 	0.0254345 	0.00166927 	8.44396e-05
1.87744 	0.0254452 	0.00166637 	8.43721e-05
1.87894 	0.0254592 	0.00166547 	8.43391e-05
1.88044 	0.0254732 	0.00166462 	8.43072e-05
1.88194 	0.0254872 	0.00166378 	8.42752e-05
1.88344 	0.0255012 	0.00166294 	8.42433e-05
1.88494 	0.0255153 	0.00166209 	8.42114e-05
1.88644 	0.0255293 	0.00166125 	8.41794e-05
1.88794 	0.0255433 	0.0016604 	8.41475e-05
1.88944 	0.0255574 	0.00165956 	8.41156e-05
1.89095 	0.0255714 	0.00165871 	8.40837e-05
1.89245 	0.0255854 	0.00165787 	8.40517e-05
1.89395 	0.0255995 	0.00165703 	8.40198e-05
1.89545 	0.0256135 	0.00165618 	8.39879e-05
1.89695 	0.0256275 	0.00165534 	8.39559e-05
1.89845 	0.0256415 	0.00165449 	8.3924e-05
1.89995 	0.0256556 	0.00165365 	8.38921e-05
1.90145 	0.0256696 	0.0016528 	8.38601e-05
1.90295 	0.0256836 	0.00165196 	8.38282e-05
1.90445 	0.0256977 	0.00165112 	8.37963e-05
1.90595 	0.0257117 	0.00165027 	8.37643e-05
1.90745 	0.025725 	0.00164908 	8.37341e-05
1.90895 	0.0257363 	0.00164702 	8.37079e-05
1.91046 	0.0257476 	0.00164497 	8.36818e-05
1.91196 	0.0257562 	0.00164156 	8.3659e-05
1.91346 	0.0257643 	0.00163789 	8.36367e-05
1.91496 	0.0257723 	0.00163422 	8.36145e-05
1.91646 	0.0257803 	0.00163054 	8.35923e-05
1.91796 	0.0257884 	0.00162687 	8.35701e-05
1.91946 	0.0257964 	0.0016232 	8.35479e-05
1.92096 	0.0258044 	0.00161953 	8.35257e-05
1.92246 	0.0258125 	0.00161586 	8.35034e-05
1.92396 	0.0258205 	0.00161218 	8.34812e-05
1.92546 	0.0258286 	0.00160851 	8.3459e-05
1.92696 	0.0258366 	0.00160484 	8.34368e-05
1.92846 	0.0258446 	0.00160117 	8.34146e-05
1.92996 	0.0258527 	0.00159749 	8.33923e-05
1.93147 	0.0258607 	0.00159382 	8.33701e-05
1.93297 	0.0258688 	0.00159015 	8.33479e-05
1.93447 	0.0258768 	0.00158648 	8.33257e-05
1.93597 	0.0258848 	0.00158281 	8.33035e-05
1.93747 	0.0258929 	0.00157913 	8.32813e-05
1.93897 	0.0259009 	0.00157546 	8.3259e-05
1.94047 	0.025909 	0.00157179 	8.32368e-05
1.94197 	0.0259172 	0.00156807 	8.32287e-05
1.94347 	0.0259255 	0.00156435 	8.32207e-05
1.94497 	0.0259338 	0.00156063 	8.32127e-05
1.94647 	0.025942 	0.00155691 	8.32047e-05
1.94797 	0.0259503 	0.00155319 	8.31967e-05
1.94947 	0.0259586 	0.00154948 	8.31887e-05
1.95098 	0.0259668 	0.00154576 	8.31807e-05
1.95248 	0.0259751 	0.00154204 	8.31727e-05
1.95398 	0.0259834 	0.00153832 	8.31647e-05
1.95548 	0.0259916 	0.0015346 	8.31567e-05
1.95698 	0.0259999 	0.00153088 	8.31487e-05
1.95848 	0.0260082 	0.00152716 	8.31407e-05
1.95998 	0.0260165 	0.00152344 	8.31327e-05
1.96148 	0.0260247 	0.00151972 	8.31247e-05
1.96298 	0.026033 	0.001516 	8.31167e-05
1.96448 	0.0260413 	0.00151229 	8.31087e-05
1.96598 	0.0260495 	0.00150857 	8.31007e-05
1.96748 	0.0260578 	0.00150485 	8.30927e-05
1.96898 	0.0260665 	0.0015015 	8.31058e-05
1.97049 	0.0260766 	0.00149926 	8.31808e-05
1.97199 	0.0260867 	0.00149702 	8.32558e-05
1.97349 	0.0260968 	0.00149478 	8.33308e-05
1.97499 	0.0261074 	0.00149298 	8.34324e-05
1.97649 	0.0261191 	0.0014921 	8.35875e-05
1.97799 	0.0261308 	0.00149122 	8.37426e-05
1.97949 	0.0261424 	0.00149033 	8.38977e-05
1.98099 	0.0261541 	0.00148945 	8.40528e-05
1.98249 	0.0261658 	0.00148856 	8.42079e-05
1.98399 	0.0261775 	0.00148768 	8.4363e-05
1.98549 	0.0261892 	0.00148679 	8.45181e-05
1.98699 	0.0262008 	0.00148591 	8.46732e-05
1.98849 	0.0262125 	0.00148503 	8.48283e-05
1.98999 	0.0262242 	0.00148414 	8.49834e-05
1.9915 	0.0262359 	0.00148326 	8.51385e-05
1.993 	0.0262476 	0.00148237 	8.52936e-05
1.9945 	0.0262593 	0.00148149 	8.54486e-05
1.996 	0.0262709 	0.00148061 	8.56037e-05
1.9975 	0.0262826 	0.00147972 	8.57588e-05
1.999 	0.0262943 	0.00147884 	8.59139e-05
2.0005 	0.026306 	0.00147795 	8.6069e-05
2.002 	0.0263177 	0.00147707 	8.62241e-05
2.0035 	0.0263267 	0.00147442 	8.63781e-05
2.005 	0.0263354 	0.00147161 	8.65319e-05
2.0065 	0.0263442 	0.0014688 	8.66857e-05
2.008 	0.026353 	0.00146599 	8.68395e-05
2.0095 	0.0263618 	0.00146318 	8.69933e-05
2.01101 	0.0263705 	0.00146037 	8.71472e-05
2.01251 	0.0263793 	0.00145756 	8.7301e-05
2.01401 	0.0263881 	0.00145475 	8.74548e-05
2.01551 	0.0263968 	0.00145194 	8.76086e-05
2.01701 	0.0264056 	0.00144913 	8.77625e-05
2.01851 	0.0264144 	0.00144632 	8.79163e-05
2.02001 	0.0264231 	0.00144351 	8.80701e-05
2.02151 	0.0264319 	0.00144071 	8.82239e-05
2.02301 	0.0264407 	0.0014379 	8.83778e-05
2.02451 	0.0264495 	0.00143509 	8.85316e-05
2.02601 	0.0264587 	0.00143269 	8.86964e-05
2.02751 	0.0264685 	0.00143085 	8.88762e-05
2.02901 	0.0264783 	0.00142901 	8.9056e-05
2.03052 	0.0264881 	0.00142717 	8.92358e-05
2.03202 	0.0264979 	0.00142534 	8.94155e-05
2.03352 	0.0265077 	0.0014235 	8.95953e-05
2.03502 	0.0265175 	0.00142166 	8.97751e-05
2.03652 	0.0265273 	0.00141982 	8.99548e-05
2.03802 	0.0265371 	0.00141798 	9.01346e-05
2.03952 	0.0265469 	0.00141614 	9.03144e-05
2.04102 	0.0265574 	0.0014149 	9.05198e-05
2.04252 	0.0265682 	0.001414 	9.07401e-05
2.04402 	0.0265791 	0.0014131 	9.09604e-05
2.04552 	0.0265899 	0.0014122 	9.11807e-05
2.04702 	0.0266008 	0.0014113 	9.1401e-05
2.04852 	0.0266116 	0.0014104 	9.16213e-05
2.05003 	0.0266225 	0.0014095 	9.18416e-05
2.05153 	0.0266333 	0.0014086 	9.20619e-05
2.05303 	0.0266442 	0.0014077 	9.22821e-05
2.05453 	0.026655 	0.0014068 	9.25024e-05
2.05603 	0.0266659 	0.0014059 	9.27227e-05
2.05753 	0.0266767 	0.001405 	9.2943e-05
2.05903 	0.0266876 	0.0014041 	9.31633e-05
2.06053 	0.0266984 	0.0014032 	9.33836e-05
2.06203 	0.0267092 	0.0014023 	9.36039e-05
2.06353 	0.0267174 	0.00139977 	9.38515e-05
2.06503 	0.0267253 	0.00139702 	9.41029e-05
2.06653 	0.0267331 	0.00139426 	9.43544e-05
2.06803 	0.0267409 	0.00139151 	9.46058e-05
2.06953 	0.0267487 	0.00138875 	9.48573e-05
2.07104 	0.0267565 	0.001386 	9.51087e-05
2.07254 	0.0267644 	0.00138325 	9.53602e-05
2.07404 	0.0267722 	0.00138049 	9.56116e-05
2.07554 	0.02678 	0.00137774 	9.58631e-05
2.07704 	0.0267878 	0.00137498 	9.61145e-05
2.07854 	0.0267957 	0.00137223 	9.6366e-05
2.08004 	0.0268035 	0.00136947 	9.66174e-05
2.08154 	0.0268114 	0.00136723 	9.68241e-05
2.08304 	0.0268195 	0.00136559 	9.69767e-05
2.08454 	0.0268277 	0.00136395 	9.71293e-05
2.08604 	0.0268358 	0.00136231 	9.72819e-05
2.08754 	0.0268439 	0.00136068 	9.74345e-05
2.08904 	0.026852 	0.00135904 	9.75871e-05
2.09055 	0.0268601 	0.0013574 	9.77398e-05
2.09205 	0.0268682 	0.00135576 	9.78924e-05
2.09355 	0.0268764 	0.00135413 	9.8045e-05
2.09505 	0.0268845 	0.00135249 	9.81976e-05
2.09655 	0.0268926 	0.00135085 	9.83502e-05
2.09805 	0.0269007 	0.00134921 	9.85028e-05
2.09955 	0.0269088 	0.00134758 	9.86554e-05
2.10105 	0.0269169 	0.00134594 	9.8808e-05
2.10255 	0.0269251 	0.0013443 	9.89606e-05
2.10405 	0.0269331 	0.00134303 	9.90916e-05
2.10555 	0.0269409 	0.00134263 	9.91721e-05
2.10705 	0.0269487 	0.00134222 	9.92526e-05
2.10855 	0.0269565 	0.00134181 	9.93331e-05
2.11006 	0.0269643 	0.00134141 	9.94136e-05
2.11156 	0.0269721 	0.001341 	9.94941e-05
2.11306 	0.0269799 	0.00134059 	9.95747e-05
2.11456 	0.0269877 	0.00134019 	9.96552e-05
2.11606 	0.0269955 	0.00133978 	9.97357e-05
2.11756 	0.0270033 	0.00133937 	9.98162e-05
2.11906 	0.0270111 	0.00133897 	9.98967e-05
2.12056 	0.0270189 	0.00133856 	9.99772e-05
2.12206 	0.0270226 	0.00133675 	0.000100101
2.12356 	0.0270262 	0.00133489 	0.000100227
2.12506 	0.0270298 	0.00133304 	0.000100353
2.12656 	0.0270335 	0.00133118 	0.000100479
2.12806 	0.0270371 	0.00132932 	0.000100604
2.12956 	0.0270407 	0.00132746 	0.00010073
2.13107 	0.0270443 	0.0013256 	0.000100856
2.13257 	0.0270479 	0.00132375 	0.000100981
2.13407 	0.0270515 	0.00132189 	0.000101107
2.13557 	0.0270566 	0.00132016 	0.000101192
2.13707 	0.0270637 	0.00131861 	0.00010122
2.13857 	0.0270709 	0.00131705 	0.000101248
2.14007 	0.027078 	0.0013155 	0.000101276
2.14157 	0.0270852 	0.00131395 	0.000101304
2.14307 	0.0270923 	0.0013124 	0.000101332
2.14457 	0.0270995 	0.00131085 	0.00010136
2.14607 	0.0271066 	0.00130929 	0.000101388
2.14757 	0.0271137 	0.00130774 	0.000101416
2.14907 	0.0271209 	0.00130619 	0.000101444
2.15058 	0.027128 	0.00130464 	0.000101472
2.15208 	0.0271352 	0.00130308 	0.0001015
2.15358 	0.0271423 	0.00130153 	0.000101528
2.15508 	0.0271494 	0.00129998 	0.000101555
2.15658 	0.0271566 	0.00129843 	0.000101583
2.15808 	0.0271637 	0.00129688 	0.000101611
2.15958 	0.0271709 	0.00129532 	0.000101639
2.16108 	0.027178 	0.00129377 	0.000101667
2.16258 	0.0271852 	0.00129222 	0.000101695
2.16408 	0.0271923 	0.00129067 	0.000101723
2.16558 	0.0272005 	0.00128913 	0.00010172
2.16708 	0.02721 	0.00128761 	0.00010168
2.16858 	0.0272195 	0.0012861 	0.000101639
2.17009 	0.0272291 	0.00128458 	0.000101598
2.17159 	0.0272386 	0.00128306 	0.000101558
2.17309 	0.0272481 	0.00128155 	0.000101517
2.17459 	0.0272576 	0.00128003 	0.000101477
2.17609 	0.0272671 	0.00127851 	0.000101436
2.17759 	0.0272759 	0.00127682 	0.000101403
2.17909 	0.0272827 	0.00127466 	0.000101388
2.18059 	0.0272896 	0.00127251 	0.000101373
2.18209 	0.0272964 	0.00127035 	0.000101358
2.18359 	0.0273033 	0.0012682 	0.000101344
2.18509 	0.0273101 	0.00126605 	0.000101329
2.18659 	0.0273169 	0.00126389 	0.000101314
2.18809 	0.0273238 	0.0012619 	0.000101241
2.18959 	0.0273307 	0.00126017 	0.000101077
2.1911 	0.0273376 	0.00125843 	0.000100912
2.1926 	0.0273445 	0.0012567 	0.000100748
2.1941 	0.0273514 	0.00125496 	0.000100583
2.1956 	0.0273584 	0.00125323 	0.000100419
2.1971 	0.0273653 	0.00125149 	0.000100254
2.1986 	0.0273722 	0.00124976 	0.00010009
2.2001 	0.0273791 	0.00124802 	9.99254e-05
2.2016 	0.027386 	0.00124629 	9.97609e-05
2.2031 	0.0273929 	0.00124455 	9.95963e-05
2.2046 	0.0273998 	0.00124282 	9.94318e-05
2.2061 	0.0274067 	0.00124108 	9.92673e-05
2.2076 	0.0274137 	0.00123935 	9.91028e-05
2.2091 	0.0274206 	0.00123761 	9.89383e-05
2.21061 	0.0274275 	0.00123588 	9.87738e-05
2.21211 	0.0274344 	0.00123414 	9.86093e-05
2.21361 	0.0274413 	0.00123241 	9.84448e-05
2.21511 	0.0274482 	0.00123067 	9.82802e-05
2.21661 	0.0274551 	0.00122894 	9.81157e-05
2.21811 	0.027462 	0.0012272 	9.79512e-05
2.21961 	0.0274689 	0.00122547 	9.77867e-05
2.22111 	0.0274759 	0.00122373 	9.76222e-05
2.22261 	0.0274828 	0.001222 	9.74577e-05
2.22411 	0.0274897 	0.00122026 	9.72724e-05
2.22561 	0.0274968 	0.00121849 	9.69871e-05
2.22711 	0.027504 	0.00121672 	9.67019e-05
2.22861 	0.0275111 	0.00121494 	9.64166e-05
2.23012 	0.0275182 	0.00121317 	9.61314e-05
2.23162 	0.0275253 	0.0012114 	9.58462e-05
2.23312 	0.0275324 	0.00120953 	9.55631e-05
2.23462 	0.0275394 	0.00120763 	9.52803e-05
2.23612 	0.0275464 	0.00120574 	9.49976e-05
2.23762 	0.0275534 	0.00120385 	9.47148e-05
2.23912 	0.0275603 	0.00120194 	9.44249e-05
2.24062 	0.0275668 	0.00119999 	9.41256e-05
2.24212 	0.0275733 	0.00119803 	9.38262e-05
2.24362 	0.0275799 	0.00119608 	9.35269e-05
2.24512 	0.0275864 	0.00119413 	9.32275e-05
2.24662 	0.0275929 	0.00119218 	9.29282e-05
2.24812 	0.0275994 	0.00119023 	9.26289e-05
2.24962 	0.027606 	0.00118828 	9.23295e-05
2.25113 	0.0276125 	0.00118633 	9.20302e-05
2.25263 	0.027619 	0.00118438 	9.17308e-05
2.25413 	0.0276256 	0.00118243 	9.14315e-05
2.25563 	0.0276321 	0.00118048 	9.11321e-05
2.25713 	0.0276386 	0.00117853 	9.08328e-05
2.25863 	0.0276452 	0.00117658 	9.05334e-05
2.26013 	0.0276517 	0.00117463 	9.02341e-05
2.26163 	0.0276582 	0.00117268 	8.99347e-05
2.26313 	0.0276647 	0.00117073 	8.96354e-05
2.26463 	0.0276713 	0.00116878 	8.9336e-05
2.26613 	0.0276778 	0.00116683 	8.90367e-05
2.26763 	0.0276843 	0.00116488 	8.87373e-05
2.26913 	0.0276909 	0.00116293 	8.8438e-05
2.27064 	0.0276974 	0.00116097 	8.81386e-05
2.27214 	0.0277039 	0.00115902 	8.78393e-05
2.27364 	0.0277105 	0.00115707 	8.75399e-05
2.27514 	0.027717 	0.00115512 	8.72406e-05
2.27664 	0.0277235 	0.00115317 	8.69413e-05
2.27814 	0.0277301 	0.00115122 	8.66419e-05
2.27964 	0.0277366 	0.00114927 	8.63426e-05
2.28114 	0.027743 	0.00114737 	8.60235e-05
2.28264 	0.0277492 	0.00114552 	8.56878e-05
2.28414 	0.0277554 	0.00114366 	8.53521e-05
2.28564 	0.0277616 	0.00114181 	8.49991e-05
2.28714 	0.0277676 	0.00113996 	8.46434e-05
2.28864 	0.0277734 	0.00113803 	8.43569e-05
2.29015 	0.0277789 	0.00113603 	8.4118e-05
2.29165 	0.0277845 	0.00113404 	8.38791e-05
2.29315 	0.02779 	0.00113204 	8.36402e-05
2.29465 	0.0277956 	0.00113005 	8.34013e-05
2.29615 	0.0278011 	0.00112806 	8.31624e-05
2.29765 	0.0278066 	0.00112606 	8.29234e-05
2.29915 	0.0278122 	0.00112407 	8.26845e-05
2.30065 	0.0278177 	0.00112208 	8.24456e-05
2.30215 	0.0278233 	0.00112008 	8.22067e-05
2.30365 	0.0278288 	0.00111809 	8.19678e-05
2.30515 	0.0278344 	0.0011161 	8.17289e-05
2.30665 	0.0278399 	0.0011141 	8.14899e-05
2.30815 	0.0278454 	0.00111211 	8.1251e-05
2.30965 	0.027851 	0.00111012 	8.10121e-05
2.31116 	0.0278565 	0.00110812 	8.07732e-05
2.31266 	0.0278621 	0.00110613 	8.05343e-05
2.31416 	0.0278676 	0.00110414 	8.02954e-05
2.31566 	0.0278731 	0.00110214 	8.00564e-05
2.31716 	0.0278787 	0.00110015 	7.98175e-05
2.31866 	0.0278842 	0.00109816 	7.95786e-05
2.32016 	0.0278898 	0.00109616 	7.93397e-05
2.32166 	0.0278953 	0.00109417 	7.91008e-05
2.32316 	0.0279008 	0.00109217 	7.88619e-05
2.32466 	0.0279064 	0.00109018 	7.86229e-05
2.32616 	0.0279119 	0.00108819 	7.8384e-05
2.32766 	0.0279175 	0.00108619 	7.81451e-05
2.32916 	0.027923 	0.0010842 	7.79062e-05
2.33067 	0.0279285 	0.00108221 	7.76673e-05
2.33217 	0.0279341 	0.00108021 	7.74284e-05
2.33367 	0.0279396 	0.00107822 	7.71894e-05
2.33517 	0.0279449 	0.00107629 	7.69929e-05
2.33667 	0.0279495 	0.00107429 	7.68588e-05
2.33817 	0.0279539 	0.00107229 	7.67287e-05
2.33967 	0.0279584 	0.00107028 	7.65986e-05
2.34117 	0.0279629 	0.00106827 	7.64685e-05
2.34267 	0.0279674 	0.00106626 	7.63384e-05
2.34417 	0.0279719 	0.00106425 	7.6206e-05
2.34567 	0.0279765 	0.00106224 	7.60716e-05
2.34717 	0.027981 	0.00106023 	7.59371e-05
2.34867 	0.0279856 	0.00105822 	7.58027e-05
2.35018 	0.0279901 	0.00105621 	7.56683e-05
2.35168 	0.0279947 	0.0010542 	7.55338e-05
2.35318 	0.0279992 	0.00105219 	7.53994e-05
2.35468 	0.0280038 	0.00105017 	7.5265e-05
2.35618 	0.0280083 	0.00104816 	7.51305e-05
2.35768 	0.0280129 	0.00104615 	7.49961e-05
2.35918 	0.0280174 	0.00104414 	7.48617e-05
2.36068 	0.028022 	0.00104213 	7.47272e-05
2.36218 	0.0280265 	0.00104012 	7.45928e-05
2.36368 	0.0280311 	0.00103811 	7.44584e-05
2.36518 	0.0280357 	0.00103609 	7.43239e-05
2.36668 	0.0280402 	0.00103408 	7.41895e-05
2.36818 	0.0280448 	0.00103207 	7.40551e-05
2.36968 	0.0280493 	0.00103006 	7.39206e-05
2.37119 	0.0280539 	0.00102805 	7.37862e-05
2.37269 	0.0280584 	0.00102604 	7.36518e-05
2.37419 	0.028063 	0.00102403 	7.35173e-05
2.37569 	0.0280675 	0.00102201 	7.33829e-05
2.37719 	0.0280721 	0.00102 	7.32485e-05
2.37869 	0.0280766 	0.00101799 	7.3114e-05
2.38019 	0.0280812 	0.00101598 	7.29796e-05
2.38169 	0.0280845 	0.00101359 	7.28643e-05
2.38319 	0.0280867 	0.0010109 	7.27671e-05
2.38469 	0.0280923 	0.00100927 	7.26863e-05
2.38619 	0.0280967 	0.00100762 	7.26053e-05
2.38769 	0.0280997 	0.00100597 	7.25242e-05
2.38919 	0.0281027 	0.00100431 	7.24431e-05
2.3907 	0.0281058 	0.00100265 	7.2362e-05
2.3922 	0.0281088 	0.00100099 	7.22809e-05
2.3937 	0.0281118 	0.000999338 	7.21998e-05
2.3952 	0.0281148 	0.000997681 	7.21187e-05
2.3967 	0.0281178 	0.000996024 	7.20376e-05
2.3982 	0.0281208 	0.000994367 	7.19565e-05
2.3997 	0.0281239 	0.00099271 	7.18753e-05
2.4012 	0.0281269 	0.000991053 	7.17942e-05
2.4027 	0.0281299 	0.000989396 	7.17131e-05
2.4042 	0.0281329 	0.00098774 	7.1632e-05
2.4057 	0.0281359 	0.000986083 	7.15509e-05
2.4072 	0.0281389 	0.000984426 	7.14698e-05
2.4087 	0.028142 	0.000982769 	7.13887e-05
2.41021 	0.028145 	0.000981112 	7.13076e-05
2.41171 	0.028148 	0.000979455 	7.12265e-05
2.41321 	0.028151 	0.000977798 	7.11454e-05
2.41471 	0.028154 	0.000976141 	7.10643e-05
2.41621 	0.028157 	0.000974485 	7.09832e-05
2.41771 	0.02816 	0.000972828 	7.0902e-05
2.41921 	0.0281631 	0.000971171 	7.08209e-05
2.42071 	0.0281661 	0.000969514 	7.07398e-05
2.42221 	0.0281691 	0.000967857 	7.06587e-05
2.42371 	0.0281721 	0.0009662 	7.05776e-05
2.42521 	0.0281741 	0.000964427 	7.04965e-05
2.42671 	0.0281742 	0.000962451 	7.04154e-05
2.42821 	0.0281744 	0.000960475 	7.03344e-05
2.42971 	0.0281755 	0.000958977 	7.02707e-05
2.43122 	0.0281786 	0.000958549 	7.02459e-05
2.43272 	0.0281817 	0.000958121 	7.02211e-05
2.43422 	0.0281846 	0.000957604 	7.01922e-05
2.43572 	0.0281857 	0.00095574 	7.01025e-05
2.43722 	0.0281867 	0.000953876 	7.00127e-05
2.43872 	0.0281878 	0.000952012 	6.9923e-05
2.44022 	0.0281889 	0.000950148 	6.98332e-05
2.44172 	0.0281899 	0.000948284 	6.97435e-05
2.44322 	0.028191 	0.00094642 	6.96537e-05
2.44472 	0.028192 	0.000944555 	6.9564e-05
2.44622 	0.0281931 	0.000942691 	6.94742e-05
2.44772 	0.0281942 	0.000940827 	6.93845e-05
2.44922 	0.0281952 	0.000938963 	6.92947e-05
2.45073 	0.0281963 	0.000937099 	6.92049e-05
2.45223 	0.0281973 	0.000935235 	6.91152e-05
2.45373 	0.0281984 	0.000933371 	6.90254e-05
2.45523 	0.0281995 	0.000931507 	6.89357e-05
2.45673 	0.0282005 	0.000929643 	6.88459e-05
2.45823 	0.0282016 	0.000927779 	6.87562e-05
2.45973 	0.0282026 	0.000925915 	6.86664e-05
2.46123 	0.0282037 	0.000924051 	6.85767e-05
2.46273 	0.0282048 	0.000922187 	6.84869e-05
2.46423 	0.0282058 	0.000920323 	6.83971e-05
2.46573 	0.0282069 	0.000918459 	6.83074e-05
2.46723 	0.0282068 	0.000915837 	6.81856e-05
2.46873 	0.0282054 	0.000912285 	6.80243e-05
2.47024 	0.0282041 	0.000908732 	6.78631e-05
2.47174 	0.0282027 	0.00090518 	6.77019e-05
2.47324 	0.0282013 	0.00090165 	6.75418e-05
2.47474 	0.0281995 	0.000898606 	6.74056e-05
2.47624 	0.0281976 	0.000895562 	6.72695e-05
2.47774 	0.0281958 	0.000892518 	6.71333e-05
2.47924 	0.028194 	0.000889475 	6.69972e-05
2.48074 	0.0281929 	0.000886679 	6.68797e-05
2.48224 	0.0281927 	0.000884257 	6.67903e-05
2.48374 	0.0281925 	0.000881834 	6.67009e-05
2.48524 	0.0281924 	0.000879411 	6.66115e-05
2.48674 	0.0281922 	0.000876988 	6.65221e-05
2.48824 	0.0281921 	0.000874566 	6.64327e-05
2.48974 	0.0281919 	0.000872143 	6.63434e-05
2.49125 	0.0281917 	0.00086972 	6.6254e-05
2.49275 	0.0281916 	0.000867298 	6.61646e-05
2.49425 	0.0281914 	0.000864875 	6.60752e-05
2.49575 	0.0281912 	0.000862452 	6.59858e-05
2.49725 	0.0281911 	0.000860029 	6.58964e-05
2.49875 	0.0281909 	0.000857607 	6.5807e-05
2.50025 	0.0281908 	0.000855184 	6.57176e-05
2.50175 	0.0281906 	0.000852761 	6.56282e-05
2.50325 	0.0281904 	0.000850338 	6.55388e-05
2.50475 	0.0281903 	0.000847916 	6.54494e-05
2.50625 	0.0281901 	0.000845493 	6.536e-05
2.50775 	0.0281911 	0.000843706 	6.53097e-05
2.50925 	0.0281925 	0.00084209 	6.52698e-05
2.51076 	0.0281938 	0.000840473 	6.523e-05
2.51226 	0.0281951 	0.000838856 	6.51901e-05
2.51376 	0.0281964 	0.00083724 	6.51503e-05
2.51526 	0.0281969 	0.000835344 	6.5104e-05
2.51676 	0.028195 	0.000832621 	6.50385e-05
2.51826 	0.0281931 	0.000829897 	6.4973e-05
2.51976 	0.0281912 	0.000827174 	6.49076e-05
2.52126 	0.0281893 	0.00082445 	6.48421e-05
2.52276 	0.0281873 	0.000821727 	6.47766e-05
2.52426 	0.0281857 	0.00081927 	6.47223e-05
2.52576 	0.0281846 	0.000817134 	6.46814e-05
2.52726 	0.0281834 	0.000814999 	6.46405e-05
2.52876 	0.0281822 	0.000812863 	6.45996e-05
2.53027 	0.028181 	0.000810727 	6.45587e-05
2.53177 	0.0281798 	0.000808591 	6.45178e-05
2.53327 	0.0281786 	0.000806456 	6.44769e-05
2.53477 	0.0281775 	0.00080432 	6.4436e-05
2.53627 	0.0281763 	0.000802184 	6.43951e-05
2.53777 	0.0281751 	0.000800048 	6.43542e-05
2.53927 	0.0281739 	0.000797912 	6.43133e-05
2.54077 	0.0281727 	0.000795777 	6.42724e-05
2.54227 	0.0281715 	0.000793641 	6.42315e-05
2.54377 	0.0281703 	0.000791505 	6.41906e-05
2.54527 	0.0281694 	0.000789589 	6.41552e-05
2.54677 	0.0281689 	0.000788025 	6.41285e-05
2.54827 	0.0281683 	0.000786461 	6.41018e-05
2.54977 	0.0281678 	0.000784897 	6.40751e-05
2.55128 	0.0281672 	0.000783333 	6.40484e-05
2.55278 	0.0281667 	0.000781769 	6.40217e-05
2.55428 	0.0281661 	0.000780206 	6.3995e-05
2.55578 	0.0281623 	0.000777547 	6.39584e-05
2.55728 	0.0281582 	0.000774785 	6.39208e-05
2.55878 	0.0281541 	0.000772023 	6.38832e-05
2.56028 	0.02815 	0.000769262 	6.38457e-05
2.56178 	0.0281458 	0.0007665 	6.38081e-05
2.56328 	0.0281417 	0.000763739 	6.37706e-05
2.56478 	0.0281379 	0.000761176 	6.37368e-05
2.56628 	0.0281356 	0.000759453 	6.37187e-05
2.56778 	0.0281333 	0.000757731 	6.37006e-05
2.56928 	0.028131 	0.000756008 	6.36826e-05
2.57079 	0.0281286 	0.000754285 	6.36645e-05
2.57229 	0.0281263 	0.000752562 	6.36464e-05
2.57379 	0.028124 	0.00075084 	6.36283e-05
2.57529 	0.0281217 	0.000749117 	6.36103e-05
2.57679 	0.0281193 	0.000747394 	6.35922e-05
2.57829 	0.028117 	0.000745672 	6.35741e-05
2.57979 	0.0281147 	0.000743949 	6.3556e-05
2.58129 	0.0281127 	0.000742423 	6.35451e-05
2.58279 	0.0281117 	0.000741568 	6.35586e-05
2.58429 	0.0281107 	0.000740712 	6.35721e-05
2.58579 	0.0281097 	0.000739857 	6.35856e-05
2.58729 	0.0281087 	0.000739002 	6.35991e-05
2.58879 	0.0281077 	0.000738147 	6.36126e-05
2.5903 	0.0281067 	0.000737291 	6.36261e-05
2.5918 	0.0281056 	0.000736428 	6.36393e-05
2.5933 	0.0281018 	0.00073481 	6.36251e-05
2.5948 	0.028098 	0.000733193 	6.3611e-05
2.5963 	0.0280942 	0.000731576 	6.35968e-05
2.5978 	0.0280903 	0.000729958 	6.35826e-05
2.5993 	0.0280865 	0.000728341 	6.35684e-05
2.6008 	0.0280827 	0.000726724 	6.35542e-05
2.6023 	0.0280789 	0.000725106 	6.354e-05
2.6038 	0.0280748 	0.000723445 	6.35632e-05
2.6053 	0.0280705 	0.00072175 	6.36149e-05
2.6068 	0.0280663 	0.000720054 	6.36666e-05
2.6083 	0.028062 	0.000718359 	6.37183e-05
2.6098 	0.0280578 	0.000716664 	6.377e-05
2.61131 	0.0280535 	0.000714969 	6.38217e-05
2.61281 	0.0280493 	0.000713274 	6.38734e-05
2.61431 	0.028045 	0.000711579 	6.39251e-05
2.61581 	0.0280405 	0.000709829 	6.40024e-05
2.61731 	0.0280356 	0.000707955 	6.41384e-05
2.61881 	0.0280306 	0.000706081 	6.42744e-05
2.62031 	0.0280257 	0.000704207 	6.44103e-05
2.62181 	0.0280207 	0.000702332 	6.45463e-05
2.62331 	0.0280158 	0.000700458 	6.46822e-05
2.62481 	0.0280108 	0.000698584 	6.48182e-05
2.62631 	0.0280059 	0.00069671 	6.49541e-05
2.62781 	0.0279993 	0.000694456 	6.50728e-05
2.62931 	0.0279913 	0.000691842 	6.51749e-05
2.63082 	0.0279832 	0.000689228 	6.5277e-05
2.63232 	0.0279752 	0.000686613 	6.53791e-05
2.63382 	0.0279671 	0.000683999 	6.54813e-05
2.63532 	0.0279591 	0.000681385 	6.55834e-05
2.63682 	0.027951 	0.000678771 	6.56855e-05
2.63832 	0.027943 	0.000676157 	6.57877e-05
2.63982 	0.027935 	0.000673739 	6.59143e-05
2.64132 	0.0279272 	0.000671494 	6.60624e-05
2.64282 	0.0279194 	0.000669249 	6.62105e-05
2.64432 	0.0279115 	0.000667004 	6.63586e-05
2.64582 	0.0279037 	0.000664759 	6.65067e-05
2.64732 	0.0278959 	0.000662514 	6.66548e-05
2.64882 	0.0278884 	0.000660591 	6.68272e-05
2.65033 	0.0278813 	0.000658885 	6.70161e-05
2.65183 	0.0278741 	0.000657178 	6.7205e-05
2.65333 	0.0278669 	0.000655472 	6.73939e-05
2.65483 	0.0278598 	0.000653766 	6.75828e-05
2.65633 	0.0278526 	0.00065206 	6.77717e-05
2.65783 	0.0278454 	0.000650353 	6.79606e-05
2.65933 	0.0278383 	0.000648647 	6.81495e-05
2.66083 	0.0278294 	0.000646521 	6.83343e-05
2.66233 	0.0278177 	0.000643717 	6.85124e-05
2.66383 	0.027806 	0.000640914 	6.86906e-05
2.66533 	0.0277943 	0.000638111 	6.88687e-05
2.66683 	0.0277827 	0.000635308 	6.90469e-05
2.66833 	0.027771 	0.000632505 	6.92251e-05
2.66983 	0.0277593 	0.000629701 	6.94032e-05
2.67134 	0.0277477 	0.000626898 	6.95814e-05
2.67284 	0.027736 	0.000624117 	6.97583e-05
2.67434 	0.0277266 	0.000622087 	6.98941e-05
2.67584 	0.0277171 	0.000620057 	7.00298e-05
2.67734 	0.0277076 	0.000618027 	7.01656e-05
2.67884 	0.0276982 	0.000616037 	7.02963e-05
2.68034 	0.0276896 	0.000614519 	7.03694e-05
2.68184 	0.027681 	0.000613 	7.04424e-05
2.68334 	0.0276724 	0.000611482 	7.05154e-05
2.68484 	0.0276638 	0.000609963 	7.05884e-05
2.68634 	0.0276552 	0.000608445 	7.06614e-05
2.68784 	0.0276466 	0.000606926 	7.07345e-05
2.68934 	0.027638 	0.000605408 	7.08075e-05
2.69085 	0.0276294 	0.000603889 	7.08805e-05
2.69235 	0.0276161 	0.000601459 	7.09641e-05
2.69385 	0.0275994 	0.000598372 	7.10554e-05
2.69535 	0.0275827 	0.000595286 	7.11466e-05
2.69685 	0.0275661 	0.000592199 	7.12379e-05
2.69835 	0.0275494 	0.000589112 	7.13291e-05
2.69985 	0.0275327 	0.000586025 	7.14204e-05
2.70135 	0.027516 	0.000582938 	7.15116e-05
2.70285 	0.0274993 	0.000579852 	7.16029e-05
2.70435 	0.0274827 	0.000576765 	7.16941e-05
2.70585 	0.0274708 	0.000574676 	7.17272e-05
2.70735 	0.027459 	0.000572595 	7.17599e-05
2.70885 	0.0274513 	0.000571368 	7.17263e-05
2.71036 	0.0274452 	0.000570467 	7.16673e-05
2.71186 	0.0274391 	0.000569566 	7.16083e-05
2.71336 	0.0274331 	0.000568666 	7.15493e-05
2.71486 	0.027427 	0.000567765 	7.14903e-05
2.71636 	0.0274209 	0.000566864 	7.14313e-05
2.71786 	0.0274149 	0.000565963 	7.13723e-05
2.71936 	0.0274088 	0.000565063 	7.13133e-05
2.72086 	0.0274023 	0.000564094 	7.12554e-05
2.72236 	0.0273893 	0.000562084 	7.12148e-05
2.72386 	0.0273762 	0.000560073 	7.11742e-05
2.72536 	0.0273632 	0.000558062 	7.11336e-05
2.72686 	0.0273502 	0.000556052 	7.10929e-05
2.72836 	0.0273372 	0.000554041 	7.10523e-05
2.72986 	0.0273242 	0.000552031 	7.10117e-05
2.73137 	0.0273111 	0.00055002 	7.09711e-05
2.73287 	0.0272981 	0.000548009 	7.09305e-05
2.73437 	0.0272839 	0.000545868 	7.08642e-05
2.73587 	0.0272673 	0.000543493 	7.07031e-05
2.73737 	0.0272501 	0.000541115 	7.04916e-05
2.73887 	0.0272329 	0.000538737 	7.028e-05
2.74037 	0.0272158 	0.000536359 	7.00685e-05
2.74187 	0.0271986 	0.000533981 	6.9857e-05
2.74337 	0.0271814 	0.000531603 	6.96455e-05
2.74487 	0.0271643 	0.000529225 	6.9434e-05
2.74637 	0.0271471 	0.000526848 	6.92224e-05
2.74787 	0.0271299 	0.00052447 	6.90109e-05
2.74937 	0.0271109 	0.000522004 	6.87922e-05
2.75088 	0.0270914 	0.000519512 	6.85714e-05
2.75238 	0.0270718 	0.000517021 	6.83506e-05
2.75388 	0.0270522 	0.000514529 	6.81298e-05
2.75538 	0.0270327 	0.000512038 	6.79089e-05
2.75688 	0.0270131 	0.000509546 	6.76881e-05
2.75838 	0.0269935 	0.000507054 	6.74673e-05
2.75988 	0.026974 	0.000504563 	6.72465e-05
2.76138 	0.0269551 	0.000502149 	6.70226e-05
2.76288 	0.0269401 	0.000500298 	6.68134e-05
2.76438 	0.0269252 	0.000498448 	6.66042e-05
2.76588 	0.0269103 	0.000496597 	6.6395e-05
2.76738 	0.0268953 	0.000494747 	6.61858e-05
2.76888 	0.0268804 	0.000492897 	6.59766e-05
2.77039 	0.0268655 	0.000491046 	6.57674e-05
2.77189 	0.0268506 	0.000489196 	6.55582e-05
2.77339 	0.0268356 	0.000487346 	6.5349e-05
2.77489 	0.0268217 	0.000485757 	6.51616e-05
2.77639 	0.0268081 	0.000484301 	6.49853e-05
2.77789 	0.0267946 	0.000482845 	6.48089e-05
2.77939 	0.0267811 	0.000481388 	6.46326e-05
2.78089 	0.0267676 	0.000479932 	6.44562e-05
2.78239 	0.0267541 	0.000478476 	6.42799e-05
2.78389 	0.0267406 	0.000477019 	6.41036e-05
2.78539 	0.0267256 	0.00047537 	6.39091e-05
2.78689 	0.0267061 	0.000473148 	6.36608e-05
2.78839 	0.0266815 	0.0004704 	6.33546e-05
2.78989 	0.026657 	0.000467652 	6.30484e-05
2.7914 	0.0266325 	0.000464904 	6.27423e-05
2.7929 	0.0266079 	0.000462156 	6.24361e-05
2.7944 	0.0265834 	0.000459409 	6.21299e-05
2.7959 	0.0265589 	0.000456661 	6.18238e-05
2.7974 	0.0265343 	0.000453913 	6.15176e-05
2.7989 	0.02651 	0.000451386 	6.1226e-05
2.8004 	0.0264858 	0.000448962 	6.09412e-05
2.8019 	0.0264615 	0.000446538 	6.06563e-05
2.8034 	0.0264373 	0.000444114 	6.03715e-05
2.8049 	0.0264131 	0.00044169 	6.00867e-05
2.8064 	0.0263888 	0.000439265 	5.98018e-05
2.8079 	0.0263646 	0.000436824 	5.95171e-05
2.8094 	0.0263404 	0.000434301 	5.92326e-05
2.81091 	0.0263155 	0.000431721 	5.89416e-05
2.81241 	0.0262883 	0.000428947 	5.86285e-05
2.81391 	0.0262611 	0.000426174 	5.83153e-05
2.81541 	0.026234 	0.0004234 	5.80022e-05
2.81691 	0.0262068 	0.000420627 	5.7689e-05
2.81841 	0.0261796 	0.000417853 	5.73758e-05
2.81991 	0.0261524 	0.00041508 	5.70627e-05
2.82141 	0.0261237 	0.000412335 	5.67363e-05
2.82291 	0.0260945 	0.000409599 	5.64062e-05
2.82441 	0.0260654 	0.000406862 	5.6076e-05
2.82591 	0.0260362 	0.000404126 	5.57459e-05
2.82741 	0.026007 	0.000401389 	5.54157e-05
2.82891 	0.0259782 	0.000398675 	5.50901e-05
2.83042 	0.0259538 	0.000396279 	5.48292e-05
2.83192 	0.0259295 	0.000393884 	5.45684e-05
2.83342 	0.0259075 	0.000391739 	5.43465e-05
2.83492 	0.0258876 	0.000389815 	5.41589e-05
2.83642 	0.0258678 	0.000387891 	5.39714e-05
2.83792 	0.0258479 	0.000385967 	5.37838e-05
2.83942 	0.025828 	0.000384043 	5.35963e-05
2.84092 	0.0258082 	0.000382119 	5.34088e-05
2.84242 	0.0257865 	0.000380235 	5.31938e-05
2.84392 	0.0257646 	0.000378357 	5.29752e-05
2.84542 	0.0257427 	0.000376478 	5.27567e-05
2.84692 	0.0257208 	0.000374599 	5.25382e-05
2.84842 	0.0256989 	0.000372721 	5.23197e-05
2.84992 	0.0256711 	0.000370253 	5.20862e-05
2.85143 	0.0256426 	0.000367701 	5.18506e-05
2.85293 	0.025614 	0.00036515 	5.16149e-05
2.85443 	0.0255797 	0.000362159 	5.13641e-05
2.85593 	0.0255448 	0.000359119 	5.11116e-05
2.85743 	0.0255099 	0.000356079 	5.0859e-05
2.85893 	0.025475 	0.000353039 	5.06065e-05
2.86043 	0.0254401 	0.000349999 	5.0354e-05
2.86193 	0.0254017 	0.000346856 	5.00512e-05
2.86343 	0.0253632 	0.000343709 	4.97462e-05
2.86493 	0.0253246 	0.000340563 	4.94413e-05
2.86643 	0.0252861 	0.000337416 	4.91364e-05
2.86793 	0.0252515 	0.000334544 	4.88871e-05
2.86943 	0.0252198 	0.000331885 	4.86808e-05
2.87094 	0.0251882 	0.000329225 	4.84745e-05
2.87244 	0.0251583 	0.000326727 	4.82913e-05
2.87394 	0.0251331 	0.000324679 	4.81726e-05
2.87544 	0.0251079 	0.000322631 	4.80539e-05
2.87694 	0.0250827 	0.000320583 	4.79353e-05
2.87844 	0.0250575 	0.000318535 	4.78166e-05
2.87994 	0.0250286 	0.000316396 	4.76633e-05
2.88144 	0.0249995 	0.000314252 	4.75079e-05
2.88294 	0.0249704 	0.000312108 	4.73525e-05
2.88444 	0.0249406 	0.000309905 	4.72006e-05
2.88594 	0.0249034 	0.000307098 	4.70855e-05
2.88744 	0.0248663 	0.00030429 	4.69703e-05
2.88894 	0.0248292 	0.000301483 	4.68551e-05
2.89045 	0.0247877 	0.000298402 	4.67525e-05
2.89195 	0.0247429 	0.000295109 	4.66597e-05
2.89345 	0.024698 	0.000291817 	4.65669e-05
2.89495 	0.0246531 	0.000288524 	4.64741e-05
2.89645 	0.0246045 	0.000285094 	4.63562e-05
2.89795 	0.0245547 	0.000281626 	4.62314e-05
2.89945 	0.0245049 	0.000278158 	4.61066e-05
2.90095 	0.0244584 	0.000274901 	4.60038e-05
2.90245 	0.0244167 	0.000271956 	4.59338e-05
2.90395 	0.024375 	0.000269011 	4.58638e-05
2.90545 	0.0243333 	0.000266066 	4.57937e-05
2.90695 	0.0242972 	0.000263601 	4.57443e-05
2.90845 	0.0242632 	0.00026131 	4.57023e-05
2.90995 	0.0242291 	0.000259019 	4.56603e-05
2.91146 	0.0241937 	0.00025672 	4.5616e-05
2.91296 	0.0241565 	0.00025441 	4.55687e-05
2.91446 	0.0241192 	0.0002521 	4.55213e-05
2.91596 	0.0240752 	0.0002494 	4.54537e-05
2.91746 	0.0240236 	0.000246251 	4.53625e-05
2.91896 	0.0239719 	0.000243102 	4.52713e-05
2.92046 	0.0239203 	0.000239953 	4.51801e-05
2.92196 	0.0238587 	0.00023633 	4.50377e-05
2.92346 	0.0237933 	0.000232525 	4.48756e-05
2.92496 	0.023728 	0.00022872 	4.47135e-05
2.92646 	0.0236585 	0.000224802 	4.45552e-05
2.92796 	0.0235882 	0.00022086 	4.43977e-05
2.92946 	0.0235204 	0.000217067 	4.42404e-05
2.93097 	0.0234607 	0.000213775 	4.40839e-05
2.93247 	0.0234011 	0.000210483 	4.39275e-05
2.93397 	0.0233415 	0.000207192 	4.3771e-05
2.93547 	0.0232868 	0.000204268 	4.36045e-05
2.93697 	0.0232376 	0.000201758 	4.34267e-05
2.93847 	0.0231884 	0.000199249 	4.3249e-05
2.93997 	0.0231379 	0.000196812 	4.3085e-05
2.94147 	0.0230873 	0.00019438 	4.29219e-05
2.94297 	0.0230175 	0.000191235 	4.26737e-05
2.94447 	0.0229376 	0.000187712 	4.23805e-05
2.94597 	0.0228577 	0.000184189 	4.20873e-05
2.94747 	0.0227778 	0.000180667 	4.17941e-05
2.94897 	0.0226722 	0.000176306 	4.13914e-05
2.95048 	0.0225646 	0.000171878 	4.09799e-05
2.95198 	0.0224534 	0.000167381 	4.05751e-05
2.95348 	0.0223408 	0.000162856 	4.01732e-05
2.95498 	0.0222388 	0.000158919 	3.98004e-05
2.95648 	0.0221414 	0.000155234 	3.94399e-05
2.95798 	0.0220439 	0.000151549 	3.90795e-05
2.95948 	0.021947 	0.0001479 	3.87213e-05
2.96098 	0.021865 	0.000145186 	3.84197e-05
2.96248 	0.021783 	0.000142482 	3.81204e-05
2.96398 	0.0217006 	0.000139891 	3.78452e-05
2.96548 	0.0216154 	0.00013727 	3.75647e-05
2.96698 	0.0215245 	0.000134586 	3.72733e-05
2.96848 	0.0214337 	0.000131902 	3.6982e-05
2.96998 	0.0213429 	0.000129218 	3.66906e-05
2.97149 	0.0212451 	0.000126498 	3.63902e-05
2.97299 	0.021145 	0.000123765 	3.60867e-05
2.97449 	0.0210396 	0.000121015 	3.57783e-05
2.97599 	0.020894 	0.000117612 	3.54198e-05
2.97749 	0.0207091 	0.000113566 	3.50122e-05
2.97899 	0.0205241 	0.000109521 	3.46046e-05
2.98049 	0.0203354 	0.000105419 	3.41917e-05
2.98199 	0.0200769 	0.000100259 	3.36776e-05
2.98349 	0.0198089 	9.49711e-05 	3.31346e-05
2.98499 	0.0195384 	8.98088e-05 	3.25947e-05
2.98649 	0.0192915 	8.56482e-05 	3.21725e-05
2.98799 	0.0190446 	8.14877e-05 	3.17503e-05
2.98949 	0.0187977 	7.73271e-05 	3.13281e-05
2.991 	0.0185835 	7.43298e-05 	3.10175e-05
2.9925 	0.018374 	7.14998e-05 	3.07125e-05
2.994 	0.0170691 	6.50387e-05 	2.85565e-05
2.9955 	0.0136884 	5.1719e-05 	2.29109e-05
2.997 	0.0103077 	3.83993e-05 	1.72652e-05
2.9985 	0.00642556 	2.34167e-05 	1.07749e-05
3 	0 	0 	0
