0.858429 	5.8226e-314 	1.4822e-323 	0
0.85993 	0.207186 	0.0901395 	0.000365638
0.861431 	0.429692 	0.186944 	0.000758311
0.862931 	0.783152 	0.28496 	0.00115348
0.864432 	0.675316 	0.258752 	0.00104343
0.865933 	0.387278 	0.168852 	0.000672445
0.867434 	0.181884 	0.0797448 	0.000302361
0.868934 	0.00350497 	0.00239687 	-2.01617e-05
0.870435 	0.00471998 	0.00322302 	-2.6488e-05
0.871936 	0.00595073 	0.004074 	-3.4028e-05
0.873437 	0.00711812 	0.00487658 	-4.09794e-05
0.874937 	0.00825999 	0.00565952 	-4.7682e-05
0.876438 	0.00939333 	0.00643143 	-5.41586e-05
0.877939 	0.0104838 	0.00714795 	-5.95001e-05
0.87944 	0.0115677 	0.00791264 	-6.69337e-05
0.88094 	0.0124514 	0.0085225 	-7.30647e-05
0.882441 	0.0131541 	0.00898701 	-7.78039e-05
0.883942 	0.0138568 	0.00945151 	-8.2543e-05
0.885443 	0.0143795 	0.00971998 	-8.5216e-05
0.886943 	0.0148152 	0.00996007 	-8.86501e-05
0.888444 	0.0151923 	0.0102314 	-9.39266e-05
0.889945 	0.015531 	0.010428 	-9.7118e-05
0.891446 	0.0158658 	0.010617 	-0.000100097
0.892946 	0.0162006 	0.010806 	-0.000103075
0.894447 	0.0166532 	0.0109774 	-0.00010451
0.895948 	0.0169197 	0.0111123 	-0.000106689
0.897449 	0.0169811 	0.0112074 	-0.0001097
0.898949 	0.0171617 	0.0112981 	-0.000112166
0.90045 	0.0173663 	0.0113878 	-0.000114522
0.901951 	0.0175709 	0.0114776 	-0.000116878
0.903452 	0.0179283 	0.0115686 	-0.000119048
0.904952 	0.018307 	0.0116501 	-0.000121167
0.906453 	0.0181322 	0.011588 	-0.000123597
0.907954 	0.0180254 	0.0115443 	-0.00012582
0.909455 	0.0181059 	0.0115511 	-0.000127472
0.910955 	0.0181865 	0.0115579 	-0.000129124
0.912456 	0.018267 	0.0115647 	-0.000130776
0.913957 	0.0186051 	0.0116094 	-0.000131963
0.915458 	0.0188817 	0.0116441 	-0.000133207
0.916958 	0.0186983 	0.0116057 	-0.000134949
0.918459 	0.0185616 	0.0115754 	-0.000136652
0.91996 	0.0186475 	0.0115833 	-0.000138176
0.921461 	0.0187333 	0.0115912 	-0.000139699
0.922961 	0.0188191 	0.0115991 	-0.000141222
0.924462 	0.0190767 	0.0116258 	-0.000142645
0.925963 	0.0194273 	0.0116627 	-0.000144013
0.927464 	0.0194454 	0.0116729 	-0.00014528
0.928964 	0.0192991 	0.0116699 	-0.000146498
0.930465 	0.0192734 	0.011669 	-0.000147851
0.931966 	0.0193594 	0.0116701 	-0.000149329
0.933467 	0.0194455 	0.0116713 	-0.000150807
0.934967 	0.0195315 	0.0116724 	-0.000152286
0.936468 	0.0197895 	0.0116619 	-0.000153885
0.937969 	0.0200958 	0.0116482 	-0.000155519
0.93947 	0.0201279 	0.0116242 	-0.000157101
0.94097 	0.0199884 	0.0115939 	-0.00015865
0.942471 	0.0199005 	0.011567 	-0.000160096
0.943972 	0.0199561 	0.0115495 	-0.000161254
0.945473 	0.0200117 	0.0115321 	-0.000162412
0.946973 	0.0200673 	0.0115147 	-0.00016357
0.948474 	0.0201811 	0.0114933 	-0.000164646
0.949975 	0.0204255 	0.0114629 	-0.000165542
0.951476 	0.0206698 	0.0114326 	-0.000166437
0.952976 	0.0205609 	0.0114217 	-0.000167537
0.954477 	0.0204298 	0.011412 	-0.00016865
0.955978 	0.0203634 	0.0113974 	-0.000169687
0.957479 	0.020407 	0.0113744 	-0.000170593
0.958979 	0.0204506 	0.0113514 	-0.0001715
0.96048 	0.0204942 	0.0113285 	-0.000172407
0.961981 	0.0205698 	0.0112981 	-0.000173277
0.963482 	0.0207768 	0.0112374 	-0.000173996
0.964982 	0.0209839 	0.0111768 	-0.000174714
0.966483 	0.0209986 	0.0111534 	-0.000175492
0.967984 	0.0208888 	0.011154 	-0.000176309
0.969485 	0.020779 	0.0111547 	-0.000177126
0.970985 	0.0207937 	0.0111333 	-0.000177921
0.972486 	0.0208402 	0.0111063 	-0.000178712
0.973987 	0.0208866 	0.0110792 	-0.000179502
0.975488 	0.0209331 	0.0110522 	-0.000180293
0.976988 	0.021037 	0.0110113 	-0.000180985
0.978489 	0.0212254 	0.0109499 	-0.000181534
0.97999 	0.0214137 	0.0108885 	-0.000182084
0.981491 	0.0214432 	0.0108713 	-0.000182677
0.982991 	0.021355 	0.0108869 	-0.000183302
0.984492 	0.0212668 	0.0109025 	-0.000183928
0.985993 	0.0212451 	0.0108911 	-0.000184496
0.987494 	0.0212886 	0.0108531 	-0.000185006
0.988994 	0.0213322 	0.0108151 	-0.000185517
0.990495 	0.0213757 	0.0107772 	-0.000186027
0.991996 	0.0214193 	0.0107392 	-0.000186538
0.993497 	0.0215272 	0.0106621 	-0.00018684
0.994997 	0.0216426 	0.0105805 	-0.000187119
0.996498 	0.0217579 	0.0104989 	-0.000187397
0.997999 	0.0217618 	0.0104545 	-0.000187712
0.9995 	0.0217383 	0.0104194 	-0.000188036
1.001 	0.0217149 	0.0103842 	-0.00018836
1.0025 	0.0217171 	0.0103478 	-0.000188606
1.004 	0.0217509 	0.01031 	-0.000188756
1.0055 	0.0217846 	0.0102723 	-0.000188906
1.007 	0.0218183 	0.0102345 	-0.000189057
1.0085 	0.0218521 	0.0101967 	-0.000189207
1.01001 	0.0218888 	0.0101643 	-0.000189218
1.01151 	0.0219274 	0.0101349 	-0.000189149
1.01301 	0.021966 	0.0101056 	-0.00018908
1.01451 	0.0220007 	0.0100775 	-0.000189015
1.01601 	0.0220241 	0.0100531 	-0.00018896
1.01751 	0.0220474 	0.0100287 	-0.000188904
1.01901 	0.0220708 	0.0100044 	-0.000188849
1.02051 	0.0220966 	0.00997741 	-0.00018876
1.02201 	0.0221242 	0.0099486 	-0.000188648
1.02351 	0.0221517 	0.00991979 	-0.000188536
1.02501 	0.0221792 	0.00989098 	-0.000188424
1.02651 	0.0222068 	0.00986218 	-0.000188312
1.02801 	0.0222353 	0.00983007 	-0.000188123
1.02951 	0.0222645 	0.00979553 	-0.000187878
1.03102 	0.0222938 	0.00976099 	-0.000187633
1.03252 	0.022323 	0.00972645 	-0.000187388
1.03402 	0.0223444 	0.00969757 	-0.00018707
1.03552 	0.0223647 	0.00966944 	-0.000186743
1.03702 	0.0223849 	0.00964131 	-0.000186416
1.03852 	0.0224052 	0.00961318 	-0.000186089
1.04002 	0.0224282 	0.0095833 	-0.00018574
1.04152 	0.0224516 	0.00955319 	-0.000185387
1.04302 	0.022475 	0.00952308 	-0.000185035
1.04452 	0.0224983 	0.00949297 	-0.000184683
1.04602 	0.0225217 	0.00946286 	-0.000184331
1.04752 	0.0225461 	0.00942839 	-0.00018382
1.04902 	0.022571 	0.00939192 	-0.000183235
1.05053 	0.0225958 	0.00935544 	-0.00018265
1.05203 	0.0226207 	0.00931897 	-0.000182066
1.05353 	0.0226412 	0.00928932 	-0.000181518
1.05503 	0.0226595 	0.00926329 	-0.00018099
1.05653 	0.0226778 	0.00923725 	-0.000180463
1.05803 	0.022696 	0.00921122 	-0.000179935
1.05953 	0.0227147 	0.00918435 	-0.000179371
1.06103 	0.0227344 	0.00915545 	-0.000178717
1.06253 	0.0227541 	0.00912655 	-0.000178063
1.06403 	0.0227738 	0.00909764 	-0.000177409
1.06553 	0.0227935 	0.00906874 	-0.000176755
1.06703 	0.0228131 	0.00903984 	-0.000176101
1.06853 	0.0228331 	0.00900466 	-0.000175096
1.07004 	0.022853 	0.00896896 	-0.000174062
1.07154 	0.022873 	0.00893327 	-0.000173027
1.07304 	0.0228929 	0.00889757 	-0.000171993
1.07454 	0.0229099 	0.00886958 	-0.000171047
1.07604 	0.0229243 	0.00884851 	-0.00017018
1.07754 	0.0229387 	0.00882744 	-0.000169314
1.07904 	0.0229531 	0.00880637 	-0.000168448
1.08054 	0.0229675 	0.0087853 	-0.000167582
1.08204 	0.0229837 	0.00875969 	-0.000166674
1.08354 	0.0230004 	0.00873275 	-0.000165754
1.08504 	0.0230172 	0.00870581 	-0.000164834
1.08654 	0.0230339 	0.00867887 	-0.000163914
1.08804 	0.0230506 	0.00865192 	-0.000162994
1.08954 	0.0230675 	0.00862313 	-0.00016203
1.09105 	0.0230848 	0.00858905 	-0.000160939
1.09255 	0.0231021 	0.00855497 	-0.000159847
1.09405 	0.0231194 	0.00852089 	-0.000158756
1.09555 	0.0231367 	0.00848681 	-0.000157664
1.09705 	0.0231523 	0.00845837 	-0.000156605
1.09855 	0.0231658 	0.00843642 	-0.000155583
1.10005 	0.0231793 	0.00841447 	-0.000154561
1.10155 	0.0231929 	0.00839252 	-0.000153539
1.10305 	0.0232064 	0.00837057 	-0.000152517
1.10455 	0.0232203 	0.00834735 	-0.000151496
1.10605 	0.023235 	0.00832096 	-0.000150476
1.10755 	0.0232498 	0.00829457 	-0.000149457
1.10905 	0.0232646 	0.00826819 	-0.000148437
1.11056 	0.0232793 	0.0082418 	-0.000147418
1.11206 	0.0232941 	0.00821541 	-0.000146398
1.11356 	0.0233087 	0.00818555 	-0.000145347
1.11506 	0.0233233 	0.00815385 	-0.000144279
1.11656 	0.0233379 	0.00812216 	-0.000143211
1.11806 	0.0233524 	0.00809047 	-0.000142143
1.11956 	0.023367 	0.00805877 	-0.000141075
1.12106 	0.0233808 	0.00803133 	-0.000140017
1.12256 	0.0233935 	0.0080094 	-0.000138972
1.12406 	0.0234063 	0.00798748 	-0.000137927
1.12556 	0.023419 	0.00796555 	-0.000136881
1.12706 	0.0234318 	0.00794363 	-0.000135836
1.12856 	0.0234445 	0.0079217 	-0.000134791
1.13007 	0.0234575 	0.00789698 	-0.000133768
1.13157 	0.0234706 	0.00787156 	-0.000132751
1.13307 	0.0234837 	0.00784614 	-0.000131734
1.13457 	0.0234968 	0.00782071 	-0.000130717
1.13607 	0.0235098 	0.00779529 	-0.000129699
1.13757 	0.0235228 	0.00776955 	-0.000128682
1.13907 	0.0235349 	0.00774036 	-0.00012766
1.14057 	0.0235469 	0.00771116 	-0.000126639
1.14207 	0.023559 	0.00768196 	-0.000125617
1.14357 	0.023571 	0.00765277 	-0.000124596
1.14507 	0.0235831 	0.00762357 	-0.000123574
1.14657 	0.023595 	0.00759761 	-0.000122571
1.14807 	0.0236068 	0.00757645 	-0.000121592
1.14957 	0.0236186 	0.00755529 	-0.000120614
1.15108 	0.0236303 	0.00753413 	-0.000119636
1.15258 	0.0236421 	0.00751297 	-0.000118658
1.15408 	0.0236539 	0.00749181 	-0.00011768
1.15558 	0.0236656 	0.00746989 	-0.000116695
1.15708 	0.0236771 	0.00744602 	-0.00011569
1.15858 	0.0236885 	0.00742215 	-0.000114685
1.16008 	0.0237 	0.00739827 	-0.00011368
1.16158 	0.0237115 	0.0073744 	-0.000112675
1.16308 	0.023723 	0.00735053 	-0.00011167
1.16458 	0.0237334 	0.00732647 	-0.000110693
1.16608 	0.0237429 	0.00730225 	-0.000109742
1.16758 	0.0237524 	0.00727802 	-0.00010879
1.16908 	0.023762 	0.00725379 	-0.000107839
1.17059 	0.0237715 	0.00722956 	-0.000106888
1.17209 	0.023781 	0.00720533 	-0.000105936
1.17359 	0.0237911 	0.00718184 	-0.000104927
1.17509 	0.0238024 	0.00715976 	-0.000103807
1.17659 	0.0238137 	0.00713769 	-0.000102687
1.17809 	0.023825 	0.00711561 	-0.000101566
1.17959 	0.0238363 	0.00709353 	-0.000100446
1.18109 	0.0238476 	0.00707146 	-9.9326e-05
1.18259 	0.0238589 	0.00704938 	-9.82057e-05
1.18409 	0.0238694 	0.00702725 	-9.7153e-05
1.18559 	0.0238796 	0.00700511 	-9.613e-05
1.18709 	0.0238898 	0.00698297 	-9.51069e-05
1.18859 	0.0239 	0.00696082 	-9.40838e-05
1.1901 	0.0239102 	0.00693868 	-9.30608e-05
1.1916 	0.0239203 	0.00691653 	-9.20377e-05
1.1931 	0.0239281 	0.00689673 	-9.11753e-05
1.1946 	0.0239356 	0.0068771 	-9.03249e-05
1.1961 	0.0239431 	0.00685747 	-8.94746e-05
1.1976 	0.0239506 	0.00683783 	-8.86243e-05
1.1991 	0.0239582 	0.0068182 	-8.7774e-05
1.2006 	0.0239657 	0.00679857 	-8.69236e-05
1.2021 	0.0239741 	0.00677814 	-8.59776e-05
1.2036 	0.0239851 	0.00675506 	-8.47147e-05
1.2051 	0.0239962 	0.00673197 	-8.34518e-05
1.2066 	0.0240073 	0.00670889 	-8.21889e-05
1.2081 	0.0240184 	0.0066858 	-8.09259e-05
1.2096 	0.0240295 	0.00666272 	-7.9663e-05
1.21111 	0.0240406 	0.00663964 	-7.84001e-05
1.21261 	0.0240516 	0.00661662 	-7.71419e-05
1.21411 	0.0240606 	0.00659618 	-7.60603e-05
1.21561 	0.0240697 	0.00657574 	-7.49787e-05
1.21711 	0.0240787 	0.0065553 	-7.3897e-05
1.21861 	0.0240878 	0.00653486 	-7.28154e-05
1.22011 	0.0240968 	0.00651442 	-7.17338e-05
1.22161 	0.024105 	0.00649485 	-7.06945e-05
1.22311 	0.0241111 	0.00647722 	-6.975e-05
1.22461 	0.0241172 	0.00645958 	-6.88056e-05
1.22611 	0.0241234 	0.00644195 	-6.78612e-05
1.22761 	0.0241295 	0.00642432 	-6.69167e-05
1.22911 	0.0241356 	0.00640669 	-6.59723e-05
1.23062 	0.0241418 	0.00638905 	-6.50279e-05
1.23212 	0.0241481 	0.00637122 	-6.40621e-05
1.23362 	0.0241583 	0.0063496 	-6.27007e-05
1.23512 	0.0241685 	0.00632798 	-6.13394e-05
1.23662 	0.0241787 	0.00630635 	-5.9978e-05
1.23812 	0.0241889 	0.00628473 	-5.86166e-05
1.23962 	0.0241991 	0.00626311 	-5.72552e-05
1.24112 	0.0242093 	0.00624149 	-5.58938e-05
1.24262 	0.0242195 	0.00621987 	-5.45324e-05
1.24412 	0.0242292 	0.00619896 	-5.32538e-05
1.24562 	0.0242373 	0.00618011 	-5.22186e-05
1.24712 	0.0242455 	0.00616126 	-5.11833e-05
1.24862 	0.0242536 	0.00614241 	-5.01481e-05
1.25013 	0.0242617 	0.00612356 	-4.91128e-05
1.25163 	0.0242698 	0.00610471 	-4.80776e-05
1.25313 	0.0242762 	0.00608776 	-4.72761e-05
1.25463 	0.0242815 	0.00607187 	-4.66067e-05
1.25613 	0.0242868 	0.00605599 	-4.59373e-05
1.25763 	0.0242921 	0.0060401 	-4.52679e-05
1.25913 	0.0242975 	0.00602422 	-4.45985e-05
1.26063 	0.0243028 	0.00600833 	-4.39292e-05
1.26213 	0.0243081 	0.00599245 	-4.32598e-05
1.26363 	0.0243134 	0.00597656 	-4.25904e-05
1.26513 	0.0243219 	0.0059575 	-4.16126e-05
1.26663 	0.0243313 	0.00593758 	-4.05526e-05
1.26813 	0.0243407 	0.00591767 	-3.94925e-05
1.26963 	0.0243501 	0.00589775 	-3.84325e-05
1.27114 	0.0243595 	0.00587784 	-3.73724e-05
1.27264 	0.0243688 	0.00585792 	-3.63124e-05
1.27414 	0.0243782 	0.00583801 	-3.52523e-05
1.27564 	0.0243876 	0.00581809 	-3.41923e-05
1.27714 	0.0243963 	0.00579916 	-3.32768e-05
1.27864 	0.0244038 	0.0057819 	-3.26099e-05
1.28014 	0.0244113 	0.00576465 	-3.1943e-05
1.28164 	0.0244189 	0.0057474 	-3.12761e-05
1.28314 	0.0244264 	0.00573014 	-3.06092e-05
1.28464 	0.0244339 	0.00571289 	-2.99422e-05
1.28614 	0.0244393 	0.0056983 	-2.97555e-05
1.28764 	0.0244444 	0.00568396 	-2.96127e-05
1.28914 	0.0244496 	0.00566962 	-2.947e-05
1.29065 	0.0244548 	0.00565527 	-2.93272e-05
1.29215 	0.02446 	0.00564093 	-2.91845e-05
1.29365 	0.0244651 	0.00562658 	-2.90418e-05
1.29515 	0.0244703 	0.00561224 	-2.8899e-05
1.29665 	0.0244755 	0.0055979 	-2.87563e-05
1.29815 	0.0244823 	0.005582 	-2.85232e-05
1.29965 	0.0244913 	0.00556416 	-2.81762e-05
1.30115 	0.0245003 	0.00554632 	-2.78292e-05
1.30265 	0.0245093 	0.00552847 	-2.74822e-05
1.30415 	0.0245182 	0.00551063 	-2.71352e-05
1.30565 	0.0245272 	0.00549278 	-2.67882e-05
1.30715 	0.0245362 	0.00547494 	-2.64412e-05
1.30865 	0.0245451 	0.00545709 	-2.60942e-05
1.31016 	0.0245541 	0.00543925 	-2.57472e-05
1.31166 	0.0245625 	0.00542224 	-2.5455e-05
1.31316 	0.0245699 	0.00540669 	-2.52577e-05
1.31466 	0.0245772 	0.00539114 	-2.50604e-05
1.31616 	0.0245846 	0.00537558 	-2.48631e-05
1.31766 	0.024592 	0.00536003 	-2.46657e-05
1.31916 	0.0245991 	0.00534483 	-2.45002e-05
1.32066 	0.0246046 	0.0053318 	-2.45269e-05
1.32216 	0.0246101 	0.00531876 	-2.45536e-05
1.32366 	0.0246157 	0.00530572 	-2.45803e-05
1.32516 	0.0246212 	0.00529268 	-2.4607e-05
1.32666 	0.0246268 	0.00527964 	-2.46337e-05
1.32816 	0.0246323 	0.0052666 	-2.46604e-05
1.32966 	0.0246379 	0.00525356 	-2.46871e-05
1.33117 	0.0246434 	0.00524052 	-2.47138e-05
1.33267 	0.024649 	0.00522745 	-2.47401e-05
1.33417 	0.024658 	0.00521177 	-2.47397e-05
1.33567 	0.0246671 	0.00519609 	-2.47393e-05
1.33717 	0.0246761 	0.00518041 	-2.47389e-05
1.33867 	0.0246852 	0.00516474 	-2.47384e-05
1.34017 	0.0246942 	0.00514906 	-2.4738e-05
1.34167 	0.0247033 	0.00513338 	-2.47376e-05
1.34317 	0.0247123 	0.0051177 	-2.47372e-05
1.34467 	0.0247213 	0.00510203 	-2.47368e-05
1.34617 	0.0247304 	0.00508635 	-2.47364e-05
1.34767 	0.024739 	0.00507126 	-2.47274e-05
1.34917 	0.0247462 	0.00505794 	-2.46931e-05
1.35068 	0.0247534 	0.00504461 	-2.46588e-05
1.35218 	0.0247606 	0.00503129 	-2.46246e-05
1.35368 	0.0247678 	0.00501796 	-2.45903e-05
1.35518 	0.0247743 	0.00500551 	-2.45325e-05
1.35668 	0.0247794 	0.00499488 	-2.44261e-05
1.35818 	0.0247846 	0.00498424 	-2.43197e-05
1.35968 	0.0247897 	0.00497361 	-2.42132e-05
1.36118 	0.0247949 	0.00496298 	-2.41068e-05
1.36268 	0.0248 	0.00495234 	-2.40004e-05
1.36418 	0.0248052 	0.00494171 	-2.3894e-05
1.36568 	0.0248103 	0.00493107 	-2.37876e-05
1.36718 	0.0248155 	0.00492044 	-2.36812e-05
1.36868 	0.0248206 	0.0049098 	-2.35748e-05
1.37019 	0.0248265 	0.00489985 	-2.34952e-05
1.37169 	0.0248331 	0.00489053 	-2.34407e-05
1.37319 	0.0248397 	0.00488121 	-2.33862e-05
1.37469 	0.0248463 	0.00487189 	-2.33317e-05
1.37619 	0.0248529 	0.00486257 	-2.32772e-05
1.37769 	0.0248595 	0.00485325 	-2.32227e-05
1.37919 	0.0248661 	0.00484394 	-2.31682e-05
1.38069 	0.0248727 	0.00483462 	-2.31137e-05
1.38219 	0.0248793 	0.0048253 	-2.30592e-05
1.38369 	0.0248858 	0.00481598 	-2.30047e-05
1.38519 	0.0248925 	0.00480654 	-2.2944e-05
1.38669 	0.0248998 	0.00479457 	-2.27531e-05
1.38819 	0.0249071 	0.0047826 	-2.25621e-05
1.38969 	0.0249144 	0.00477063 	-2.23712e-05
1.3912 	0.0249218 	0.00475866 	-2.21803e-05
1.3927 	0.0249294 	0.00474542 	-2.18899e-05
1.3942 	0.0249374 	0.00473084 	-2.14947e-05
1.3957 	0.0249454 	0.00471626 	-2.10995e-05
1.3972 	0.0249533 	0.00470168 	-2.07043e-05
1.3987 	0.0249613 	0.0046871 	-2.03091e-05
1.4002 	0.0249693 	0.00467252 	-1.9914e-05
1.4017 	0.0249773 	0.00465793 	-1.95188e-05
1.4032 	0.0249853 	0.00464335 	-1.91236e-05
1.4047 	0.0249933 	0.00462877 	-1.87284e-05
1.4062 	0.0250012 	0.00461419 	-1.83332e-05
1.4077 	0.0250092 	0.00459961 	-1.79381e-05
1.4092 	0.0250165 	0.00458991 	-1.76657e-05
1.41071 	0.0250237 	0.00458035 	-1.73969e-05
1.41221 	0.0250309 	0.00457079 	-1.71281e-05
1.41371 	0.0250381 	0.00456124 	-1.68593e-05
1.41521 	0.0250453 	0.00455168 	-1.65905e-05
1.41671 	0.0250525 	0.00454212 	-1.63217e-05
1.41821 	0.0250597 	0.00453256 	-1.6053e-05
1.41971 	0.0250669 	0.004523 	-1.57842e-05
1.42121 	0.0250741 	0.00451344 	-1.55154e-05
1.42271 	0.0250813 	0.00450389 	-1.52466e-05
1.42421 	0.0250885 	0.00449433 	-1.49778e-05
1.42571 	0.0250962 	0.00448313 	-1.46446e-05
1.42721 	0.0251042 	0.00447145 	-1.42922e-05
1.42871 	0.0251121 	0.00445976 	-1.39398e-05
1.43022 	0.02512 	0.00444808 	-1.35874e-05
1.43172 	0.0251283 	0.0044351 	-1.31634e-05
1.43322 	0.0251368 	0.00442143 	-1.27013e-05
1.43472 	0.0251454 	0.00440776 	-1.22392e-05
1.43622 	0.0251539 	0.0043941 	-1.17771e-05
1.43772 	0.0251625 	0.00438043 	-1.1315e-05
1.43922 	0.025171 	0.00436676 	-1.08529e-05
1.44072 	0.0251796 	0.00435309 	-1.03908e-05
1.44222 	0.0251881 	0.00433942 	-9.92873e-06
1.44372 	0.0251967 	0.00432575 	-9.46664e-06
1.44522 	0.0252052 	0.00431208 	-9.00455e-06
1.44672 	0.0252137 	0.00429842 	-8.54245e-06
1.44822 	0.0252218 	0.00428684 	-8.13111e-06
1.44972 	0.025229 	0.00427826 	-7.79236e-06
1.45123 	0.0252362 	0.00426968 	-7.45361e-06
1.45273 	0.0252435 	0.00426109 	-7.11485e-06
1.45423 	0.0252507 	0.00425251 	-6.7761e-06
1.45573 	0.025258 	0.00424393 	-6.43735e-06
1.45723 	0.0252652 	0.00423535 	-6.09859e-06
1.45873 	0.0252725 	0.00422677 	-5.75984e-06
1.46023 	0.0252797 	0.00421818 	-5.42109e-06
1.46173 	0.025287 	0.0042096 	-5.08233e-06
1.46323 	0.0252942 	0.00420102 	-4.74358e-06
1.46473 	0.0253015 	0.00419244 	-4.40483e-06
1.46623 	0.0253091 	0.0041829 	-4.06392e-06
1.46773 	0.0253173 	0.00417224 	-3.72051e-06
1.46923 	0.0253254 	0.00416159 	-3.3771e-06
1.47074 	0.0253336 	0.00415093 	-3.03369e-06
1.47224 	0.0253419 	0.00413945 	-2.72896e-06
1.47374 	0.0253502 	0.00412782 	-2.43055e-06
1.47524 	0.0253585 	0.0041162 	-2.13214e-06
1.47674 	0.0253668 	0.00410458 	-1.83372e-06
1.47824 	0.0253751 	0.00409295 	-1.53531e-06
1.47974 	0.0253833 	0.00408133 	-1.2369e-06
1.48124 	0.0253916 	0.00406971 	-9.3849e-07
1.48274 	0.0253999 	0.00405808 	-6.40079e-07
1.48424 	0.0254082 	0.00404646 	-3.41668e-07
1.48574 	0.0254165 	0.00403484 	-4.32563e-08
1.48724 	0.0254248 	0.00402322 	2.55155e-07
1.48874 	0.0254331 	0.00401159 	5.53566e-07
1.49025 	0.0254413 	0.00400255 	8.27764e-07
1.49175 	0.0254494 	0.00399386 	1.09858e-06
1.49325 	0.0254576 	0.00398518 	1.3694e-06
1.49475 	0.0254658 	0.00397649 	1.64021e-06
1.49625 	0.0254739 	0.00396781 	1.91103e-06
1.49775 	0.0254821 	0.00395913 	2.18185e-06
1.49925 	0.0254902 	0.00395044 	2.45266e-06
1.50075 	0.0254984 	0.00394176 	2.72348e-06
1.50225 	0.0255065 	0.00393307 	2.9943e-06
1.50375 	0.0255147 	0.00392439 	3.26511e-06
1.50525 	0.0255229 	0.0039157 	3.53593e-06
1.50675 	0.025531 	0.00390702 	3.80675e-06
1.50825 	0.0255392 	0.00389817 	4.06137e-06
1.50975 	0.0255477 	0.00388849 	4.23691e-06
1.51126 	0.0255562 	0.00387882 	4.41246e-06
1.51276 	0.0255646 	0.00386917 	4.56333e-06
1.51426 	0.0255726 	0.00385964 	4.57862e-06
1.51576 	0.0255805 	0.00385012 	4.59392e-06
1.51726 	0.0255884 	0.00384059 	4.60921e-06
1.51876 	0.0255964 	0.00383106 	4.6245e-06
1.52026 	0.0256043 	0.00382154 	4.6398e-06
1.52176 	0.0256123 	0.00381201 	4.65509e-06
1.52326 	0.0256202 	0.00380248 	4.67038e-06
1.52476 	0.0256281 	0.00379296 	4.68568e-06
1.52626 	0.0256361 	0.00378343 	4.70097e-06
1.52776 	0.025644 	0.0037739 	4.71626e-06
1.52926 	0.0256519 	0.00376438 	4.73156e-06
1.53077 	0.0256599 	0.00375485 	4.74685e-06
1.53227 	0.0256683 	0.00374561 	4.77763e-06
1.53377 	0.0256775 	0.00373676 	4.82958e-06
1.53527 	0.0256866 	0.00372792 	4.88153e-06
1.53677 	0.0256958 	0.00371907 	4.93348e-06
1.53827 	0.025705 	0.00371022 	4.98542e-06
1.53977 	0.0257141 	0.00370137 	5.03737e-06
1.54127 	0.0257233 	0.00369253 	5.08932e-06
1.54277 	0.0257325 	0.00368368 	5.14127e-06
1.54427 	0.0257416 	0.00367483 	5.19322e-06
1.54577 	0.0257508 	0.00366598 	5.24516e-06
1.54727 	0.0257599 	0.00365714 	5.29711e-06
1.54877 	0.0257691 	0.00364829 	5.34906e-06
1.55028 	0.0257783 	0.00363944 	5.40101e-06
1.55178 	0.0257874 	0.00363059 	5.45295e-06
1.55328 	0.0257953 	0.00362282 	5.43256e-06
1.55478 	0.0258032 	0.00361509 	5.40866e-06
1.55628 	0.0258108 	0.0036075 	5.32115e-06
1.55778 	0.0258182 	0.00360001 	5.18991e-06
1.55928 	0.0258255 	0.00359252 	5.05867e-06
1.56078 	0.0258329 	0.00358502 	4.92743e-06
1.56228 	0.0258403 	0.00357753 	4.79619e-06
1.56378 	0.0258477 	0.00357004 	4.66495e-06
1.56528 	0.0258551 	0.00356254 	4.53371e-06
1.56678 	0.0258625 	0.00355505 	4.40247e-06
1.56828 	0.0258698 	0.00354756 	4.27122e-06
1.56978 	0.0258772 	0.00354006 	4.13998e-06
1.57129 	0.0258846 	0.00353257 	4.00874e-06
1.57279 	0.025892 	0.00352508 	3.8775e-06
1.57429 	0.0258994 	0.00351758 	3.74626e-06
1.57579 	0.0259071 	0.00350997 	3.61336e-06
1.57729 	0.0259172 	0.00350136 	3.467e-06
1.57879 	0.0259274 	0.00349275 	3.32063e-06
1.58029 	0.0259375 	0.00348414 	3.17427e-06
1.58179 	0.0259477 	0.00347553 	3.0279e-06
1.58329 	0.0259578 	0.00346692 	2.88154e-06
1.58479 	0.025968 	0.00345831 	2.73518e-06
1.58629 	0.0259781 	0.0034497 	2.58881e-06
1.58779 	0.0259883 	0.00344109 	2.44245e-06
1.58929 	0.0259984 	0.00343248 	2.29608e-06
1.5908 	0.0260086 	0.00342387 	2.14972e-06
1.5923 	0.0260187 	0.00341526 	2.00336e-06
1.5938 	0.0260288 	0.00340665 	1.85699e-06
1.5953 	0.026039 	0.00339803 	1.71063e-06
1.5968 	0.0260491 	0.00338942 	1.56426e-06
1.5983 	0.0260545 	0.00338312 	1.50511e-06
1.5998 	0.026059 	0.00337734 	1.48883e-06
1.6013 	0.0260627 	0.00337228 	1.57142e-06
1.6028 	0.0260663 	0.00336722 	1.65402e-06
1.6043 	0.0260699 	0.00336217 	1.73661e-06
1.6058 	0.0260736 	0.00335711 	1.8192e-06
1.6073 	0.0260772 	0.00335205 	1.9018e-06
1.6088 	0.0260809 	0.00334699 	1.98439e-06
1.61031 	0.0260845 	0.00334193 	2.06699e-06
1.61181 	0.0260881 	0.00333687 	2.14958e-06
1.61331 	0.0260918 	0.00333181 	2.23217e-06
1.61481 	0.0260954 	0.00332675 	2.31477e-06
1.61631 	0.026099 	0.00332169 	2.39736e-06
1.61781 	0.0261027 	0.00331663 	2.47995e-06
1.61931 	0.0261063 	0.00331157 	2.56255e-06
1.62081 	0.0261101 	0.00330646 	2.64501e-06
1.62231 	0.0261247 	0.00329709 	2.71764e-06
1.62381 	0.0261393 	0.00328772 	2.79026e-06
1.62531 	0.0261539 	0.00327835 	2.86289e-06
1.62681 	0.0261686 	0.00326898 	2.93551e-06
1.62831 	0.0261832 	0.00325961 	3.00814e-06
1.62981 	0.0261978 	0.00325024 	3.08076e-06
1.63132 	0.0262124 	0.00324087 	3.15339e-06
1.63282 	0.0262271 	0.0032315 	3.22601e-06
1.63432 	0.0262417 	0.00322213 	3.29864e-06
1.63582 	0.0262563 	0.00321276 	3.37126e-06
1.63732 	0.0262709 	0.00320339 	3.44389e-06
1.63882 	0.0262856 	0.00319402 	3.51651e-06
1.64032 	0.0263002 	0.00318465 	3.58914e-06
1.64182 	0.0263148 	0.00317528 	3.66177e-06
1.64332 	0.0263291 	0.00316606 	3.73602e-06
1.64482 	0.0263343 	0.0031606 	3.86203e-06
1.64632 	0.0263346 	0.00315757 	4.06057e-06
1.64782 	0.0263349 	0.00315453 	4.25911e-06
1.64932 	0.0263352 	0.0031515 	4.45765e-06
1.65083 	0.0263355 	0.00314847 	4.6562e-06
1.65233 	0.0263358 	0.00314543 	4.85474e-06
1.65383 	0.0263361 	0.0031424 	5.05328e-06
1.65533 	0.0263364 	0.00313937 	5.25182e-06
1.65683 	0.0263367 	0.00313633 	5.45037e-06
1.65833 	0.026337 	0.0031333 	5.64891e-06
1.65983 	0.0263373 	0.00313027 	5.84745e-06
1.66133 	0.0263376 	0.00312723 	6.04599e-06
1.66283 	0.0263379 	0.0031242 	6.24454e-06
1.66433 	0.0263382 	0.00312117 	6.44308e-06
1.66583 	0.0263385 	0.00311813 	6.64162e-06
1.66733 	0.0263417 	0.00311434 	6.82965e-06
1.66883 	0.0263553 	0.00310782 	6.97945e-06
1.67034 	0.0263688 	0.00310129 	7.12925e-06
1.67184 	0.0263824 	0.00309476 	7.27905e-06
1.67334 	0.026396 	0.00308824 	7.42884e-06
1.67484 	0.0264096 	0.00308171 	7.57864e-06
1.67634 	0.0264231 	0.00307518 	7.72844e-06
1.67784 	0.0264367 	0.00306865 	7.87823e-06
1.67934 	0.0264503 	0.00306213 	8.02803e-06
1.68084 	0.0264638 	0.0030556 	8.17783e-06
1.68234 	0.0264774 	0.00304907 	8.32763e-06
1.68384 	0.026491 	0.00304254 	8.47742e-06
1.68534 	0.0265046 	0.00303602 	8.62722e-06
1.68684 	0.0265181 	0.00302949 	8.77702e-06
1.68834 	0.0265317 	0.00302296 	8.92682e-06
1.68984 	0.0265453 	0.00301643 	9.07661e-06
1.69135 	0.0265546 	0.00301038 	9.39986e-06
1.69285 	0.0265596 	0.00300481 	9.89769e-06
1.69435 	0.0265646 	0.00299924 	1.03955e-05
1.69585 	0.0265696 	0.00299367 	1.08934e-05
1.69735 	0.0265746 	0.00298811 	1.13912e-05
1.69885 	0.0265796 	0.00298254 	1.1889e-05
1.70035 	0.0265846 	0.00297697 	1.23869e-05
1.70185 	0.0265897 	0.0029714 	1.28847e-05
1.70335 	0.0265947 	0.00296583 	1.33825e-05
1.70485 	0.0265997 	0.00296026 	1.38803e-05
1.70635 	0.0266047 	0.00295469 	1.43782e-05
1.70785 	0.0266097 	0.00294912 	1.4876e-05
1.70935 	0.0266147 	0.00294355 	1.53738e-05
1.71086 	0.0266197 	0.00293798 	1.58717e-05
1.71236 	0.0266247 	0.00293242 	1.63695e-05
1.71386 	0.0266297 	0.00292685 	1.68673e-05
1.71536 	0.0266419 	0.00292049 	1.72036e-05
1.71686 	0.0266558 	0.00291395 	1.75019e-05
1.71836 	0.0266696 	0.0029074 	1.78002e-05
1.71986 	0.0266834 	0.00290086 	1.80986e-05
1.72136 	0.0266973 	0.00289432 	1.83969e-05
1.72286 	0.0267111 	0.00288778 	1.86953e-05
1.72436 	0.026725 	0.00288123 	1.89936e-05
1.72586 	0.0267388 	0.00287469 	1.92919e-05
1.72736 	0.0267527 	0.00286815 	1.95903e-05
1.72886 	0.0267665 	0.00286161 	1.98886e-05
1.73037 	0.0267804 	0.00285506 	2.0187e-05
1.73187 	0.0267942 	0.00284852 	2.04853e-05
1.73337 	0.0268081 	0.00284198 	2.07837e-05
1.73487 	0.0268219 	0.00283544 	2.1082e-05
1.73637 	0.0268358 	0.00282889 	2.13803e-05
1.73787 	0.0268484 	0.00282265 	2.17081e-05
1.73937 	0.0268553 	0.00281754 	2.21931e-05
1.74087 	0.0268601 	0.00281267 	2.27589e-05
1.74237 	0.0268649 	0.00280781 	2.33247e-05
1.74387 	0.0268698 	0.00280294 	2.38906e-05
1.74537 	0.0268746 	0.00279808 	2.44564e-05
1.74687 	0.0268794 	0.00279321 	2.50222e-05
1.74837 	0.0268842 	0.00278834 	2.55881e-05
1.74987 	0.0268891 	0.00278348 	2.61539e-05
1.75138 	0.0268939 	0.00277861 	2.67197e-05
1.75288 	0.0268987 	0.00277375 	2.72856e-05
1.75438 	0.0269035 	0.00276888 	2.78514e-05
1.75588 	0.0269084 	0.00276402 	2.84172e-05
1.75738 	0.0269132 	0.00275915 	2.89831e-05
1.75888 	0.026918 	0.00275429 	2.95489e-05
1.76038 	0.0269228 	0.00274942 	3.01147e-05
1.76188 	0.0269277 	0.00274456 	3.06805e-05
1.76338 	0.0269406 	0.00273824 	3.1129e-05
1.76488 	0.0269544 	0.00273176 	3.15641e-05
1.76638 	0.0269683 	0.00272527 	3.19991e-05
1.76788 	0.0269822 	0.00271879 	3.24342e-05
1.76938 	0.026996 	0.00271231 	3.28693e-05
1.77089 	0.0270099 	0.00270582 	3.33043e-05
1.77239 	0.0270237 	0.00269934 	3.37394e-05
1.77389 	0.0270376 	0.00269286 	3.41745e-05
1.77539 	0.0270514 	0.00268637 	3.46095e-05
1.77689 	0.0270653 	0.00267989 	3.50446e-05
1.77839 	0.0270791 	0.00267341 	3.54797e-05
1.77989 	0.027093 	0.00266693 	3.59147e-05
1.78139 	0.0271068 	0.00266044 	3.63498e-05
1.78289 	0.0271207 	0.00265396 	3.67849e-05
1.78439 	0.0271345 	0.00264748 	3.72199e-05
1.78589 	0.0271454 	0.00264191 	3.76291e-05
1.78739 	0.0271538 	0.00263708 	3.80177e-05
1.78889 	0.0271588 	0.002633 	3.83939e-05
1.7904 	0.0271634 	0.00262903 	3.87685e-05
1.7919 	0.027168 	0.00262505 	3.91431e-05
1.7934 	0.0271726 	0.00262107 	3.95177e-05
1.7949 	0.0271771 	0.00261709 	3.98923e-05
1.7964 	0.0271817 	0.00261312 	4.02669e-05
1.7979 	0.0271863 	0.00260914 	4.06415e-05
1.7994 	0.0271909 	0.00260516 	4.1016e-05
1.8009 	0.0271955 	0.00260118 	4.13906e-05
1.8024 	0.0272 	0.00259721 	4.17652e-05
1.8039 	0.0272046 	0.00259323 	4.21398e-05
1.8054 	0.0272092 	0.00258925 	4.25144e-05
1.8069 	0.0272138 	0.00258527 	4.2889e-05
1.8084 	0.0272184 	0.0025813 	4.32636e-05
1.8099 	0.0272229 	0.00257732 	4.36382e-05
1.81141 	0.0272332 	0.00257189 	4.40224e-05
1.81291 	0.0272475 	0.00256543 	4.44134e-05
1.81441 	0.0272617 	0.00255898 	4.48045e-05
1.81591 	0.027276 	0.00255252 	4.51955e-05
1.81741 	0.0272903 	0.00254607 	4.55865e-05
1.81891 	0.0273045 	0.00253961 	4.59775e-05
1.82041 	0.0273188 	0.00253315 	4.63686e-05
1.82191 	0.0273331 	0.0025267 	4.67596e-05
1.82341 	0.0273474 	0.00252024 	4.71506e-05
1.82491 	0.0273616 	0.00251379 	4.75416e-05
1.82641 	0.0273759 	0.00250733 	4.79327e-05
1.82791 	0.0273902 	0.00250087 	4.83237e-05
1.82941 	0.0274044 	0.00249442 	4.87147e-05
1.83092 	0.0274187 	0.00248796 	4.91057e-05
1.83242 	0.027433 	0.00248151 	4.94967e-05
1.83392 	0.0274447 	0.00247585 	4.98392e-05
1.83542 	0.0274541 	0.00247088 	5.014e-05
1.83692 	0.0274636 	0.00246592 	5.04409e-05
1.83842 	0.0274677 	0.00246281 	5.06303e-05
1.83992 	0.0274718 	0.00245974 	5.08176e-05
1.84142 	0.0274758 	0.00245666 	5.1005e-05
1.84292 	0.0274798 	0.00245359 	5.11923e-05
1.84442 	0.0274838 	0.00245052 	5.13797e-05
1.84592 	0.0274878 	0.00244744 	5.15671e-05
1.84742 	0.0274919 	0.00244437 	5.17544e-05
1.84892 	0.0274959 	0.0024413 	5.19418e-05
1.85043 	0.0274999 	0.00243822 	5.21292e-05
1.85193 	0.0275039 	0.00243515 	5.23165e-05
1.85343 	0.027508 	0.00243208 	5.25039e-05
1.85493 	0.027512 	0.002429 	5.26913e-05
1.85643 	0.027516 	0.00242593 	5.28786e-05
1.85793 	0.02752 	0.00242286 	5.3066e-05
1.85943 	0.027524 	0.00241979 	5.32534e-05
1.86093 	0.0275388 	0.00241352 	5.34992e-05
1.86243 	0.0275536 	0.00240722 	5.37456e-05
1.86393 	0.0275684 	0.00240092 	5.3992e-05
1.86543 	0.0275833 	0.00239462 	5.42384e-05
1.86693 	0.0275981 	0.00238832 	5.44849e-05
1.86843 	0.0276129 	0.00238202 	5.47313e-05
1.86993 	0.0276278 	0.00237572 	5.49777e-05
1.87144 	0.0276426 	0.00236942 	5.52242e-05
1.87294 	0.0276574 	0.00236312 	5.54706e-05
1.87444 	0.0276723 	0.00235682 	5.5717e-05
1.87594 	0.0276871 	0.00235052 	5.59635e-05
1.87744 	0.0277019 	0.00234422 	5.62099e-05
1.87894 	0.0277168 	0.00233792 	5.64563e-05
1.88044 	0.0277316 	0.00233162 	5.67028e-05
1.88194 	0.0277448 	0.00232584 	5.69345e-05
1.88344 	0.0277541 	0.00232131 	5.71316e-05
1.88494 	0.0277634 	0.00231677 	5.73286e-05
1.88644 	0.0277728 	0.00231223 	5.75257e-05
1.88794 	0.0277769 	0.00230946 	5.76777e-05
1.88944 	0.0277802 	0.00230699 	5.7822e-05
1.89095 	0.0277835 	0.00230453 	5.79662e-05
1.89245 	0.0277868 	0.00230206 	5.81105e-05
1.89395 	0.0277901 	0.00229959 	5.82548e-05
1.89545 	0.0277935 	0.00229712 	5.83991e-05
1.89695 	0.0277968 	0.00229466 	5.85433e-05
1.89845 	0.0278001 	0.00229219 	5.86876e-05
1.89995 	0.0278034 	0.00228972 	5.88319e-05
1.90145 	0.0278067 	0.00228726 	5.89762e-05
1.90295 	0.02781 	0.00228479 	5.91204e-05
1.90445 	0.0278133 	0.00228232 	5.92647e-05
1.90595 	0.0278166 	0.00227985 	5.9409e-05
1.90745 	0.0278199 	0.00227739 	5.95532e-05
1.90895 	0.0278257 	0.00227409 	5.97094e-05
1.91046 	0.0278405 	0.00226796 	5.99065e-05
1.91196 	0.0278552 	0.00226183 	6.01036e-05
1.91346 	0.0278699 	0.00225569 	6.03006e-05
1.91496 	0.0278846 	0.00224956 	6.04977e-05
1.91646 	0.0278994 	0.00224343 	6.06948e-05
1.91796 	0.0279141 	0.00223729 	6.08919e-05
1.91946 	0.0279288 	0.00223116 	6.1089e-05
1.92096 	0.0279435 	0.00222502 	6.12861e-05
1.92246 	0.0279582 	0.00221889 	6.14831e-05
1.92396 	0.027973 	0.00221276 	6.16802e-05
1.92546 	0.0279877 	0.00220662 	6.18773e-05
1.92696 	0.0280024 	0.00220049 	6.20744e-05
1.92846 	0.0280171 	0.00219436 	6.22715e-05
1.92996 	0.0280319 	0.00218822 	6.24686e-05
1.93147 	0.0280405 	0.00218416 	6.26756e-05
1.93297 	0.0280487 	0.00218024 	6.28833e-05
1.93447 	0.028057 	0.00217631 	6.30909e-05
1.93597 	0.0280653 	0.00217238 	6.32986e-05
1.93747 	0.0280699 	0.00216966 	6.35089e-05
1.93897 	0.0280724 	0.00216769 	6.37209e-05
1.94047 	0.0280749 	0.00216571 	6.39329e-05
1.94197 	0.0280773 	0.00216374 	6.41448e-05
1.94347 	0.0280798 	0.00216176 	6.43568e-05
1.94497 	0.0280823 	0.00215979 	6.45688e-05
1.94647 	0.0280848 	0.00215781 	6.47807e-05
1.94797 	0.0280872 	0.00215583 	6.49927e-05
1.94947 	0.0280897 	0.00215386 	6.52047e-05
1.95098 	0.0280922 	0.00215188 	6.54166e-05
1.95248 	0.0280947 	0.00214991 	6.56286e-05
1.95398 	0.0280971 	0.00214793 	6.58406e-05
1.95548 	0.0280996 	0.00214595 	6.60525e-05
1.95698 	0.0281021 	0.00214398 	6.62645e-05
1.95848 	0.0281077 	0.0021412 	6.64492e-05
1.95998 	0.0281177 	0.00213728 	6.65952e-05
1.96148 	0.0281278 	0.00213336 	6.67411e-05
1.96298 	0.0281378 	0.00212943 	6.68871e-05
1.96448 	0.0281479 	0.00212551 	6.7033e-05
1.96598 	0.0281579 	0.00212159 	6.7179e-05
1.96748 	0.0281679 	0.00211767 	6.7325e-05
1.96898 	0.028178 	0.00211375 	6.74709e-05
1.97049 	0.028188 	0.00210983 	6.76169e-05
1.97199 	0.028198 	0.00210591 	6.77629e-05
1.97349 	0.0282081 	0.00210198 	6.79088e-05
1.97499 	0.0282181 	0.00209806 	6.80548e-05
1.97649 	0.0282282 	0.00209414 	6.82008e-05
1.97799 	0.0282382 	0.00209022 	6.83467e-05
1.97949 	0.0282465 	0.00208662 	6.85469e-05
1.98099 	0.0282536 	0.00208325 	6.87849e-05
1.98249 	0.0282607 	0.00207988 	6.90229e-05
1.98399 	0.0282678 	0.00207652 	6.92609e-05
1.98549 	0.0282749 	0.00207315 	6.94989e-05
1.98699 	0.0282813 	0.00206979 	6.97809e-05
1.98849 	0.0282868 	0.00206647 	7.01241e-05
1.98999 	0.0282922 	0.00206314 	7.04674e-05
1.9915 	0.0282976 	0.00205981 	7.08106e-05
1.993 	0.0283031 	0.00205648 	7.11538e-05
1.9945 	0.0283085 	0.00205316 	7.14971e-05
1.996 	0.0283139 	0.00204983 	7.18403e-05
1.9975 	0.0283194 	0.0020465 	7.21836e-05
1.999 	0.0283248 	0.00204317 	7.25268e-05
2.0005 	0.0283302 	0.00203985 	7.28701e-05
2.002 	0.0283357 	0.00203652 	7.32133e-05
2.0035 	0.0283411 	0.00203319 	7.35565e-05
2.005 	0.0283465 	0.00202986 	7.38998e-05
2.0065 	0.028352 	0.00202654 	7.4243e-05
2.008 	0.0283613 	0.00202239 	7.45304e-05
2.0095 	0.0283725 	0.00201786 	7.4791e-05
2.01101 	0.0283837 	0.00201332 	7.50515e-05
2.01251 	0.0283949 	0.00200879 	7.53121e-05
2.01401 	0.0284061 	0.00200426 	7.55726e-05
2.01551 	0.0284172 	0.00199972 	7.58332e-05
2.01701 	0.0284284 	0.00199519 	7.60938e-05
2.01851 	0.0284396 	0.00199065 	7.63543e-05
2.02001 	0.0284508 	0.00198612 	7.66149e-05
2.02151 	0.028462 	0.00198159 	7.68754e-05
2.02301 	0.0284732 	0.00197705 	7.7136e-05
2.02451 	0.0284844 	0.00197252 	7.73965e-05
2.02601 	0.0284956 	0.00196798 	7.76571e-05
2.02751 	0.0285054 	0.00196384 	7.78927e-05
2.02901 	0.0285125 	0.00196041 	7.80825e-05
2.03052 	0.0285196 	0.00195699 	7.82723e-05
2.03202 	0.0285268 	0.00195356 	7.84621e-05
2.03352 	0.0285339 	0.00195013 	7.86519e-05
2.03502 	0.0285411 	0.00194671 	7.88417e-05
2.03652 	0.0285472 	0.00194349 	7.90214e-05
2.03802 	0.0285516 	0.00194063 	7.91838e-05
2.03952 	0.028556 	0.00193777 	7.93461e-05
2.04102 	0.0285603 	0.00193492 	7.95084e-05
2.04252 	0.0285647 	0.00193206 	7.96707e-05
2.04402 	0.0285691 	0.0019292 	7.9833e-05
2.04552 	0.0285735 	0.00192635 	7.99953e-05
2.04702 	0.0285778 	0.00192349 	8.01576e-05
2.04852 	0.0285822 	0.00192063 	8.03199e-05
2.05003 	0.0285866 	0.00191777 	8.04822e-05
2.05153 	0.028591 	0.00191492 	8.06445e-05
2.05303 	0.0285953 	0.00191206 	8.08068e-05
2.05453 	0.0285997 	0.0019092 	8.09692e-05
2.05603 	0.028605 	0.00190611 	8.11284e-05
2.05753 	0.0286162 	0.00190146 	8.12677e-05
2.05903 	0.0286273 	0.00189682 	8.1407e-05
2.06053 	0.0286385 	0.00189217 	8.15462e-05
2.06203 	0.0286497 	0.00188752 	8.16855e-05
2.06353 	0.0286609 	0.00188287 	8.18248e-05
2.06503 	0.0286721 	0.00187822 	8.1964e-05
2.06653 	0.0286833 	0.00187357 	8.21033e-05
2.06803 	0.0286944 	0.00186893 	8.22426e-05
2.06953 	0.0287056 	0.00186428 	8.23818e-05
2.07104 	0.0287168 	0.00185963 	8.25211e-05
2.07254 	0.028728 	0.00185498 	8.26604e-05
2.07404 	0.0287392 	0.00185033 	8.27996e-05
2.07554 	0.0287491 	0.00184602 	8.29461e-05
2.07704 	0.0287566 	0.00184235 	8.31062e-05
2.07854 	0.0287642 	0.00183867 	8.32664e-05
2.08004 	0.0287717 	0.001835 	8.34266e-05
2.08154 	0.0287792 	0.00183133 	8.35868e-05
2.08304 	0.0287868 	0.00182766 	8.3747e-05
2.08454 	0.0287943 	0.00182398 	8.39072e-05
2.08604 	0.0287994 	0.00182108 	8.4069e-05
2.08754 	0.0288027 	0.00181871 	8.4232e-05
2.08904 	0.0288061 	0.00181634 	8.4395e-05
2.09055 	0.0288094 	0.00181397 	8.4558e-05
2.09205 	0.0288127 	0.0018116 	8.4721e-05
2.09355 	0.0288161 	0.00180923 	8.4884e-05
2.09505 	0.0288194 	0.00180686 	8.5047e-05
2.09655 	0.0288227 	0.00180449 	8.521e-05
2.09805 	0.0288261 	0.00180212 	8.5373e-05
2.09955 	0.0288294 	0.00179975 	8.5536e-05
2.10105 	0.0288328 	0.00179738 	8.5699e-05
2.10255 	0.0288361 	0.00179501 	8.5862e-05
2.10405 	0.0288394 	0.00179264 	8.6025e-05
2.10555 	0.0288498 	0.00178815 	8.61823e-05
2.10705 	0.0288609 	0.00178343 	8.6339e-05
2.10855 	0.0288721 	0.00177871 	8.64957e-05
2.11006 	0.0288833 	0.00177398 	8.66524e-05
2.11156 	0.0288944 	0.00176926 	8.6809e-05
2.11306 	0.0289056 	0.00176453 	8.69657e-05
2.11456 	0.0289167 	0.00175981 	8.71224e-05
2.11606 	0.0289279 	0.00175509 	8.72791e-05
2.11756 	0.028939 	0.00175036 	8.74358e-05
2.11906 	0.0289502 	0.00174564 	8.75925e-05
2.12056 	0.0289613 	0.00174092 	8.77491e-05
2.12206 	0.0289725 	0.00173619 	8.79058e-05
2.12356 	0.0289805 	0.00173246 	8.80632e-05
2.12506 	0.0289869 	0.00172921 	8.82209e-05
2.12656 	0.0289934 	0.00172596 	8.83786e-05
2.12806 	0.0289998 	0.00172271 	8.85363e-05
2.12956 	0.0290063 	0.00171946 	8.8694e-05
2.13107 	0.0290127 	0.00171622 	8.88516e-05
2.13257 	0.0290192 	0.00171297 	8.90093e-05
2.13407 	0.0290246 	0.00171008 	8.9167e-05
2.13557 	0.029026 	0.00170855 	8.93247e-05
2.13707 	0.0290274 	0.00170703 	8.94824e-05
2.13857 	0.0290289 	0.0017055 	8.964e-05
2.14007 	0.0290303 	0.00170398 	8.97977e-05
2.14157 	0.0290317 	0.00170245 	8.99554e-05
2.14307 	0.0290332 	0.00170093 	9.01131e-05
2.14457 	0.0290346 	0.0016994 	9.02707e-05
2.14607 	0.029036 	0.00169788 	9.04284e-05
2.14757 	0.0290375 	0.00169635 	9.05861e-05
2.14907 	0.0290389 	0.00169483 	9.07438e-05
2.15058 	0.0290403 	0.0016933 	9.09014e-05
2.15208 	0.0290423 	0.00169162 	9.10573e-05
2.15358 	0.0290504 	0.00168833 	9.11947e-05
2.15508 	0.0290584 	0.00168503 	9.1332e-05
2.15658 	0.0290665 	0.00168174 	9.14693e-05
2.15808 	0.0290745 	0.00167845 	9.16067e-05
2.15958 	0.0290826 	0.00167515 	9.1744e-05
2.16108 	0.0290906 	0.00167186 	9.18814e-05
2.16258 	0.0290987 	0.00166856 	9.20187e-05
2.16408 	0.0291067 	0.00166527 	9.2156e-05
2.16558 	0.0291148 	0.00166198 	9.22934e-05
2.16708 	0.0291228 	0.00165868 	9.24307e-05
2.16858 	0.0291309 	0.00165539 	9.25681e-05
2.17009 	0.0291377 	0.00165231 	9.26625e-05
2.17159 	0.029143 	0.00164948 	9.27041e-05
2.17309 	0.0291483 	0.00164666 	9.27456e-05
2.17459 	0.0291536 	0.00164384 	9.27872e-05
2.17609 	0.0291589 	0.00164102 	9.28288e-05
2.17759 	0.0291642 	0.00163819 	9.28704e-05
2.17909 	0.0291695 	0.00163537 	9.29119e-05
2.18059 	0.0291748 	0.00163255 	9.29535e-05
2.18209 	0.0291795 	0.00162974 	9.29736e-05
2.18359 	0.029183 	0.00162695 	9.29525e-05
2.18509 	0.0291866 	0.00162417 	9.29314e-05
2.18659 	0.0291902 	0.00162139 	9.29103e-05
2.18809 	0.0291937 	0.0016186 	9.28892e-05
2.18959 	0.0291973 	0.00161582 	9.28681e-05
2.1911 	0.0292008 	0.00161303 	9.2847e-05
2.1926 	0.0292044 	0.00161025 	9.28259e-05
2.1941 	0.029208 	0.00160747 	9.28048e-05
2.1956 	0.0292115 	0.00160468 	9.27837e-05
2.1971 	0.0292151 	0.0016019 	9.27626e-05
2.1986 	0.0292186 	0.00159911 	9.27415e-05
2.2001 	0.0292264 	0.00159545 	9.26805e-05
2.2016 	0.0292351 	0.00159158 	9.26099e-05
2.2031 	0.0292438 	0.0015877 	9.25394e-05
2.2046 	0.0292525 	0.00158383 	9.24688e-05
2.2061 	0.0292612 	0.00157996 	9.23983e-05
2.2076 	0.0292699 	0.00157608 	9.23278e-05
2.2091 	0.0292786 	0.00157221 	9.22572e-05
2.21061 	0.0292873 	0.00156833 	9.21867e-05
2.21211 	0.029296 	0.00156446 	9.21161e-05
2.21361 	0.0293048 	0.00156059 	9.20456e-05
2.21511 	0.0293135 	0.00155671 	9.19751e-05
2.21661 	0.0293195 	0.00155354 	9.17683e-05
2.21811 	0.0293246 	0.00155059 	9.15199e-05
2.21961 	0.0293298 	0.00154763 	9.12715e-05
2.22111 	0.029335 	0.00154468 	9.10231e-05
2.22261 	0.0293402 	0.00154172 	9.07746e-05
2.22411 	0.0293453 	0.00153877 	9.05262e-05
2.22561 	0.0293505 	0.00153581 	9.02778e-05
2.22711 	0.0293557 	0.00153286 	9.00294e-05
2.22861 	0.0293606 	0.00152994 	8.97662e-05
2.23012 	0.0293633 	0.00152745 	8.93548e-05
2.23162 	0.0293659 	0.00152496 	8.89433e-05
2.23312 	0.0293685 	0.00152246 	8.85318e-05
2.23462 	0.0293711 	0.00151997 	8.81204e-05
2.23612 	0.0293737 	0.00151748 	8.77089e-05
2.23762 	0.0293763 	0.00151499 	8.72975e-05
2.23912 	0.0293789 	0.0015125 	8.6886e-05
2.24062 	0.0293815 	0.00151 	8.64745e-05
2.24212 	0.0293841 	0.00150751 	8.60631e-05
2.24362 	0.0293867 	0.00150502 	8.56516e-05
2.24512 	0.0293903 	0.00150228 	8.52345e-05
2.24662 	0.0293988 	0.00149823 	8.47863e-05
2.24812 	0.0294074 	0.00149418 	8.43382e-05
2.24962 	0.029416 	0.00149013 	8.38901e-05
2.25113 	0.0294246 	0.00148609 	8.3442e-05
2.25263 	0.0294331 	0.00148204 	8.29938e-05
2.25413 	0.0294417 	0.00147799 	8.25457e-05
2.25563 	0.0294503 	0.00147394 	8.20976e-05
2.25713 	0.0294589 	0.00146989 	8.16495e-05
2.25863 	0.0294674 	0.00146584 	8.12014e-05
2.26013 	0.029476 	0.00146179 	8.07532e-05
2.26163 	0.0294822 	0.00145832 	8.03547e-05
2.26313 	0.0294875 	0.00145507 	7.99754e-05
2.26463 	0.0294928 	0.00145182 	7.95962e-05
2.26613 	0.029498 	0.00144858 	7.9217e-05
2.26763 	0.0295033 	0.00144533 	7.88378e-05
2.26913 	0.0295086 	0.00144209 	7.84585e-05
2.27064 	0.0295139 	0.00143884 	7.80793e-05
2.27214 	0.0295192 	0.0014356 	7.77001e-05
2.27364 	0.0295244 	0.00143235 	7.73209e-05
2.27514 	0.029528 	0.00142952 	7.69768e-05
2.27664 	0.0295302 	0.00142702 	7.66611e-05
2.27814 	0.0295324 	0.00142451 	7.63455e-05
2.27964 	0.0295346 	0.00142201 	7.60298e-05
2.28114 	0.0295368 	0.00141951 	7.57142e-05
2.28264 	0.029539 	0.00141701 	7.53985e-05
2.28414 	0.0295412 	0.00141451 	7.50829e-05
2.28564 	0.0295435 	0.00141201 	7.47672e-05
2.28714 	0.0295457 	0.00140951 	7.44516e-05
2.28864 	0.0295479 	0.001407 	7.41359e-05
2.29015 	0.0295513 	0.00140421 	7.38122e-05
2.29165 	0.0295591 	0.00140037 	7.34606e-05
2.29315 	0.0295668 	0.00139654 	7.3109e-05
2.29465 	0.0295746 	0.00139271 	7.27574e-05
2.29615 	0.0295824 	0.00138888 	7.24058e-05
2.29765 	0.0295901 	0.00138505 	7.20542e-05
2.29915 	0.0295979 	0.00138122 	7.17026e-05
2.30065 	0.0296057 	0.00137739 	7.1351e-05
2.30215 	0.0296134 	0.00137355 	7.09994e-05
2.30365 	0.0296212 	0.00136972 	7.06478e-05
2.30515 	0.0296276 	0.00136625 	7.03699e-05
2.30665 	0.0296318 	0.00136334 	7.02059e-05
2.30815 	0.0296361 	0.00136043 	7.00419e-05
2.30965 	0.0296403 	0.00135752 	6.98779e-05
2.31116 	0.0296445 	0.00135461 	6.97139e-05
2.31266 	0.0296488 	0.0013517 	6.95499e-05
2.31416 	0.029653 	0.00134879 	6.93859e-05
2.31566 	0.0296572 	0.00134587 	6.92219e-05
2.31716 	0.0296615 	0.00134296 	6.90579e-05
2.31866 	0.0296657 	0.00134005 	6.88939e-05
2.32016 	0.0296669 	0.00133812 	6.8863e-05
2.32166 	0.0296674 	0.00133641 	6.88618e-05
2.32316 	0.029668 	0.0013347 	6.88605e-05
2.32466 	0.0296685 	0.00133299 	6.88592e-05
2.32616 	0.029669 	0.00133128 	6.8858e-05
2.32766 	0.0296695 	0.00132957 	6.88567e-05
2.32916 	0.02967 	0.00132786 	6.88554e-05
2.33067 	0.0296706 	0.00132614 	6.88542e-05
2.33217 	0.0296711 	0.00132443 	6.88529e-05
2.33367 	0.0296721 	0.00132264 	6.88468e-05
2.33517 	0.0296775 	0.00132011 	6.87943e-05
2.33667 	0.029683 	0.00131758 	6.87418e-05
2.33817 	0.0296884 	0.00131504 	6.86893e-05
2.33967 	0.0296939 	0.00131251 	6.86368e-05
2.34117 	0.0296993 	0.00130997 	6.85843e-05
2.34267 	0.0297048 	0.00130744 	6.85318e-05
2.34417 	0.0297102 	0.0013049 	6.84793e-05
2.34567 	0.0297157 	0.00130237 	6.84268e-05
2.34717 	0.0297211 	0.00129984 	6.83743e-05
2.34867 	0.0297245 	0.00129728 	6.84318e-05
2.35018 	0.0297276 	0.00129472 	6.85069e-05
2.35168 	0.0297308 	0.00129216 	6.85819e-05
2.35318 	0.0297339 	0.0012896 	6.8657e-05
2.35468 	0.029737 	0.00128704 	6.8732e-05
2.35618 	0.0297401 	0.00128448 	6.88071e-05
2.35768 	0.0297432 	0.00128192 	6.88822e-05
2.35918 	0.0297463 	0.00127936 	6.89572e-05
2.36068 	0.0297494 	0.0012768 	6.90323e-05
2.36218 	0.0297525 	0.00127424 	6.91074e-05
2.36368 	0.0297535 	0.00127165 	6.92822e-05
2.36518 	0.0297545 	0.00126904 	6.9461e-05
2.36668 	0.0297554 	0.00126644 	6.96397e-05
2.36818 	0.0297564 	0.00126384 	6.98184e-05
2.36968 	0.0297573 	0.00126124 	6.99972e-05
2.37119 	0.0297583 	0.00125864 	7.01759e-05
2.37269 	0.0297592 	0.00125604 	7.03547e-05
2.37419 	0.0297601 	0.00125344 	7.05334e-05
2.37569 	0.0297611 	0.00125084 	7.07121e-05
2.37719 	0.0297663 	0.00124744 	7.08729e-05
2.37869 	0.0297723 	0.00124389 	7.10301e-05
2.38019 	0.0297783 	0.00124034 	7.11874e-05
2.38169 	0.0297843 	0.00123679 	7.13446e-05
2.38319 	0.0297903 	0.00123323 	7.15019e-05
2.38469 	0.0297963 	0.00122968 	7.16591e-05
2.38619 	0.0298023 	0.00122613 	7.18164e-05
2.38769 	0.0298083 	0.00122258 	7.19736e-05
2.38919 	0.0298137 	0.00121918 	7.21415e-05
2.3907 	0.0298161 	0.00121642 	7.23536e-05
2.3922 	0.0298186 	0.00121367 	7.25657e-05
2.3937 	0.029821 	0.00121091 	7.27779e-05
2.3952 	0.0298235 	0.00120815 	7.299e-05
2.3967 	0.0298259 	0.00120539 	7.32021e-05
2.3982 	0.0298284 	0.00120264 	7.34143e-05
2.3997 	0.0298308 	0.00119988 	7.36264e-05
2.4012 	0.0298333 	0.00119712 	7.38385e-05
2.4027 	0.0298357 	0.00119436 	7.40506e-05
2.4042 	0.029838 	0.00119163 	7.42651e-05
2.4057 	0.0298376 	0.00118926 	7.45227e-05
2.4072 	0.0298371 	0.00118689 	7.47802e-05
2.4087 	0.0298367 	0.00118453 	7.50378e-05
2.41021 	0.0298362 	0.00118216 	7.52954e-05
2.41171 	0.0298358 	0.00117979 	7.55529e-05
2.41321 	0.0298353 	0.00117742 	7.58105e-05
2.41471 	0.0298349 	0.00117506 	7.60681e-05
2.41621 	0.0298344 	0.00117269 	7.63256e-05
2.41771 	0.0298368 	0.0011696 	7.65996e-05
2.41921 	0.029842 	0.00116582 	7.68892e-05
2.42071 	0.0298471 	0.00116204 	7.71789e-05
2.42221 	0.0298523 	0.00115826 	7.74685e-05
2.42371 	0.0298574 	0.00115448 	7.77581e-05
2.42521 	0.0298625 	0.0011507 	7.80477e-05
2.42671 	0.0298677 	0.00114692 	7.83373e-05
2.42821 	0.0298728 	0.00114314 	7.86269e-05
2.42971 	0.0298764 	0.00113967 	7.88988e-05
2.43122 	0.029878 	0.00113659 	7.91488e-05
2.43272 	0.0298796 	0.00113351 	7.93987e-05
2.43422 	0.0298812 	0.00113043 	7.96487e-05
2.43572 	0.0298829 	0.00112734 	7.98986e-05
2.43722 	0.0298845 	0.00112426 	8.01485e-05
2.43872 	0.0298861 	0.00112118 	8.03985e-05
2.44022 	0.0298877 	0.0011181 	8.06484e-05
2.44172 	0.0298893 	0.00111502 	8.08984e-05
2.44322 	0.0298909 	0.00111194 	8.11483e-05
2.44472 	0.0298921 	0.001109 	8.1389e-05
2.44622 	0.0298903 	0.00110693 	8.15737e-05
2.44772 	0.0298885 	0.00110485 	8.17584e-05
2.44922 	0.0298868 	0.00110277 	8.19431e-05
2.45073 	0.029885 	0.0011007 	8.21278e-05
2.45223 	0.0298832 	0.00109862 	8.23124e-05
2.45373 	0.0298815 	0.00109654 	8.24971e-05
2.45523 	0.0298797 	0.00109447 	8.26818e-05
2.45673 	0.0298789 	0.00109206 	8.28793e-05
2.45823 	0.0298828 	0.00108809 	8.31377e-05
2.45973 	0.0298867 	0.00108412 	8.33961e-05
2.46123 	0.0298906 	0.00108014 	8.36546e-05
2.46273 	0.0298945 	0.00107617 	8.3913e-05
2.46423 	0.0298983 	0.0010722 	8.41714e-05
2.46573 	0.0299022 	0.00106823 	8.44299e-05
2.46723 	0.0299061 	0.00106425 	8.46883e-05
2.46873 	0.0299077 	0.00106127 	8.48597e-05
2.47024 	0.0299082 	0.0010588 	8.49863e-05
2.47174 	0.0299086 	0.00105633 	8.51128e-05
2.47324 	0.0299091 	0.00105386 	8.52394e-05
2.47474 	0.0299095 	0.00105139 	8.5366e-05
2.47624 	0.02991 	0.00104892 	8.54926e-05
2.47774 	0.0299104 	0.00104645 	8.56191e-05
2.47924 	0.0299109 	0.00104398 	8.57457e-05
2.48074 	0.0299113 	0.00104151 	8.58723e-05
2.48224 	0.0299118 	0.00103904 	8.59989e-05
2.48374 	0.0299114 	0.00103697 	8.6093e-05
2.48524 	0.0299086 	0.00103593 	8.61012e-05
2.48674 	0.0299058 	0.0010349 	8.61094e-05
2.48824 	0.0299031 	0.00103387 	8.61176e-05
2.48974 	0.0299003 	0.00103284 	8.61257e-05
2.49125 	0.0298975 	0.00103181 	8.61339e-05
2.49275 	0.0298948 	0.00103078 	8.61421e-05
2.49425 	0.029892 	0.00102975 	8.61503e-05
2.49575 	0.0298941 	0.00102702 	8.62081e-05
2.49725 	0.0298969 	0.001024 	8.62743e-05
2.49875 	0.0298998 	0.00102098 	8.63405e-05
2.50025 	0.0299026 	0.00101796 	8.64066e-05
2.50175 	0.0299055 	0.00101494 	8.64728e-05
2.50325 	0.0299084 	0.00101192 	8.65389e-05
2.50475 	0.0299112 	0.0010089 	8.66051e-05
2.50625 	0.029911 	0.00100638 	8.65486e-05
2.50775 	0.0299103 	0.00100393 	8.6475e-05
2.50925 	0.0299097 	0.00100148 	8.64015e-05
2.51076 	0.029909 	0.000999028 	8.63279e-05
2.51226 	0.0299083 	0.000996577 	8.62543e-05
2.51376 	0.0299077 	0.000994125 	8.61808e-05
2.51526 	0.029907 	0.000991674 	8.61072e-05
2.51676 	0.0299063 	0.000989222 	8.60337e-05
2.51826 	0.0299057 	0.00098677 	8.59601e-05
2.51976 	0.029905 	0.000984319 	8.58866e-05
2.52126 	0.0299028 	0.000981952 	8.57618e-05
2.52276 	0.0298989 	0.000979677 	8.55817e-05
2.52426 	0.029895 	0.000977402 	8.54016e-05
2.52576 	0.0298911 	0.000975127 	8.52215e-05
2.52726 	0.0298873 	0.000972852 	8.50414e-05
2.52876 	0.0298834 	0.000970578 	8.48614e-05
2.53027 	0.0298795 	0.000968303 	8.46813e-05
2.53177 	0.0298788 	0.000965153 	8.45059e-05
2.53327 	0.0298804 	0.000961405 	8.43338e-05
2.53477 	0.029882 	0.000957657 	8.41616e-05
2.53627 	0.0298836 	0.000953908 	8.39895e-05
2.53777 	0.0298851 	0.00095016 	8.38173e-05
2.53927 	0.0298867 	0.000946412 	8.36451e-05
2.54077 	0.0298878 	0.000942752 	8.34637e-05
2.54227 	0.0298857 	0.000939706 	8.32175e-05
2.54377 	0.0298836 	0.000936659 	8.29713e-05
2.54527 	0.0298815 	0.000933613 	8.27251e-05
2.54677 	0.0298794 	0.000930567 	8.24789e-05
2.54827 	0.0298773 	0.000927521 	8.22327e-05
2.54977 	0.0298752 	0.000924475 	8.19865e-05
2.55128 	0.0298731 	0.000921429 	8.17403e-05
2.55278 	0.029871 	0.000918383 	8.14941e-05
2.55428 	0.0298689 	0.000915337 	8.12478e-05
2.55578 	0.0298668 	0.000912291 	8.10016e-05
2.55728 	0.029862 	0.000909776 	8.06972e-05
2.55878 	0.0298564 	0.000907406 	8.03769e-05
2.56028 	0.0298509 	0.000905036 	8.00566e-05
2.56178 	0.0298454 	0.000902665 	7.97363e-05
2.56328 	0.0298399 	0.000900295 	7.9416e-05
2.56478 	0.0298343 	0.000897925 	7.90957e-05
2.56628 	0.029831 	0.00089505 	7.87849e-05
2.56778 	0.0298311 	0.000891428 	7.84882e-05
2.56928 	0.0298312 	0.000887806 	7.81915e-05
2.57079 	0.0298312 	0.000884184 	7.78948e-05
2.57229 	0.0298313 	0.000880562 	7.7598e-05
2.57379 	0.0298314 	0.000876939 	7.73013e-05
2.57529 	0.0298299 	0.000873667 	7.70257e-05
2.57679 	0.0298265 	0.000870878 	7.67793e-05
2.57829 	0.029823 	0.00086809 	7.65329e-05
2.57979 	0.0298196 	0.000865301 	7.62865e-05
2.58129 	0.0298161 	0.000862512 	7.60401e-05
2.58279 	0.0298126 	0.000859723 	7.57937e-05
2.58429 	0.0298092 	0.000856935 	7.55473e-05
2.58579 	0.0298057 	0.000854146 	7.53009e-05
2.58729 	0.0298022 	0.000851357 	7.50545e-05
2.58879 	0.0297988 	0.000848569 	7.48081e-05
2.5903 	0.0297948 	0.000846007 	7.45741e-05
2.5918 	0.0297886 	0.00084436 	7.439e-05
2.5933 	0.0297825 	0.000842713 	7.42059e-05
2.5948 	0.0297764 	0.000841066 	7.40218e-05
2.5963 	0.0297702 	0.000839418 	7.38377e-05
2.5978 	0.0297641 	0.000837771 	7.36536e-05
2.5993 	0.0297599 	0.000835929 	7.34858e-05
2.6008 	0.0297606 	0.000833622 	7.33566e-05
2.6023 	0.0297612 	0.000831315 	7.32274e-05
2.6038 	0.0297618 	0.000829007 	7.30981e-05
2.6053 	0.0297625 	0.0008267 	7.29689e-05
2.6068 	0.0297631 	0.000824393 	7.28397e-05
2.6083 	0.0297597 	0.000821951 	7.27283e-05
2.6098 	0.0297552 	0.000819468 	7.26221e-05
2.61131 	0.0297506 	0.000816985 	7.25159e-05
2.61281 	0.029746 	0.000814503 	7.24097e-05
2.61431 	0.0297414 	0.00081202 	7.23036e-05
2.61581 	0.0297368 	0.000809537 	7.21974e-05
2.61731 	0.0297323 	0.000807054 	7.20912e-05
2.61881 	0.0297277 	0.000804572 	7.19851e-05
2.62031 	0.0297231 	0.000802089 	7.18789e-05
2.62181 	0.0297185 	0.000799606 	7.17727e-05
2.62331 	0.0297104 	0.000796989 	7.16843e-05
2.62481 	0.0297008 	0.000794321 	7.16026e-05
2.62631 	0.0296913 	0.000791653 	7.15209e-05
2.62781 	0.0296817 	0.000788985 	7.14392e-05
2.62931 	0.0296722 	0.000786317 	7.13575e-05
2.63082 	0.0296645 	0.000783431 	7.12882e-05
2.63232 	0.0296616 	0.000779967 	7.1252e-05
2.63382 	0.0296588 	0.000776503 	7.12157e-05
2.63532 	0.0296559 	0.000773039 	7.11794e-05
2.63682 	0.0296531 	0.000769575 	7.11431e-05
2.63832 	0.0296495 	0.000766237 	7.11169e-05
2.63982 	0.0296425 	0.000763472 	7.11371e-05
2.64132 	0.0296355 	0.000760706 	7.11573e-05
2.64282 	0.0296285 	0.00075794 	7.11775e-05
2.64432 	0.0296214 	0.000755175 	7.11977e-05
2.64582 	0.0296144 	0.000752409 	7.12179e-05
2.64732 	0.0296074 	0.000749643 	7.12381e-05
2.64882 	0.0296004 	0.000746878 	7.12583e-05
2.65033 	0.0295934 	0.000744112 	7.12785e-05
2.65183 	0.0295864 	0.000741346 	7.12987e-05
2.65333 	0.0295778 	0.000738686 	7.13342e-05
2.65483 	0.0295662 	0.000736218 	7.13975e-05
2.65633 	0.0295546 	0.00073375 	7.14607e-05
2.65783 	0.029543 	0.000731282 	7.1524e-05
2.65933 	0.0295313 	0.000728814 	7.15872e-05
2.66083 	0.0295217 	0.000725921 	7.16578e-05
2.66233 	0.0295161 	0.000722166 	7.1743e-05
2.66383 	0.0295104 	0.000718412 	7.18283e-05
2.66533 	0.0295047 	0.000714657 	7.19136e-05
2.66683 	0.0294991 	0.000710903 	7.19989e-05
2.66833 	0.0294921 	0.000707928 	7.20572e-05
2.66983 	0.0294843 	0.00070539 	7.21006e-05
2.67134 	0.0294765 	0.000702852 	7.21439e-05
2.67284 	0.0294687 	0.000700313 	7.21873e-05
2.67434 	0.0294609 	0.000697775 	7.22306e-05
2.67584 	0.0294531 	0.000695237 	7.22739e-05
2.67734 	0.0294453 	0.000692698 	7.23173e-05
2.67884 	0.0294375 	0.00069016 	7.23606e-05
2.68034 	0.0294297 	0.000687621 	7.2404e-05
2.68184 	0.0294218 	0.000685177 	7.24445e-05
2.68334 	0.029412 	0.000683826 	7.24521e-05
2.68484 	0.0294023 	0.000682475 	7.24597e-05
2.68634 	0.0293926 	0.000681124 	7.24673e-05
2.68784 	0.0293828 	0.000679773 	7.24749e-05
2.68934 	0.0293758 	0.000677818 	7.24866e-05
2.69085 	0.029372 	0.000675133 	7.25035e-05
2.69235 	0.0293682 	0.000672448 	7.25203e-05
2.69385 	0.0293645 	0.000669763 	7.25371e-05
2.69535 	0.0293598 	0.000667092 	7.25442e-05
2.69685 	0.0293499 	0.000664513 	7.24931e-05
2.69835 	0.02934 	0.000661933 	7.24421e-05
2.69985 	0.0293302 	0.000659354 	7.2391e-05
2.70135 	0.0293203 	0.000656774 	7.23399e-05
2.70285 	0.0293104 	0.000654194 	7.22888e-05
2.70435 	0.0293005 	0.000651615 	7.22377e-05
2.70585 	0.0292906 	0.000649035 	7.21867e-05
2.70735 	0.0292807 	0.000646455 	7.21356e-05
2.70885 	0.0292709 	0.000643876 	7.20845e-05
2.71036 	0.0292558 	0.000641375 	7.19822e-05
2.71186 	0.0292401 	0.000638884 	7.18728e-05
2.71336 	0.0292243 	0.000636394 	7.17633e-05
2.71486 	0.0292086 	0.000633904 	7.16539e-05
2.71636 	0.0291964 	0.000630472 	7.1541e-05
2.71786 	0.0291862 	0.000626471 	7.1426e-05
2.71936 	0.0291761 	0.000622471 	7.1311e-05
2.72086 	0.029166 	0.00061847 	7.1196e-05
2.72236 	0.0291528 	0.000614914 	7.10495e-05
2.72386 	0.0291381 	0.000611583 	7.0887e-05
2.72536 	0.0291234 	0.000608251 	7.07246e-05
2.72686 	0.0291086 	0.00060492 	7.05621e-05
2.72836 	0.0290939 	0.000601589 	7.03997e-05
2.72986 	0.0290792 	0.000598258 	7.02372e-05
2.73137 	0.0290645 	0.000594927 	7.00748e-05
2.73287 	0.0290497 	0.000591596 	6.99123e-05
2.73437 	0.029035 	0.000588265 	6.97499e-05
2.73587 	0.0290185 	0.000585687 	6.95728e-05
2.73737 	0.0290014 	0.000583397 	6.93902e-05
2.73887 	0.0289842 	0.000581107 	6.92075e-05
2.74037 	0.028967 	0.000578817 	6.90249e-05
2.74187 	0.0289524 	0.00057484 	6.87998e-05
2.74337 	0.0289383 	0.000570484 	6.85653e-05
2.74487 	0.0289243 	0.000566128 	6.83307e-05
2.74637 	0.0289103 	0.000562078 	6.8105e-05
2.74787 	0.0288969 	0.000559393 	6.79187e-05
2.74937 	0.0288835 	0.000556707 	6.77325e-05
2.75088 	0.0288701 	0.000554022 	6.75462e-05
2.75238 	0.0288566 	0.000551337 	6.73599e-05
2.75388 	0.0288432 	0.000548651 	6.71737e-05
2.75538 	0.0288298 	0.000545966 	6.69874e-05
2.75688 	0.0288164 	0.000543281 	6.68011e-05
2.75838 	0.0288029 	0.000540596 	6.66149e-05
2.75988 	0.02879 	0.000538877 	6.64552e-05
2.76138 	0.0287773 	0.000537833 	6.6314e-05
2.76288 	0.0287647 	0.000536789 	6.61729e-05
2.76438 	0.028752 	0.000535738 	6.60316e-05
2.76588 	0.0287428 	0.000532579 	6.58411e-05
2.76738 	0.0287335 	0.00052942 	6.56506e-05
2.76888 	0.0287242 	0.000526261 	6.54602e-05
2.77039 	0.0287105 	0.00052338 	6.52274e-05
2.77189 	0.0286947 	0.000520633 	6.4974e-05
2.77339 	0.028679 	0.000517886 	6.47206e-05
2.77489 	0.0286632 	0.000515139 	6.44671e-05
2.77639 	0.0286474 	0.000512393 	6.42137e-05
2.77789 	0.0286316 	0.000509646 	6.39603e-05
2.77939 	0.0286158 	0.000506899 	6.37069e-05
2.78089 	0.0286 	0.000504152 	6.34535e-05
2.78239 	0.0285805 	0.000501392 	6.31669e-05
2.78389 	0.0285564 	0.000498614 	6.28383e-05
2.78539 	0.0285322 	0.000495836 	6.25096e-05
2.78689 	0.0285091 	0.000492836 	6.21776e-05
2.78839 	0.0284921 	0.000488605 	6.1827e-05
2.78989 	0.0284752 	0.000484374 	6.14764e-05
2.7914 	0.0284582 	0.000480283 	6.11325e-05
2.7929 	0.0284407 	0.000477444 	6.08481e-05
2.7944 	0.0284231 	0.000474606 	6.05638e-05
2.7959 	0.0284056 	0.000471767 	6.02794e-05
2.7974 	0.0283881 	0.000468929 	5.99951e-05
2.7989 	0.0283705 	0.00046609 	5.97108e-05
2.8004 	0.028353 	0.000463252 	5.94264e-05
2.8019 	0.0283354 	0.000460413 	5.91421e-05
2.8034 	0.0283178 	0.000457907 	5.8878e-05
2.8049 	0.0282998 	0.000456442 	5.86776e-05
2.8064 	0.0282819 	0.000454977 	5.84772e-05
2.8079 	0.0282657 	0.000453187 	5.82675e-05
2.8094 	0.0282559 	0.000450295 	5.80259e-05
2.81091 	0.028246 	0.000447404 	5.77844e-05
2.81241 	0.0282316 	0.000444497 	5.75319e-05
2.81391 	0.0282114 	0.00044157 	5.72652e-05
2.81541 	0.0281912 	0.000438643 	5.69985e-05
2.81691 	0.028171 	0.000435716 	5.67318e-05
2.81841 	0.0281508 	0.000432789 	5.6465e-05
2.81991 	0.0281306 	0.000429862 	5.61983e-05
2.82141 	0.0281104 	0.000426935 	5.59316e-05
2.82291 	0.0280902 	0.000424008 	5.56649e-05
2.82441 	0.0280604 	0.000421042 	5.53693e-05
2.82591 	0.0280301 	0.000418073 	5.50722e-05
2.82741 	0.0280013 	0.000414796 	5.47664e-05
2.82891 	0.0279789 	0.000410229 	5.44239e-05
2.83042 	0.0279565 	0.000405661 	5.40814e-05
2.83192 	0.0279343 	0.000402064 	5.38058e-05
2.83342 	0.0279121 	0.000399024 	5.35686e-05
2.83492 	0.0278899 	0.000395985 	5.33313e-05
2.83642 	0.0278678 	0.000392945 	5.30941e-05
2.83792 	0.0278456 	0.000389905 	5.28569e-05
2.83942 	0.0278234 	0.000386866 	5.26196e-05
2.84092 	0.0278012 	0.000383826 	5.23824e-05
2.84242 	0.0277793 	0.000381597 	5.21933e-05
2.84392 	0.0277574 	0.00038007 	5.20458e-05
2.84542 	0.0277357 	0.00037853 	5.18983e-05
2.84692 	0.0277233 	0.000375469 	5.1746e-05
2.84842 	0.0277108 	0.000372409 	5.15937e-05
2.84992 	0.0276898 	0.000369299 	5.14103e-05
2.85143 	0.0276645 	0.000366163 	5.12115e-05
2.85293 	0.0276392 	0.000363028 	5.10127e-05
2.85443 	0.0276139 	0.000359893 	5.08139e-05
2.85593 	0.0275886 	0.000356757 	5.0615e-05
2.85743 	0.0275633 	0.000353622 	5.04162e-05
2.85893 	0.027538 	0.000350487 	5.02174e-05
2.86043 	0.0275008 	0.000347272 	4.99686e-05
2.86193 	0.0274628 	0.000344053 	4.9717e-05
2.86343 	0.0274309 	0.000339761 	4.94698e-05
2.86493 	0.0274023 	0.00033485 	4.92251e-05
2.86643 	0.027374 	0.000330752 	4.90014e-05
2.86793 	0.0273461 	0.000327488 	4.87994e-05
2.86943 	0.0273182 	0.000324225 	4.85974e-05
2.87094 	0.0272902 	0.000320961 	4.83954e-05
2.87244 	0.0272623 	0.000317697 	4.81934e-05
2.87394 	0.0272344 	0.000314433 	4.79913e-05
2.87544 	0.0272066 	0.000311411 	4.77965e-05
2.87694 	0.0271795 	0.000309775 	4.7643e-05
2.87844 	0.0271527 	0.00030809 	4.74899e-05
2.87994 	0.0271371 	0.000304878 	4.73524e-05
2.88144 	0.0271203 	0.000301654 	4.72099e-05
2.88294 	0.0270876 	0.000298287 	4.70033e-05
2.88444 	0.027055 	0.00029492 	4.67968e-05
2.88594 	0.0270224 	0.000291553 	4.65902e-05
2.88744 	0.0269897 	0.000288186 	4.63837e-05
2.88894 	0.0269571 	0.000284819 	4.61771e-05
2.89045 	0.0269229 	0.000281437 	4.59658e-05
2.89195 	0.0268736 	0.000277906 	4.57094e-05
2.89345 	0.0268261 	0.000274103 	4.54502e-05
2.89495 	0.0267883 	0.000268842 	4.51758e-05
2.89645 	0.0267508 	0.000264228 	4.49261e-05
2.89795 	0.0267139 	0.000260729 	4.4719e-05
2.89945 	0.0266771 	0.000257229 	4.45119e-05
2.90095 	0.0266402 	0.00025373 	4.43048e-05
2.90245 	0.0266033 	0.00025023 	4.40976e-05
2.90395 	0.0265665 	0.000246731 	4.38905e-05
2.90545 	0.0265306 	0.000244528 	4.37463e-05
2.90695 	0.026495 	0.000242768 	4.36235e-05
2.90845 	0.0264734 	0.000239485 	4.34676e-05
2.90995 	0.0264492 	0.000236433 	4.33178e-05
2.91146 	0.0264189 	0.000233919 	4.31818e-05
2.91296 	0.0263886 	0.000231405 	4.30458e-05
2.91446 	0.0263583 	0.000228891 	4.29099e-05
2.91596 	0.026328 	0.000226377 	4.27739e-05
2.91746 	0.0262972 	0.000223911 	4.26397e-05
2.91896 	0.0262581 	0.000222184 	4.25329e-05
2.92046 	0.0262248 	0.000219662 	4.23988e-05
2.92196 	0.0261986 	0.000216129 	4.22301e-05
2.92346 	0.026147 	0.000212405 	4.20034e-05
2.92496 	0.0260939 	0.000208669 	4.17734e-05
2.92646 	0.0260408 	0.000204933 	4.15433e-05
2.92796 	0.0259877 	0.000201197 	4.13132e-05
2.92946 	0.0259345 	0.000197461 	4.1083e-05
2.93097 	0.0258553 	0.000193502 	4.08093e-05
2.93247 	0.0257823 	0.000188542 	4.04839e-05
2.93397 	0.0257157 	0.000182958 	4.01237e-05
2.93547 	0.0256529 	0.000179073 	3.98359e-05
2.93697 	0.02559 	0.000175188 	3.95481e-05
2.93847 	0.0255272 	0.000171303 	3.92604e-05
2.93997 	0.0254643 	0.000167419 	3.89726e-05
2.94147 	0.0254044 	0.000164577 	3.87394e-05
2.94297 	0.0253496 	0.00016237 	3.85342e-05
2.94447 	0.0253081 	0.000158779 	3.82313e-05
2.94597 	0.0252548 	0.000155974 	3.79664e-05
2.94747 	0.0252005 	0.000153236 	3.77048e-05
2.94897 	0.0251462 	0.000150497 	3.74432e-05
2.95048 	0.0250919 	0.000147759 	3.71816e-05
2.95198 	0.0250303 	0.000145517 	3.69488e-05
2.95348 	0.0249691 	0.000142929 	3.66808e-05
2.95498 	0.024905 	0.000139111 	3.63038e-05
2.95648 	0.0248006 	0.000135052 	3.58728e-05
2.95798 	0.0246961 	0.000130993 	3.54418e-05
2.95948 	0.0245916 	0.000126933 	3.50108e-05
2.96098 	0.0244773 	0.000122805 	3.45675e-05
2.96248 	0.0243236 	0.00011828 	3.40637e-05
2.96398 	0.0241793 	0.000111995 	3.34009e-05
2.96548 	0.0240473 	0.000107821 	3.2957e-05
2.96698 	0.0239153 	0.000103647 	3.25131e-05
2.96848 	0.0237833 	9.9473e-05 	3.20692e-05
2.96998 	0.0236553 	9.58605e-05 	3.16875e-05
2.97149 	0.023542 	9.34194e-05 	3.14391e-05
2.97299 	0.0234349 	8.99983e-05 	3.10954e-05
2.97449 	0.0233115 	8.71628e-05 	3.08215e-05
2.97599 	0.023188 	8.43273e-05 	3.05476e-05
2.97749 	0.0230646 	8.14918e-05 	3.02737e-05
2.97899 	0.0229254 	7.92454e-05 	3.00817e-05
2.98049 	0.0227914 	7.58172e-05 	2.97565e-05
2.98199 	0.0226327 	7.29346e-05 	2.95132e-05
2.98349 	0.0224731 	7.00844e-05 	2.92745e-05
2.98499 	0.0223134 	6.72342e-05 	2.90358e-05
2.98649 	0.0221361 	6.49433e-05 	2.88844e-05
2.98799 	0.0219532 	6.15449e-05 	2.85994e-05
2.98949 	0.0217412 	5.87231e-05 	2.84014e-05
2.991 	0.0215293 	5.59013e-05 	2.82035e-05
2.9925 	0.0213162 	5.31149e-05 	2.80108e-05
2.994 	0.0210758 	5.06867e-05 	2.78786e-05
2.9955 	0.0183751 	4.27234e-05 	2.43375e-05
2.997 	0.01338 	3.06824e-05 	1.77554e-05
2.9985 	0.00838485 	1.86415e-05 	1.11734e-05
3 	0 	0 	0
