0.915458 	-5.52556e-05 	3.13253e-05 	5.69206e-07
0.916958 	-0.00018487 	0.000104806 	1.90441e-06
0.918459 	-0.000315116 	0.000172307 	3.75077e-06
0.91996 	-0.000445133 	0.000240003 	5.72069e-06
0.921461 	-0.000573808 	0.000311406 	7.34277e-06
0.922961 	-0.000698433 	0.000393961 	7.91453e-06
0.924462 	-0.000804437 	0.000461266 	8.69695e-06
0.925963 	-0.000863332 	0.000488504 	1.00447e-05
0.927464 	-0.000913058 	0.000507277 	1.1517e-05
0.928964 	-0.000980111 	0.000552225 	1.17291e-05
0.930465 	-0.00105382 	0.000607221 	1.14575e-05
0.931966 	-0.00109516 	0.000643218 	1.18943e-05
0.933467 	-0.00111784 	0.000657268 	1.33251e-05
0.934967 	-0.00113993 	0.000669198 	1.48631e-05
0.936468 	-0.00122884 	0.000721788 	1.46988e-05
0.937969 	-0.00133213 	0.00078313 	1.41681e-05
0.93947 	-0.00135342 	0.000814539 	1.41106e-05
0.94097 	-0.00127611 	0.000802436 	1.48742e-05
0.942471 	-0.00118022 	0.000780665 	1.58419e-05
0.943972 	-0.0011791 	0.000798645 	1.58417e-05
0.945473 	-0.00126505 	0.000853145 	1.49522e-05
0.946973 	-0.0013209 	0.000898049 	1.41482e-05
0.948474 	-0.00118166 	0.000878272 	1.39958e-05
0.949975 	-0.000958781 	0.000819202 	1.45787e-05
0.951476 	-0.0007359 	0.000760132 	1.51615e-05
0.952976 	-0.000767458 	0.000779768 	1.46936e-05
0.954477 	-0.000867421 	0.000820566 	1.39431e-05
0.955978 	-0.000897494 	0.000845084 	1.32485e-05
0.957479 	-0.000658205 	0.000804825 	1.28569e-05
0.958979 	-0.000264158 	0.000717401 	1.30687e-05
0.96048 	0.000129888 	0.000629977 	1.32804e-05
0.961981 	0.000270055 	0.0006052 	1.31176e-05
0.963482 	0.000235742 	0.000623478 	1.26974e-05
0.964982 	0.00020143 	0.000641756 	1.22772e-05
0.966483 	0.000404117 	0.000614151 	1.18551e-05
0.967984 	0.000780675 	0.000543689 	1.17313e-05
0.969485 	0.00122117 	0.00045617 	1.17596e-05
0.970985 	0.00166166 	0.000368651 	1.17879e-05
0.972486 	0.0016518 	0.000371978 	1.17608e-05
0.973987 	0.00159323 	0.000385133 	1.17277e-05
0.975488 	0.00153466 	0.000398288 	1.16946e-05
0.976988 	0.00183848 	0.000361364 	1.13956e-05
0.978489 	0.00233908 	0.000285567 	1.11348e-05
0.97999 	0.00292913 	0.000191244 	1.09049e-05
0.981491 	0.00351917 	9.69211e-05 	1.0675e-05
0.982991 	0.00363486 	7.2776e-05 	1.07259e-05
0.984492 	0.0035307 	8.11555e-05 	1.09068e-05
0.985993 	0.00342654 	8.95349e-05 	1.10878e-05
0.987494 	0.00354692 	7.57244e-05 	1.10764e-05
0.988994 	0.00393662 	3.3658e-05 	1.08348e-05
0.990495 	0.00463778 	-5.48405e-05 	1.03299e-05
0.991996 	0.00533894 	-0.000143339 	9.82495e-06
0.993497 	0.0060401 	-0.000231837 	9.32004e-06
0.994997 	0.00599147 	-0.00023893 	9.26071e-06
0.996498 	0.00585969 	-0.000236995 	9.2508e-06
0.997999 	0.00572792 	-0.000235061 	9.24089e-06
0.9995 	0.00582621 	-0.000248887 	9.09348e-06
1.001 	0.00618724 	-0.000280711 	8.78905e-06
1.0025 	0.00697499 	-0.000357899 	8.01663e-06
1.004 	0.00778636 	-0.000437599 	7.21831e-06
1.0055 	0.00859773 	-0.000517299 	6.41999e-06
1.007 	0.00904852 	-0.000571251 	5.58001e-06
1.0085 	0.00916174 	-0.000601099 	4.70102e-06
1.01001 	0.00927496 	-0.000630947 	3.82203e-06
1.01151 	0.00938819 	-0.000660796 	2.94304e-06
1.01301 	0.00969786 	-0.000684571 	2.38884e-06
1.01451 	0.0100878 	-0.000708709 	1.92346e-06
1.01601 	0.0106703 	-0.000740271 	1.57006e-06
1.01751 	0.0112528 	-0.000771833 	1.21666e-06
1.01901 	0.0118352 	-0.000803394 	8.63264e-07
1.02051 	0.0121688 	-0.000829327 	2.03062e-07
1.02201 	0.0122481 	-0.00084951 	-7.70584e-07
1.02351 	0.0123274 	-0.000869692 	-1.74423e-06
1.02501 	0.0124067 	-0.000889875 	-2.71788e-06
1.02651 	0.0126007 	-0.000904029 	-3.46445e-06
1.02801 	0.0128894 	-0.000913219 	-4.02397e-06
1.02951 	0.0133533 	-0.000925212 	-4.32556e-06
1.03102 	0.0138789 	-0.000938192 	-4.5363e-06
1.03252 	0.0144045 	-0.000951172 	-4.74703e-06
1.03402 	0.0149301 	-0.000964152 	-4.95776e-06
1.03552 	0.0151161 	-0.000979601 	-5.46101e-06
1.03702 	0.0152152 	-0.000995682 	-6.0391e-06
1.03852 	0.0153142 	-0.00101176 	-6.61719e-06
1.04002 	0.0154133 	-0.00102784 	-7.19529e-06
1.04152 	0.0155982 	-0.00103549 	-7.77564e-06
1.04302 	0.0158468 	-0.00103688 	-8.35766e-06
1.04452 	0.0162146 	-0.00103633 	-8.78977e-06
1.04602 	0.0166616 	-0.0010345 	-9.12237e-06
1.04752 	0.0171086 	-0.00103267 	-9.45497e-06
1.04902 	0.0175556 	-0.00103084 	-9.78757e-06
1.05053 	0.0178731 	-0.00103385 	-9.98664e-06
1.05203 	0.0179811 	-0.0010447 	-9.96991e-06
1.05353 	0.0180892 	-0.00105554 	-9.95317e-06
1.05503 	0.0181973 	-0.00106638 	-9.93644e-06
1.05653 	0.0183053 	-0.00107722 	-9.9197e-06
1.05803 	0.0184954 	-0.00107464 	-1.04795e-05
1.05953 	0.0186976 	-0.00107006 	-1.11245e-05
1.06103 	0.01901 	-0.00105991 	-1.19398e-05
1.06253 	0.0193653 	-0.00104759 	-1.28211e-05
1.06403 	0.0197205 	-0.00103527 	-1.37025e-05
1.06553 	0.0200757 	-0.00102295 	-1.45839e-05
1.06703 	0.0203771 	-0.00101436 	-1.52935e-05
1.06853 	0.0204803 	-0.00101952 	-1.53698e-05
1.07004 	0.0205835 	-0.00102467 	-1.54461e-05
1.07154 	0.0206867 	-0.00102983 	-1.55224e-05
1.07304 	0.0207899 	-0.00103499 	-1.55987e-05
1.07454 	0.0209135 	-0.00103473 	-1.59501e-05
1.07604 	0.0210676 	-0.00102641 	-1.67115e-05
1.07754 	0.0212279 	-0.00101755 	-1.74978e-05
1.07904 	0.0214917 	-0.000999806 	-1.8694e-05
1.08054 	0.0217554 	-0.000982064 	-1.98901e-05
1.08204 	0.0220192 	-0.000964321 	-2.10863e-05
1.08354 	0.022283 	-0.000946579 	-2.22824e-05
1.08504 	0.0225026 	-0.000933446 	-2.32975e-05
1.08654 	0.0225902 	-0.000934116 	-2.37703e-05
1.08804 	0.0226777 	-0.000934786 	-2.42431e-05
1.08954 	0.0227652 	-0.000935456 	-2.47159e-05
1.09105 	0.0228527 	-0.000936126 	-2.51887e-05
1.09255 	0.0229431 	-0.000935469 	-2.56878e-05
1.09405 	0.0230529 	-0.000925644 	-2.63691e-05
1.09555 	0.0231628 	-0.000915818 	-2.70504e-05
1.09705 	0.0233148 	-0.000900702 	-2.78842e-05
1.09855 	0.0234984 	-0.000881642 	-2.88318e-05
1.10005 	0.0236819 	-0.000862581 	-2.97795e-05
1.10155 	0.0238654 	-0.000843521 	-3.07271e-05
1.10305 	0.024049 	-0.00082446 	-3.16747e-05
1.10455 	0.0241798 	-0.000813121 	-3.24075e-05
1.10605 	0.0242472 	-0.000811051 	-3.28824e-05
1.10755 	0.0243146 	-0.00080898 	-3.33573e-05
1.10905 	0.024382 	-0.00080691 	-3.38322e-05
1.11056 	0.0244495 	-0.00080484 	-3.43071e-05
1.11206 	0.0245169 	-0.000802709 	-3.47807e-05
1.11356 	0.0245908 	-0.000793025 	-3.51001e-05
1.11506 	0.0246647 	-0.000783341 	-3.54195e-05
1.11656 	0.0247492 	-0.000771827 	-3.57774e-05
1.11806 	0.0248697 	-0.00075412 	-3.62657e-05
1.11956 	0.0249902 	-0.000736412 	-3.67541e-05
1.12106 	0.0251108 	-0.000718705 	-3.72424e-05
1.12256 	0.0252313 	-0.000700998 	-3.77307e-05
1.12406 	0.0253518 	-0.00068329 	-3.82191e-05
1.12556 	0.025415 	-0.000677112 	-3.86797e-05
1.12706 	0.0254627 	-0.000674035 	-3.91328e-05
1.12856 	0.0255104 	-0.000670959 	-3.95859e-05
1.13007 	0.0255581 	-0.000667882 	-4.0039e-05
1.13157 	0.0256058 	-0.000664806 	-4.04921e-05
1.13307 	0.0256535 	-0.000661675 	-4.09394e-05
1.13457 	0.0257005 	-0.000653038 	-4.07853e-05
1.13607 	0.0257474 	-0.000644402 	-4.06311e-05
1.13757 	0.0257944 	-0.000635765 	-4.0477e-05
1.13907 	0.0258688 	-0.000620582 	-4.02279e-05
1.14057 	0.0259436 	-0.000605305 	-3.99774e-05
1.14207 	0.0260184 	-0.000590028 	-3.9727e-05
1.14357 	0.0260932 	-0.000574752 	-3.94765e-05
1.14507 	0.026168 	-0.000559475 	-3.92261e-05
1.14657 	0.0262331 	-0.00054685 	-3.90626e-05
1.14807 	0.0262631 	-0.000543917 	-3.92172e-05
1.14957 	0.026293 	-0.000540983 	-3.93718e-05
1.15108 	0.026323 	-0.000538049 	-3.95264e-05
1.15258 	0.0263529 	-0.000535116 	-3.9681e-05
1.15408 	0.0263829 	-0.000532182 	-3.98356e-05
1.15558 	0.0264127 	-0.000528824 	-3.99172e-05
1.15708 	0.0264409 	-0.000521503 	-3.93186e-05
1.15858 	0.0264692 	-0.000514183 	-3.87199e-05
1.16008 	0.0264974 	-0.000506863 	-3.81212e-05
1.16158 	0.0265394 	-0.000495097 	-3.72436e-05
1.16308 	0.0265846 	-0.000482291 	-3.63008e-05
1.16458 	0.0266297 	-0.000469485 	-3.5358e-05
1.16608 	0.0266749 	-0.000456679 	-3.44152e-05
1.16758 	0.0267201 	-0.000443874 	-3.34724e-05
1.16908 	0.0267652 	-0.000431068 	-3.25297e-05
1.17059 	0.0267905 	-0.000425659 	-3.18757e-05
1.17209 	0.0268074 	-0.000423403 	-3.13449e-05
1.17359 	0.0268242 	-0.000421148 	-3.08141e-05
1.17509 	0.026841 	-0.000418892 	-3.02833e-05
1.17659 	0.0268579 	-0.000416637 	-2.97525e-05
1.17809 	0.0268747 	-0.000414381 	-2.92217e-05
1.17959 	0.0268914 	-0.000411219 	-2.86351e-05
1.18109 	0.0269078 	-0.000405149 	-2.78692e-05
1.18259 	0.0269241 	-0.00039908 	-2.71034e-05
1.18409 	0.0269405 	-0.00039301 	-2.63375e-05
1.18559 	0.0269641 	-0.000383807 	-2.54588e-05
1.18709 	0.0269914 	-0.000373056 	-2.45244e-05
1.18859 	0.0270186 	-0.000362305 	-2.359e-05
1.1901 	0.0270458 	-0.000351555 	-2.26556e-05
1.1916 	0.027073 	-0.000340804 	-2.17212e-05
1.1931 	0.0271002 	-0.000330053 	-2.07868e-05
1.1946 	0.0271233 	-0.000321312 	-1.98879e-05
1.1961 	0.0271316 	-0.000319882 	-1.91182e-05
1.1976 	0.0271399 	-0.000318451 	-1.83484e-05
1.1991 	0.0271481 	-0.000317021 	-1.75787e-05
1.2006 	0.0271564 	-0.00031559 	-1.68089e-05
1.2021 	0.0271646 	-0.00031416 	-1.60392e-05
1.2036 	0.0271729 	-0.00031273 	-1.52694e-05
1.2051 	0.0271816 	-0.000309836 	-1.45476e-05
1.2066 	0.027191 	-0.000304772 	-1.38969e-05
1.2081 	0.0272004 	-0.000299709 	-1.32462e-05
1.2096 	0.0272098 	-0.000294645 	-1.25955e-05
1.21111 	0.0272233 	-0.000287343 	-1.19428e-05
1.21261 	0.0272403 	-0.000278079 	-1.12885e-05
1.21411 	0.0272574 	-0.000268814 	-1.06342e-05
1.21561 	0.0272744 	-0.00025955 	-9.97983e-06
1.21711 	0.0272915 	-0.000250285 	-9.3255e-06
1.21861 	0.0273085 	-0.000241021 	-8.67117e-06
1.22011 	0.0273256 	-0.000231756 	-8.01683e-06
1.22161 	0.0273325 	-0.000228719 	-7.38268e-06
1.22311 	0.0273358 	-0.000227974 	-6.75596e-06
1.22461 	0.027339 	-0.000227229 	-6.12923e-06
1.22611 	0.0273423 	-0.000226483 	-5.50251e-06
1.22761 	0.0273455 	-0.000225738 	-4.87578e-06
1.22911 	0.0273488 	-0.000224993 	-4.24906e-06
1.23062 	0.027352 	-0.000224248 	-3.62234e-06
1.23212 	0.0273563 	-0.000221753 	-3.0853e-06
1.23362 	0.0273613 	-0.000217925 	-2.6167e-06
1.23512 	0.0273664 	-0.000214096 	-2.14811e-06
1.23662 	0.0273714 	-0.000210268 	-1.67951e-06
1.23812 	0.0273785 	-0.000205139 	-1.23836e-06
1.23962 	0.027389 	-0.000197849 	-8.42851e-07
1.24112 	0.0273994 	-0.000190558 	-4.47341e-07
1.24262 	0.0274099 	-0.000183268 	-5.1831e-08
1.24412 	0.0274204 	-0.000175977 	3.43679e-07
1.24562 	0.0274308 	-0.000168687 	7.39189e-07
1.24712 	0.0274413 	-0.000161396 	1.1347e-06
1.24862 	0.0274488 	-0.000156238 	1.48085e-06
1.25013 	0.0274463 	-0.000158461 	1.65615e-06
1.25163 	0.0274437 	-0.000160684 	1.83145e-06
1.25313 	0.0274412 	-0.000162906 	2.00675e-06
1.25463 	0.0274387 	-0.000165129 	2.18206e-06
1.25613 	0.0274361 	-0.000167352 	2.35736e-06
1.25763 	0.0274336 	-0.000169575 	2.53266e-06
1.25913 	0.0274311 	-0.000171798 	2.70797e-06
1.26063 	0.0274328 	-0.000170102 	3.06433e-06
1.26213 	0.0274364 	-0.00016681 	3.49446e-06
1.26363 	0.0274399 	-0.000163518 	3.92458e-06
1.26513 	0.0274435 	-0.000160226 	4.35471e-06
1.26663 	0.0274484 	-0.00015593 	4.83038e-06
1.26813 	0.0274598 	-0.000146966 	5.51799e-06
1.26963 	0.0274713 	-0.000138001 	6.2056e-06
1.27114 	0.0274827 	-0.000129036 	6.89321e-06
1.27264 	0.0274941 	-0.000120072 	7.58081e-06
1.27414 	0.0275056 	-0.000111107 	8.26842e-06
1.27564 	0.027517 	-0.000102142 	8.95603e-06
1.27714 	0.0275284 	-9.31775e-05 	9.64364e-06
1.27864 	0.0275313 	-9.13139e-05 	1.00388e-05
1.28014 	0.0275301 	-9.28329e-05 	1.02945e-05
1.28164 	0.0275288 	-9.4352e-05 	1.05503e-05
1.28314 	0.0275276 	-9.5871e-05 	1.08061e-05
1.28464 	0.0275264 	-9.739e-05 	1.10619e-05
1.28614 	0.0275251 	-9.8909e-05 	1.13177e-05
1.28764 	0.0275239 	-0.000100428 	1.15734e-05
1.28914 	0.0275227 	-0.000101947 	1.18292e-05
1.29065 	0.0275251 	-9.98315e-05 	1.22095e-05
1.29215 	0.0275282 	-9.69067e-05 	1.26175e-05
1.29365 	0.0275314 	-9.39818e-05 	1.30255e-05
1.29515 	0.0275346 	-9.10569e-05 	1.34334e-05
1.29665 	0.0275378 	-8.8132e-05 	1.38414e-05
1.29815 	0.0275463 	-8.07566e-05 	1.4429e-05
1.29965 	0.0275552 	-7.30064e-05 	1.50317e-05
1.30115 	0.0275641 	-6.52563e-05 	1.56344e-05
1.30265 	0.027573 	-5.75061e-05 	1.62371e-05
1.30415 	0.0275819 	-4.97559e-05 	1.68398e-05
1.30565 	0.0275908 	-4.20057e-05 	1.74425e-05
1.30715 	0.0275998 	-3.42555e-05 	1.80452e-05
1.30865 	0.0276079 	-2.7228e-05 	1.86242e-05
1.31016 	0.0276071 	-2.86552e-05 	1.89253e-05
1.31166 	0.0276063 	-3.00824e-05 	1.92265e-05
1.31316 	0.0276054 	-3.15096e-05 	1.95276e-05
1.31466 	0.0276046 	-3.29368e-05 	1.98287e-05
1.31616 	0.0276038 	-3.4364e-05 	2.01299e-05
1.31766 	0.027603 	-3.57912e-05 	2.0431e-05
1.31916 	0.0276022 	-3.72184e-05 	2.07321e-05
1.32066 	0.0276014 	-3.86456e-05 	2.10333e-05
1.32216 	0.0276036 	-3.66118e-05 	2.13594e-05
1.32366 	0.0276063 	-3.41089e-05 	2.16888e-05
1.32516 	0.027609 	-3.1606e-05 	2.20183e-05
1.32666 	0.0276117 	-2.91031e-05 	2.23478e-05
1.32816 	0.0276144 	-2.66002e-05 	2.26773e-05
1.32966 	0.0276198 	-2.15203e-05 	2.30771e-05
1.33117 	0.027627 	-1.47495e-05 	2.35231e-05
1.33267 	0.0276342 	-7.97881e-06 	2.39692e-05
1.33417 	0.0276414 	-1.20808e-06 	2.44152e-05
1.33567 	0.0276486 	5.56265e-06 	2.48613e-05
1.33717 	0.0276558 	1.23334e-05 	2.53073e-05
1.33867 	0.027663 	1.91041e-05 	2.57533e-05
1.34017 	0.0276702 	2.58748e-05 	2.61994e-05
1.34167 	0.0276742 	2.92355e-05 	2.65926e-05
1.34317 	0.0276739 	2.79542e-05 	2.69139e-05
1.34467 	0.0276736 	2.66729e-05 	2.72352e-05
1.34617 	0.0276732 	2.53916e-05 	2.75565e-05
1.34767 	0.0276729 	2.41103e-05 	2.78778e-05
1.34917 	0.0276726 	2.28289e-05 	2.81991e-05
1.35068 	0.0276722 	2.15476e-05 	2.85204e-05
1.35218 	0.0276719 	2.02663e-05 	2.88417e-05
1.35368 	0.0276716 	1.8985e-05 	2.9163e-05
1.35518 	0.0276738 	2.10423e-05 	2.93448e-05
1.35668 	0.0276764 	2.34819e-05 	2.95107e-05
1.35818 	0.0276789 	2.59216e-05 	2.96766e-05
1.35968 	0.0276815 	2.83612e-05 	2.98424e-05
1.36118 	0.0276841 	3.08009e-05 	3.00083e-05
1.36268 	0.0276874 	3.40692e-05 	3.01571e-05
1.36418 	0.0276934 	4.02617e-05 	3.02458e-05
1.36568 	0.0276994 	4.64542e-05 	3.03346e-05
1.36718 	0.0277055 	5.26466e-05 	3.04233e-05
1.36868 	0.0277115 	5.88391e-05 	3.0512e-05
1.37019 	0.0277175 	6.50315e-05 	3.06007e-05
1.37169 	0.0277236 	7.1224e-05 	3.06895e-05
1.37319 	0.0277296 	7.74165e-05 	3.07782e-05
1.37469 	0.0277356 	8.36089e-05 	3.08669e-05
1.37619 	0.0277372 	8.43722e-05 	3.09339e-05
1.37769 	0.0277371 	8.29653e-05 	3.09921e-05
1.37919 	0.027737 	8.15583e-05 	3.10503e-05
1.38069 	0.0277368 	8.01514e-05 	3.11086e-05
1.38219 	0.0277367 	7.87444e-05 	3.11668e-05
1.38369 	0.0277365 	7.73375e-05 	3.12251e-05
1.38519 	0.0277364 	7.59305e-05 	3.12833e-05
1.38669 	0.0277362 	7.45235e-05 	3.13416e-05
1.38819 	0.0277361 	7.31166e-05 	3.13998e-05
1.38969 	0.0277381 	7.47877e-05 	3.13504e-05
1.3912 	0.0277405 	7.69026e-05 	3.12856e-05
1.3927 	0.0277429 	7.90174e-05 	3.12207e-05
1.3942 	0.0277453 	8.11323e-05 	3.11559e-05
1.3957 	0.0277477 	8.32472e-05 	3.1091e-05
1.3972 	0.0277501 	8.5362e-05 	3.10261e-05
1.3987 	0.0277545 	9.01142e-05 	3.09206e-05
1.4002 	0.0277596 	9.56057e-05 	3.08037e-05
1.4017 	0.0277647 	0.000101097 	3.06868e-05
1.4032 	0.0277698 	0.000106589 	3.05699e-05
1.4047 	0.0277748 	0.00011208 	3.0453e-05
1.4062 	0.0277799 	0.000117571 	3.03361e-05
1.4077 	0.027785 	0.000123063 	3.02192e-05
1.4092 	0.0277901 	0.000128554 	3.01023e-05
1.41071 	0.0277951 	0.000134046 	2.99854e-05
1.41221 	0.0277958 	0.000132958 	2.98729e-05
1.41371 	0.0277962 	0.000131615 	2.97605e-05
1.41521 	0.0277966 	0.000130272 	2.96481e-05
1.41671 	0.0277971 	0.000128929 	2.95358e-05
1.41821 	0.0277975 	0.000127586 	2.94234e-05
1.41971 	0.027798 	0.000126243 	2.9311e-05
1.42121 	0.0277984 	0.0001249 	2.91986e-05
1.42271 	0.0277988 	0.000123557 	2.90863e-05
1.42421 	0.0277993 	0.000122214 	2.89739e-05
1.42571 	0.0278011 	0.00012335 	2.88322e-05
1.42721 	0.0278033 	0.000125009 	2.86843e-05
1.42871 	0.0278055 	0.000126669 	2.85363e-05
1.43022 	0.0278076 	0.000128328 	2.83884e-05
1.43172 	0.0278098 	0.000129987 	2.82405e-05
1.43322 	0.0278119 	0.000131646 	2.80926e-05
1.43472 	0.0278146 	0.000134188 	2.79496e-05
1.43622 	0.0278186 	0.000138778 	2.78178e-05
1.43772 	0.0278225 	0.000143367 	2.76861e-05
1.43922 	0.0278264 	0.000147956 	2.75544e-05
1.44072 	0.0278304 	0.000152546 	2.74227e-05
1.44222 	0.0278343 	0.000157135 	2.72909e-05
1.44372 	0.0278383 	0.000161725 	2.71592e-05
1.44522 	0.0278422 	0.000166314 	2.70275e-05
1.44672 	0.0278461 	0.000170903 	2.68957e-05
1.44822 	0.0278492 	0.000174217 	2.67815e-05
1.44972 	0.0278487 	0.000172047 	2.67427e-05
1.45123 	0.0278482 	0.000169877 	2.67039e-05
1.45273 	0.0278477 	0.000167707 	2.6665e-05
1.45423 	0.0278471 	0.000165537 	2.66262e-05
1.45573 	0.0278466 	0.000163368 	2.65873e-05
1.45723 	0.0278461 	0.000161198 	2.65485e-05
1.45873 	0.0278456 	0.000159028 	2.65097e-05
1.46023 	0.0278451 	0.000156858 	2.64708e-05
1.46173 	0.0278445 	0.000154688 	2.6432e-05
1.46323 	0.0278463 	0.000155306 	2.632e-05
1.46473 	0.0278487 	0.000156726 	2.6187e-05
1.46623 	0.0278511 	0.000158147 	2.60539e-05
1.46773 	0.0278535 	0.000159567 	2.59209e-05
1.46923 	0.0278559 	0.000160987 	2.57879e-05
1.47074 	0.0278583 	0.000162407 	2.56548e-05
1.47224 	0.0278607 	0.000163828 	2.55218e-05
1.47374 	0.0278656 	0.000168225 	2.53201e-05
1.47524 	0.027871 	0.00017333 	2.51022e-05
1.47674 	0.0278765 	0.000178435 	2.48842e-05
1.47824 	0.0278819 	0.00018354 	2.46662e-05
1.47974 	0.0278874 	0.000188645 	2.44483e-05
1.48124 	0.0278929 	0.000193749 	2.42303e-05
1.48274 	0.0278983 	0.000198854 	2.40123e-05
1.48424 	0.0279038 	0.000203959 	2.37944e-05
1.48574 	0.0279093 	0.000209064 	2.35764e-05
1.48724 	0.0279126 	0.000211232 	2.34186e-05
1.48874 	0.0279132 	0.000209387 	2.33431e-05
1.49025 	0.0279137 	0.000207541 	2.32675e-05
1.49175 	0.0279142 	0.000205696 	2.3192e-05
1.49325 	0.0279147 	0.00020385 	2.31164e-05
1.49475 	0.0279153 	0.000202005 	2.30409e-05
1.49625 	0.0279158 	0.00020016 	2.29653e-05
1.49775 	0.0279163 	0.000198314 	2.28898e-05
1.49925 	0.0279169 	0.000196469 	2.28143e-05
1.50075 	0.0279174 	0.000194623 	2.27387e-05
1.50225 	0.0279195 	0.000195108 	2.26891e-05
1.50375 	0.0279222 	0.00019633 	2.26477e-05
1.50525 	0.0279248 	0.000197552 	2.26062e-05
1.50675 	0.0279275 	0.000198774 	2.25648e-05
1.50825 	0.0279301 	0.000199996 	2.25234e-05
1.50975 	0.0279328 	0.000201218 	2.24819e-05
1.51126 	0.0279354 	0.00020244 	2.24405e-05
1.51276 	0.0279389 	0.000204767 	2.2395e-05
1.51426 	0.0279441 	0.000209263 	2.23414e-05
1.51576 	0.0279493 	0.000213758 	2.22879e-05
1.51726 	0.0279545 	0.000218254 	2.22343e-05
1.51876 	0.0279597 	0.000222749 	2.21807e-05
1.52026 	0.0279649 	0.000227245 	2.21272e-05
1.52176 	0.0279701 	0.000231741 	2.20736e-05
1.52326 	0.0279753 	0.000236236 	2.20201e-05
1.52476 	0.0279805 	0.000240732 	2.19665e-05
1.52626 	0.0279857 	0.000245227 	2.19129e-05
1.52776 	0.0279882 	0.000245285 	2.1905e-05
1.52926 	0.0279895 	0.000243478 	2.19161e-05
1.53077 	0.0279909 	0.000241672 	2.19273e-05
1.53227 	0.0279923 	0.000239865 	2.19384e-05
1.53377 	0.0279936 	0.000238059 	2.19496e-05
1.53527 	0.027995 	0.000236252 	2.19608e-05
1.53677 	0.0279963 	0.000234445 	2.19719e-05
1.53827 	0.0279977 	0.000232639 	2.19831e-05
1.53977 	0.027999 	0.000230832 	2.19942e-05
1.54127 	0.0280004 	0.000229025 	2.20054e-05
1.54277 	0.028003 	0.00022949 	2.21078e-05
1.54427 	0.0280059 	0.000230458 	2.22304e-05
1.54577 	0.0280088 	0.000231425 	2.2353e-05
1.54727 	0.0280117 	0.000232393 	2.24755e-05
1.54877 	0.0280146 	0.00023336 	2.25981e-05
1.55028 	0.0280175 	0.000234328 	2.27207e-05
1.55178 	0.0280204 	0.000235295 	2.28433e-05
1.55328 	0.0280233 	0.000236263 	2.29658e-05
1.55478 	0.0280281 	0.00024002 	2.31241e-05
1.55628 	0.028033 	0.000243964 	2.32848e-05
1.55778 	0.0280378 	0.000247908 	2.34454e-05
1.55928 	0.0280427 	0.000251851 	2.36061e-05
1.56078 	0.0280476 	0.000255795 	2.37667e-05
1.56228 	0.0280525 	0.000259739 	2.39274e-05
1.56378 	0.0280574 	0.000263682 	2.40881e-05
1.56528 	0.0280623 	0.000267626 	2.42487e-05
1.56678 	0.0280672 	0.00027157 	2.44094e-05
1.56828 	0.0280718 	0.000275033 	2.45671e-05
1.56978 	0.028074 	0.000273254 	2.46921e-05
1.57129 	0.0280762 	0.000271475 	2.48171e-05
1.57279 	0.0280783 	0.000269697 	2.49421e-05
1.57429 	0.0280805 	0.000267918 	2.50671e-05
1.57579 	0.0280826 	0.000266139 	2.51921e-05
1.57729 	0.0280848 	0.00026436 	2.53171e-05
1.57879 	0.028087 	0.000262582 	2.54422e-05
1.58029 	0.0280891 	0.000260803 	2.55672e-05
1.58179 	0.0280913 	0.000259024 	2.56922e-05
1.58329 	0.0280935 	0.000257265 	2.58183e-05
1.58479 	0.0280969 	0.000258101 	2.60907e-05
1.58629 	0.0281004 	0.000258938 	2.63632e-05
1.58779 	0.0281039 	0.000259774 	2.66356e-05
1.58929 	0.0281073 	0.00026061 	2.6908e-05
1.5908 	0.0281108 	0.000261447 	2.71805e-05
1.5923 	0.0281143 	0.000262283 	2.74529e-05
1.5938 	0.0281178 	0.00026312 	2.77253e-05
1.5953 	0.0281212 	0.000263956 	2.79978e-05
1.5968 	0.0281254 	0.000266556 	2.82953e-05
1.5983 	0.02813 	0.000270047 	2.86055e-05
1.5998 	0.0281345 	0.000273538 	2.89156e-05
1.6013 	0.0281391 	0.000277028 	2.92258e-05
1.6028 	0.0281436 	0.000280519 	2.9536e-05
1.6043 	0.0281482 	0.000284009 	2.98462e-05
1.6058 	0.0281527 	0.0002875 	3.01564e-05
1.6073 	0.0281573 	0.00029099 	3.04666e-05
1.6088 	0.0281618 	0.000294481 	3.07768e-05
1.61031 	0.0281663 	0.000297972 	3.10869e-05
1.61181 	0.0281699 	0.000298188 	3.13438e-05
1.61331 	0.0281729 	0.000296419 	3.15683e-05
1.61481 	0.0281759 	0.000294651 	3.17928e-05
1.61631 	0.0281789 	0.000292882 	3.20173e-05
1.61781 	0.0281819 	0.000291113 	3.22418e-05
1.61931 	0.0281849 	0.000289345 	3.24663e-05
1.62081 	0.0281879 	0.000287576 	3.26908e-05
1.62231 	0.0281909 	0.000285807 	3.29153e-05
1.62381 	0.0281939 	0.000284039 	3.31398e-05
1.62531 	0.0281969 	0.00028227 	3.33643e-05
1.62681 	0.0282 	0.000281427 	3.36152e-05
1.62831 	0.0282034 	0.000282037 	3.39077e-05
1.62981 	0.0282068 	0.000282647 	3.42002e-05
1.63132 	0.0282101 	0.000283256 	3.44926e-05
1.63282 	0.0282135 	0.000283866 	3.47851e-05
1.63432 	0.0282169 	0.000284476 	3.50776e-05
1.63582 	0.0282202 	0.000285086 	3.537e-05
1.63732 	0.0282236 	0.000285696 	3.56625e-05
1.63882 	0.028227 	0.000286306 	3.5955e-05
1.64032 	0.0282304 	0.000288346 	3.62549e-05
1.64182 	0.0282339 	0.00029139 	3.656e-05
1.64332 	0.0282374 	0.000294434 	3.68651e-05
1.64482 	0.0282409 	0.000297479 	3.71702e-05
1.64632 	0.0282445 	0.000300523 	3.74753e-05
1.64782 	0.028248 	0.000303567 	3.77804e-05
1.64932 	0.0282515 	0.000306612 	3.80855e-05
1.65083 	0.028255 	0.000309656 	3.83906e-05
1.65233 	0.0282585 	0.0003127 	3.86957e-05
1.65383 	0.028262 	0.000315744 	3.90008e-05
1.65533 	0.0282646 	0.000316815 	3.92393e-05
1.65683 	0.028266 	0.00031481 	3.93739e-05
1.65833 	0.0282674 	0.000312805 	3.95086e-05
1.65983 	0.0282687 	0.0003108 	3.96433e-05
1.66133 	0.0282701 	0.000308794 	3.9778e-05
1.66283 	0.0282714 	0.000306789 	3.99126e-05
1.66433 	0.0282728 	0.000304784 	4.00473e-05
1.66583 	0.0282742 	0.000302778 	4.0182e-05
1.66733 	0.0282755 	0.000300773 	4.03166e-05
1.66883 	0.0282769 	0.000298768 	4.04513e-05
1.67034 	0.0282783 	0.000296854 	4.05888e-05
1.67184 	0.0282816 	0.000297314 	4.08011e-05
1.67334 	0.0282849 	0.000297775 	4.10134e-05
1.67484 	0.0282883 	0.000298236 	4.12257e-05
1.67634 	0.0282916 	0.000298697 	4.1438e-05
1.67784 	0.0282949 	0.000299158 	4.16503e-05
1.67934 	0.0282982 	0.000299619 	4.18626e-05
1.68084 	0.0283015 	0.000300079 	4.20749e-05
1.68234 	0.0283048 	0.00030054 	4.22872e-05
1.68384 	0.0283081 	0.000301001 	4.24995e-05
1.68534 	0.0283133 	0.000303498 	4.28153e-05
1.68684 	0.0283189 	0.000306554 	4.31597e-05
1.68834 	0.0283245 	0.000309611 	4.3504e-05
1.68984 	0.0283301 	0.000312668 	4.38484e-05
1.69135 	0.0283357 	0.000315725 	4.41927e-05
1.69285 	0.0283413 	0.000318781 	4.45371e-05
1.69435 	0.0283469 	0.000321838 	4.48814e-05
1.69585 	0.0283526 	0.000324895 	4.52258e-05
1.69735 	0.0283582 	0.000327952 	4.55701e-05
1.69885 	0.0283638 	0.000331008 	4.59145e-05
1.70035 	0.0283681 	0.000331759 	4.61743e-05
1.70185 	0.0283711 	0.000329901 	4.63386e-05
1.70335 	0.028374 	0.000328043 	4.65029e-05
1.70485 	0.0283769 	0.000326185 	4.66672e-05
1.70635 	0.0283799 	0.000324328 	4.68315e-05
1.70785 	0.0283828 	0.00032247 	4.69958e-05
1.70935 	0.0283857 	0.000320612 	4.71601e-05
1.71086 	0.0283887 	0.000318754 	4.73244e-05
1.71236 	0.0283916 	0.000316896 	4.74887e-05
1.71386 	0.0283945 	0.000315039 	4.7653e-05
1.71536 	0.0283975 	0.000313255 	4.78146e-05
1.71686 	0.0284014 	0.000313629 	4.79001e-05
1.71836 	0.0284052 	0.000314003 	4.79856e-05
1.71986 	0.0284091 	0.000314377 	4.80711e-05
1.72136 	0.0284129 	0.000314751 	4.81566e-05
1.72286 	0.0284168 	0.000315126 	4.82421e-05
1.72436 	0.0284207 	0.0003155 	4.83276e-05
1.72586 	0.0284245 	0.000315874 	4.84131e-05
1.72736 	0.0284284 	0.000316248 	4.84986e-05
1.72886 	0.0284323 	0.000316622 	4.85841e-05
1.73037 	0.0284366 	0.000317806 	4.86654e-05
1.73187 	0.0284419 	0.000320545 	4.87386e-05
1.73337 	0.0284472 	0.000323285 	4.88118e-05
1.73487 	0.0284524 	0.000326025 	4.8885e-05
1.73637 	0.0284577 	0.000328765 	4.89582e-05
1.73787 	0.028463 	0.000331505 	4.90314e-05
1.73937 	0.0284682 	0.000334245 	4.91046e-05
1.74087 	0.0284735 	0.000336984 	4.91778e-05
1.74237 	0.0284788 	0.000339724 	4.9251e-05
1.74387 	0.0284841 	0.000342464 	4.93243e-05
1.74537 	0.0284893 	0.000345204 	4.93975e-05
1.74687 	0.0284931 	0.000343598 	4.93945e-05
1.74837 	0.0284969 	0.000341752 	4.93873e-05
1.74987 	0.0285006 	0.000339906 	4.938e-05
1.75138 	0.0285043 	0.00033806 	4.93728e-05
1.75288 	0.028508 	0.000336214 	4.93656e-05
1.75438 	0.0285118 	0.000334368 	4.93584e-05
1.75588 	0.0285155 	0.000332522 	4.93512e-05
1.75738 	0.0285192 	0.000330676 	4.9344e-05
1.75888 	0.0285229 	0.00032883 	4.93368e-05
1.76038 	0.0285267 	0.000326983 	4.93296e-05
1.76188 	0.0285307 	0.000326124 	4.93104e-05
1.76338 	0.0285351 	0.000326382 	4.92778e-05
1.76488 	0.0285395 	0.000326639 	4.92452e-05
1.76638 	0.0285439 	0.000326897 	4.92126e-05
1.76788 	0.0285483 	0.000327154 	4.918e-05
1.76938 	0.0285527 	0.000327412 	4.91474e-05
1.77089 	0.028557 	0.000327669 	4.91148e-05
1.77239 	0.0285614 	0.000327927 	4.90823e-05
1.77389 	0.0285658 	0.000328184 	4.90497e-05
1.77539 	0.0285702 	0.000328442 	4.90171e-05
1.77689 	0.0285749 	0.000329493 	4.89859e-05
1.77839 	0.02858 	0.000331965 	4.89575e-05
1.77989 	0.0285852 	0.000334437 	4.89291e-05
1.78139 	0.0285903 	0.000336909 	4.89006e-05
1.78289 	0.0285955 	0.000339382 	4.88722e-05
1.78439 	0.0286006 	0.000341854 	4.88438e-05
1.78589 	0.0286058 	0.000344326 	4.88153e-05
1.78739 	0.0286109 	0.000346798 	4.87869e-05
1.78889 	0.028616 	0.00034927 	4.87585e-05
1.7904 	0.0286212 	0.000351743 	4.873e-05
1.7919 	0.0286263 	0.000354215 	4.87016e-05
1.7934 	0.0286304 	0.000352687 	4.86372e-05
1.7949 	0.0286343 	0.000350828 	4.85699e-05
1.7964 	0.0286382 	0.000348969 	4.85025e-05
1.7979 	0.0286422 	0.00034711 	4.84352e-05
1.7994 	0.0286461 	0.000345251 	4.83678e-05
1.8009 	0.02865 	0.000343392 	4.83005e-05
1.8024 	0.028654 	0.000341533 	4.82331e-05
1.8039 	0.0286579 	0.000339673 	4.81658e-05
1.8054 	0.0286618 	0.000337814 	4.80984e-05
1.8069 	0.0286657 	0.000335955 	4.80311e-05
1.8084 	0.0286699 	0.000334979 	4.79729e-05
1.8099 	0.0286744 	0.000335113 	4.79263e-05
1.81141 	0.0286789 	0.000335247 	4.78796e-05
1.81291 	0.0286833 	0.00033538 	4.7833e-05
1.81441 	0.0286878 	0.000335514 	4.77863e-05
1.81591 	0.0286923 	0.000335647 	4.77397e-05
1.81741 	0.0286968 	0.000335781 	4.7693e-05
1.81891 	0.0287012 	0.000335915 	4.76464e-05
1.82041 	0.0287057 	0.000336048 	4.75998e-05
1.82191 	0.0287102 	0.000336182 	4.75531e-05
1.82341 	0.0287146 	0.000336315 	4.75065e-05
1.82491 	0.0287193 	0.000338414 	4.75004e-05
1.82641 	0.0287239 	0.000340646 	4.74971e-05
1.82791 	0.0287286 	0.000342879 	4.74938e-05
1.82941 	0.0287332 	0.000345111 	4.74905e-05
1.83092 	0.0287379 	0.000347343 	4.74872e-05
1.83242 	0.0287425 	0.000349576 	4.74839e-05
1.83392 	0.0287472 	0.000351808 	4.74806e-05
1.83542 	0.0287518 	0.00035404 	4.74773e-05
1.83692 	0.0287564 	0.000356272 	4.7474e-05
1.83842 	0.0287611 	0.000358505 	4.74707e-05
1.83992 	0.0287657 	0.000358687 	4.74673e-05
1.84142 	0.0287703 	0.000356832 	4.74639e-05
1.84292 	0.0287749 	0.000354977 	4.74605e-05
1.84442 	0.0287794 	0.000353122 	4.74571e-05
1.84592 	0.028784 	0.000351267 	4.74537e-05
1.84742 	0.0287886 	0.000349412 	4.74504e-05
1.84892 	0.0287932 	0.000347557 	4.7447e-05
1.85043 	0.0287978 	0.000345702 	4.74436e-05
1.85193 	0.0288023 	0.000343847 	4.74402e-05
1.85343 	0.0288069 	0.000341991 	4.74368e-05
1.85493 	0.0288115 	0.00034025 	4.74321e-05
1.85643 	0.0288156 	0.000340279 	4.74071e-05
1.85793 	0.0288197 	0.000340309 	4.73822e-05
1.85943 	0.0288238 	0.000340339 	4.73572e-05
1.86093 	0.0288279 	0.000340369 	4.73322e-05
1.86243 	0.028832 	0.000340398 	4.73073e-05
1.86393 	0.0288361 	0.000340428 	4.72823e-05
1.86543 	0.0288402 	0.000340458 	4.72574e-05
1.86693 	0.0288443 	0.000340487 	4.72324e-05
1.86843 	0.0288484 	0.000340517 	4.72074e-05
1.86993 	0.0288525 	0.000340547 	4.71825e-05
1.87144 	0.0288565 	0.000340951 	4.71561e-05
1.87294 	0.0288598 	0.000342986 	4.71239e-05
1.87444 	0.0288631 	0.00034502 	4.70916e-05
1.87594 	0.0288664 	0.000347055 	4.70594e-05
1.87744 	0.0288698 	0.000349089 	4.70271e-05
1.87894 	0.0288731 	0.000351124 	4.69948e-05
1.88044 	0.0288764 	0.000353159 	4.69626e-05
1.88194 	0.0288797 	0.000355193 	4.69303e-05
1.88344 	0.028883 	0.000357228 	4.6898e-05
1.88494 	0.0288864 	0.000359263 	4.68658e-05
1.88644 	0.0288897 	0.000361297 	4.68335e-05
1.88794 	0.0288923 	0.000360291 	4.68193e-05
1.88944 	0.0288948 	0.000358488 	4.68098e-05
1.89095 	0.0288973 	0.000356684 	4.68003e-05
1.89245 	0.0288997 	0.000354881 	4.67909e-05
1.89395 	0.0289022 	0.000353077 	4.67814e-05
1.89545 	0.0289047 	0.000351274 	4.67719e-05
1.89695 	0.0289071 	0.00034947 	4.67624e-05
1.89845 	0.0289096 	0.000347667 	4.67529e-05
1.89995 	0.028912 	0.000345864 	4.67434e-05
1.90145 	0.0289145 	0.00034406 	4.6734e-05
1.90295 	0.0289176 	0.000343016 	4.67053e-05
1.90445 	0.0289214 	0.000342979 	4.66513e-05
1.90595 	0.0289252 	0.000342942 	4.65972e-05
1.90745 	0.028929 	0.000342905 	4.65432e-05
1.90895 	0.0289328 	0.000342868 	4.64891e-05
1.91046 	0.0289366 	0.000342831 	4.64351e-05
1.91196 	0.0289405 	0.000342794 	4.6381e-05
1.91346 	0.0289443 	0.000342757 	4.6327e-05
1.91496 	0.0289481 	0.00034272 	4.62729e-05
1.91646 	0.0289519 	0.000342683 	4.62189e-05
1.91796 	0.0289557 	0.000342646 	4.61648e-05
1.91946 	0.02896 	0.000343028 	4.61016e-05
1.92096 	0.0289656 	0.000344858 	4.60067e-05
1.92246 	0.0289712 	0.000346689 	4.59118e-05
1.92396 	0.0289768 	0.000348519 	4.58169e-05
1.92546 	0.0289824 	0.00035035 	4.57219e-05
1.92696 	0.028988 	0.00035218 	4.5627e-05
1.92846 	0.0289936 	0.00035401 	4.55321e-05
1.92996 	0.0289993 	0.000355841 	4.54372e-05
1.93147 	0.0290049 	0.000357671 	4.53423e-05
1.93297 	0.0290105 	0.000359502 	4.52474e-05
1.93447 	0.0290161 	0.000361332 	4.51525e-05
1.93597 	0.0290203 	0.000359824 	4.50761e-05
1.93747 	0.0290243 	0.000357987 	4.50016e-05
1.93897 	0.0290283 	0.00035615 	4.49271e-05
1.94047 	0.0290323 	0.000354313 	4.48526e-05
1.94197 	0.0290363 	0.000352476 	4.4778e-05
1.94347 	0.0290404 	0.000350638 	4.47035e-05
1.94497 	0.0290444 	0.000348801 	4.4629e-05
1.94647 	0.0290484 	0.000346964 	4.45545e-05
1.94797 	0.0290524 	0.000345127 	4.448e-05
1.94947 	0.0290564 	0.00034329 	4.44054e-05
1.95098 	0.0290606 	0.000342597 	4.4291e-05
1.95248 	0.0290648 	0.000342478 	4.41565e-05
1.95398 	0.0290691 	0.00034236 	4.4022e-05
1.95548 	0.0290733 	0.000342241 	4.38875e-05
1.95698 	0.0290776 	0.000342123 	4.3753e-05
1.95848 	0.0290818 	0.000342004 	4.36185e-05
1.95998 	0.0290861 	0.000341886 	4.3484e-05
1.96148 	0.0290903 	0.000341767 	4.33496e-05
1.96298 	0.0290946 	0.000341649 	4.32151e-05
1.96448 	0.0290988 	0.00034153 	4.30806e-05
1.96598 	0.0291031 	0.000341412 	4.29461e-05
1.96748 	0.0291074 	0.000341595 	4.28019e-05
1.96898 	0.0291124 	0.000343273 	4.26097e-05
1.97049 	0.0291174 	0.000344951 	4.24174e-05
1.97199 	0.0291224 	0.000346629 	4.22252e-05
1.97349 	0.0291273 	0.000348307 	4.20329e-05
1.97499 	0.0291323 	0.000349984 	4.18407e-05
1.97649 	0.0291373 	0.000351662 	4.16484e-05
1.97799 	0.0291423 	0.00035334 	4.14562e-05
1.97949 	0.0291472 	0.000355018 	4.1264e-05
1.98099 	0.0291522 	0.000356696 	4.10717e-05
1.98249 	0.0291572 	0.000358374 	4.08795e-05
1.98399 	0.0291617 	0.000356594 	4.06943e-05
1.98549 	0.0291662 	0.000354717 	4.05094e-05
1.98699 	0.0291708 	0.000352839 	4.03245e-05
1.98849 	0.0291753 	0.000350961 	4.01395e-05
1.98999 	0.0291798 	0.000349083 	3.99546e-05
1.9915 	0.0291843 	0.000347206 	3.97697e-05
1.993 	0.0291888 	0.000345328 	3.95848e-05
1.9945 	0.0291933 	0.00034345 	3.93998e-05
1.996 	0.0291979 	0.000341572 	3.92149e-05
1.9975 	0.0292024 	0.000339695 	3.903e-05
1.999 	0.0292071 	0.000339287 	3.88242e-05
2.0005 	0.0292117 	0.000339074 	3.86156e-05
2.002 	0.0292164 	0.000338861 	3.84071e-05
2.0035 	0.0292211 	0.000338647 	3.81985e-05
2.005 	0.0292258 	0.000338434 	3.799e-05
2.0065 	0.0292305 	0.000338221 	3.77814e-05
2.008 	0.0292352 	0.000338008 	3.75729e-05
2.0095 	0.0292399 	0.000337795 	3.73643e-05
2.01101 	0.0292446 	0.000337582 	3.71558e-05
2.01251 	0.0292493 	0.000337368 	3.69472e-05
2.01401 	0.029254 	0.000337155 	3.67387e-05
2.01551 	0.0292587 	0.000337183 	3.65285e-05
2.01701 	0.0292636 	0.000338733 	3.63077e-05
2.01851 	0.0292685 	0.000340283 	3.6087e-05
2.02001 	0.0292735 	0.000341833 	3.58663e-05
2.02151 	0.0292784 	0.000343383 	3.56455e-05
2.02301 	0.0292833 	0.000344933 	3.54248e-05
2.02451 	0.0292882 	0.000346483 	3.52041e-05
2.02601 	0.0292931 	0.000348033 	3.49833e-05
2.02751 	0.029298 	0.000349584 	3.47626e-05
2.02901 	0.0293029 	0.000351134 	3.45419e-05
2.03052 	0.0293077 	0.000352353 	3.43231e-05
2.03202 	0.0293124 	0.000350492 	3.41223e-05
2.03352 	0.029317 	0.000348631 	3.39215e-05
2.03502 	0.0293217 	0.000346769 	3.37207e-05
2.03652 	0.0293264 	0.000344908 	3.35199e-05
2.03802 	0.029331 	0.000343047 	3.33191e-05
2.03952 	0.0293357 	0.000341185 	3.31183e-05
2.04102 	0.0293403 	0.000339324 	3.29175e-05
2.04252 	0.029345 	0.000337463 	3.27168e-05
2.04402 	0.0293496 	0.000335601 	3.2516e-05
2.04552 	0.0293542 	0.00033406 	3.23238e-05
2.04702 	0.0293583 	0.000333817 	3.21667e-05
2.04852 	0.0293625 	0.000333574 	3.20096e-05
2.05003 	0.0293666 	0.000333331 	3.18525e-05
2.05153 	0.0293708 	0.000333087 	3.16953e-05
2.05303 	0.0293749 	0.000332844 	3.15382e-05
2.05453 	0.0293791 	0.000332601 	3.13811e-05
2.05603 	0.0293832 	0.000332358 	3.1224e-05
2.05753 	0.0293874 	0.000332114 	3.10669e-05
2.05903 	0.0293915 	0.000331871 	3.09097e-05
2.06053 	0.0293957 	0.000331628 	3.07526e-05
2.06203 	0.0293998 	0.000331385 	3.05955e-05
2.06353 	0.0294038 	0.000331578 	3.04519e-05
2.06503 	0.0294071 	0.000333083 	3.03488e-05
2.06653 	0.0294104 	0.000334587 	3.02458e-05
2.06803 	0.0294137 	0.000336092 	3.01428e-05
2.06953 	0.0294171 	0.000337597 	3.00397e-05
2.07104 	0.0294204 	0.000339101 	2.99367e-05
2.07254 	0.0294237 	0.000340606 	2.98336e-05
2.07404 	0.029427 	0.000342111 	2.97306e-05
2.07554 	0.0294304 	0.000343615 	2.96276e-05
2.07704 	0.0294337 	0.00034512 	2.95245e-05
2.07854 	0.0294366 	0.000345347 	2.944e-05
2.08004 	0.029439 	0.000343659 	2.93833e-05
2.08154 	0.0294413 	0.000341972 	2.93266e-05
2.08304 	0.0294436 	0.000340284 	2.92699e-05
2.08454 	0.029446 	0.000338597 	2.92132e-05
2.08604 	0.0294483 	0.000336909 	2.91565e-05
2.08754 	0.0294507 	0.000335222 	2.90998e-05
2.08904 	0.029453 	0.000333534 	2.90431e-05
2.09055 	0.0294553 	0.000331847 	2.89865e-05
2.09205 	0.0294577 	0.000330159 	2.89298e-05
2.09355 	0.0294609 	0.000329506 	2.88823e-05
2.09505 	0.0294646 	0.000329247 	2.88384e-05
2.09655 	0.0294682 	0.000328988 	2.87945e-05
2.09805 	0.0294718 	0.000328729 	2.87506e-05
2.09955 	0.0294754 	0.00032847 	2.87067e-05
2.10105 	0.029479 	0.000328211 	2.86627e-05
2.10255 	0.0294827 	0.000327952 	2.86188e-05
2.10405 	0.0294863 	0.000327693 	2.85749e-05
2.10555 	0.0294899 	0.000327435 	2.8531e-05
2.10705 	0.0294935 	0.000327176 	2.84871e-05
2.10855 	0.0294971 	0.000326917 	2.84432e-05
2.11006 	0.0295008 	0.000326658 	2.83993e-05
2.11156 	0.0295052 	0.000327349 	2.83568e-05
2.11306 	0.0295102 	0.00032861 	2.83151e-05
2.11456 	0.0295152 	0.000329872 	2.82734e-05
2.11606 	0.0295201 	0.000331133 	2.82318e-05
2.11756 	0.0295251 	0.000332395 	2.81901e-05
2.11906 	0.0295301 	0.000333657 	2.81485e-05
2.12056 	0.029535 	0.000334918 	2.81068e-05
2.12206 	0.02954 	0.00033618 	2.80651e-05
2.12356 	0.029545 	0.000337441 	2.80235e-05
2.12506 	0.0295499 	0.000338703 	2.79818e-05
2.12656 	0.029554 	0.000336904 	2.79853e-05
2.12806 	0.029558 	0.000335099 	2.7989e-05
2.12956 	0.029562 	0.000333293 	2.79926e-05
2.13107 	0.0295661 	0.000331487 	2.79962e-05
2.13257 	0.0295701 	0.000329681 	2.79998e-05
2.13407 	0.0295741 	0.000327876 	2.80035e-05
2.13557 	0.0295782 	0.00032607 	2.80071e-05
2.13707 	0.0295822 	0.000324264 	2.80107e-05
2.13857 	0.0295862 	0.000322458 	2.80144e-05
2.14007 	0.0295901 	0.000321488 	2.80729e-05
2.14157 	0.0295938 	0.000321142 	2.81723e-05
2.14307 	0.0295976 	0.000320796 	2.82718e-05
2.14457 	0.0296013 	0.00032045 	2.83712e-05
2.14607 	0.0296051 	0.000320104 	2.84707e-05
2.14757 	0.0296089 	0.000319758 	2.85702e-05
2.14907 	0.0296126 	0.000319412 	2.86696e-05
2.15058 	0.0296164 	0.000319066 	2.87691e-05
2.15208 	0.0296201 	0.00031872 	2.88686e-05
2.15358 	0.0296239 	0.000318374 	2.8968e-05
2.15508 	0.0296276 	0.000318028 	2.90675e-05
2.15658 	0.0296314 	0.000317682 	2.91669e-05
2.15808 	0.0296352 	0.000317907 	2.92921e-05
2.15958 	0.0296392 	0.000319084 	2.94603e-05
2.16108 	0.0296433 	0.000320261 	2.96286e-05
2.16258 	0.0296473 	0.000321439 	2.97968e-05
2.16408 	0.0296513 	0.000322616 	2.9965e-05
2.16558 	0.0296553 	0.000323793 	3.01332e-05
2.16708 	0.0296593 	0.00032497 	3.03014e-05
2.16858 	0.0296633 	0.000326148 	3.04696e-05
2.17009 	0.0296673 	0.000327325 	3.06378e-05
2.17159 	0.0296713 	0.000328502 	3.0806e-05
2.17309 	0.0296755 	0.000326645 	3.09866e-05
2.17459 	0.0296797 	0.000324782 	3.11673e-05
2.17609 	0.0296839 	0.00032292 	3.13479e-05
2.17759 	0.0296881 	0.000321058 	3.15285e-05
2.17909 	0.0296923 	0.000319196 	3.17092e-05
2.18059 	0.0296965 	0.000317334 	3.18898e-05
2.18209 	0.0297007 	0.000315472 	3.20704e-05
2.18359 	0.0297049 	0.00031361 	3.22511e-05
2.18509 	0.0297091 	0.000311747 	3.24317e-05
2.18659 	0.0297129 	0.000311084 	3.26336e-05
2.18809 	0.0297166 	0.00031063 	3.28393e-05
2.18959 	0.0297204 	0.000310176 	3.30449e-05
2.1911 	0.0297241 	0.000309722 	3.32505e-05
2.1926 	0.0297278 	0.000309269 	3.34562e-05
2.1941 	0.0297316 	0.000308815 	3.36618e-05
2.1956 	0.0297353 	0.000308361 	3.38675e-05
2.1971 	0.029739 	0.000307907 	3.40731e-05
2.1986 	0.0297428 	0.000307454 	3.42787e-05
2.2001 	0.0297465 	0.000307 	3.44844e-05
2.2016 	0.0297502 	0.000306546 	3.469e-05
2.2031 	0.029754 	0.000306092 	3.48957e-05
2.2046 	0.0297575 	0.000306561 	3.50974e-05
2.2061 	0.0297608 	0.000307626 	3.52966e-05
2.2076 	0.0297642 	0.000308691 	3.54958e-05
2.2091 	0.0297676 	0.000309756 	3.5695e-05
2.21061 	0.0297709 	0.000310822 	3.58942e-05
2.21211 	0.0297743 	0.000311887 	3.60933e-05
2.21361 	0.0297776 	0.000312952 	3.62925e-05
2.21511 	0.029781 	0.000314017 	3.64917e-05
2.21661 	0.0297844 	0.000315083 	3.66909e-05
2.21811 	0.0297879 	0.000314662 	3.68761e-05
2.21961 	0.0297917 	0.000312798 	3.70476e-05
2.22111 	0.0297955 	0.000310934 	3.72191e-05
2.22261 	0.0297993 	0.00030907 	3.73906e-05
2.22411 	0.0298031 	0.000307207 	3.75622e-05
2.22561 	0.0298068 	0.000305343 	3.77337e-05
2.22711 	0.0298106 	0.000303479 	3.79052e-05
2.22861 	0.0298144 	0.000301615 	3.80767e-05
2.23012 	0.0298182 	0.000299752 	3.82482e-05
2.23162 	0.0298214 	0.000298824 	3.84588e-05
2.23312 	0.0298243 	0.000298381 	3.86895e-05
2.23462 	0.0298272 	0.000297937 	3.89203e-05
2.23612 	0.0298302 	0.000297494 	3.9151e-05
2.23762 	0.0298331 	0.00029705 	3.93817e-05
2.23912 	0.029836 	0.000296607 	3.96125e-05
2.24062 	0.029839 	0.000296164 	3.98432e-05
2.24212 	0.0298419 	0.00029572 	4.0074e-05
2.24362 	0.0298448 	0.000295277 	4.03047e-05
2.24512 	0.0298478 	0.000294833 	4.05354e-05
2.24662 	0.0298507 	0.00029439 	4.07662e-05
2.24812 	0.0298536 	0.000293947 	4.09969e-05
2.24962 	0.0298561 	0.000294166 	4.12314e-05
2.25113 	0.029858 	0.000295287 	4.1471e-05
2.25263 	0.0298599 	0.000296408 	4.17106e-05
2.25413 	0.0298619 	0.00029753 	4.19502e-05
2.25563 	0.0298638 	0.000298651 	4.21898e-05
2.25713 	0.0298657 	0.000299773 	4.24294e-05
2.25863 	0.0298676 	0.000300894 	4.2669e-05
2.26013 	0.0298695 	0.000302016 	4.29086e-05
2.26163 	0.0298714 	0.000303137 	4.31482e-05
2.26313 	0.0298733 	0.000302569 	4.3318e-05
2.26463 	0.0298752 	0.000300973 	4.34454e-05
2.26613 	0.0298771 	0.000299378 	4.35728e-05
2.26763 	0.029879 	0.000297782 	4.37002e-05
2.26913 	0.0298809 	0.000296186 	4.38277e-05
2.27064 	0.0298827 	0.00029459 	4.39551e-05
2.27214 	0.0298846 	0.000292994 	4.40825e-05
2.27364 	0.0298865 	0.000291398 	4.42099e-05
2.27514 	0.0298884 	0.00028991 	4.4349e-05
2.27664 	0.0298907 	0.000289488 	4.46048e-05
2.27814 	0.029893 	0.000289066 	4.48606e-05
2.27964 	0.0298952 	0.000288644 	4.51165e-05
2.28114 	0.0298975 	0.000288222 	4.53723e-05
2.28264 	0.0298998 	0.0002878 	4.56281e-05
2.28414 	0.0299021 	0.000287377 	4.58839e-05
2.28564 	0.0299043 	0.000286955 	4.61397e-05
2.28714 	0.0299066 	0.000286533 	4.63956e-05
2.28864 	0.0299089 	0.000286111 	4.66514e-05
2.29015 	0.0299112 	0.000285689 	4.69072e-05
2.29165 	0.0299134 	0.000285267 	4.7163e-05
2.29315 	0.0299157 	0.000284845 	4.74188e-05
2.29465 	0.0299184 	0.000285579 	4.78047e-05
2.29615 	0.0299212 	0.000286418 	4.82026e-05
2.29765 	0.0299239 	0.000287258 	4.86005e-05
2.29915 	0.0299267 	0.000288098 	4.89983e-05
2.30065 	0.0299294 	0.000288937 	4.93962e-05
2.30215 	0.0299322 	0.000289777 	4.97941e-05
2.30365 	0.0299349 	0.000290616 	5.01919e-05
2.30515 	0.0299377 	0.000291456 	5.05898e-05
2.30665 	0.0299405 	0.00029116 	5.095e-05
2.30815 	0.0299433 	0.000289362 	5.12605e-05
2.30965 	0.0299461 	0.000287563 	5.15709e-05
2.31116 	0.029949 	0.000285765 	5.18814e-05
2.31266 	0.0299518 	0.000283967 	5.21918e-05
2.31416 	0.0299546 	0.000282168 	5.25023e-05
2.31566 	0.0299574 	0.00028037 	5.28127e-05
2.31716 	0.0299602 	0.000278572 	5.31232e-05
2.31866 	0.0299629 	0.000277071 	5.34312e-05
2.32016 	0.029965 	0.000276553 	5.37309e-05
2.32166 	0.0299671 	0.000276035 	5.40306e-05
2.32316 	0.0299692 	0.000275516 	5.43304e-05
2.32466 	0.0299713 	0.000274998 	5.46301e-05
2.32616 	0.0299734 	0.00027448 	5.49299e-05
2.32766 	0.0299755 	0.000273962 	5.52296e-05
2.32916 	0.0299776 	0.000273443 	5.55294e-05
2.33067 	0.0299797 	0.000272925 	5.58291e-05
2.33217 	0.0299818 	0.000272407 	5.61289e-05
2.33367 	0.0299838 	0.000271888 	5.64286e-05
2.33517 	0.0299859 	0.00027137 	5.67283e-05
2.33667 	0.029988 	0.000271074 	5.70335e-05
2.33817 	0.0299897 	0.000271876 	5.73651e-05
2.33967 	0.0299915 	0.000272678 	5.76968e-05
2.34117 	0.0299932 	0.000273481 	5.80284e-05
2.34267 	0.029995 	0.000274283 	5.836e-05
2.34417 	0.0299968 	0.000275085 	5.86917e-05
2.34567 	0.0299985 	0.000275887 	5.90233e-05
2.34717 	0.0300003 	0.00027669 	5.9355e-05
2.34867 	0.030002 	0.000277455 	5.96866e-05
2.35018 	0.0300046 	0.000275562 	6.00193e-05
2.35168 	0.0300073 	0.000273669 	6.03519e-05
2.35318 	0.0300099 	0.000271777 	6.06845e-05
2.35468 	0.0300125 	0.000269884 	6.10171e-05
2.35618 	0.0300151 	0.000267991 	6.13498e-05
2.35768 	0.0300177 	0.000266099 	6.16824e-05
2.35918 	0.0300203 	0.000264206 	6.2015e-05
2.36068 	0.0300228 	0.000262514 	6.23509e-05
2.36218 	0.0300246 	0.00026188 	6.27036e-05
2.36368 	0.0300264 	0.000261245 	6.30563e-05
2.36518 	0.0300282 	0.000260611 	6.34091e-05
2.36668 	0.03003 	0.000259977 	6.37618e-05
2.36818 	0.0300318 	0.000259342 	6.41145e-05
2.36968 	0.0300336 	0.000258708 	6.44673e-05
2.37119 	0.0300354 	0.000258074 	6.482e-05
2.37269 	0.0300372 	0.000257439 	6.51728e-05
2.37419 	0.030039 	0.000256805 	6.55255e-05
2.37569 	0.0300408 	0.00025617 	6.58782e-05
2.37719 	0.0300426 	0.000255536 	6.6231e-05
2.37869 	0.0300442 	0.00025525 	6.65869e-05
2.38019 	0.0300453 	0.000255981 	6.6952e-05
2.38169 	0.0300464 	0.000256712 	6.73171e-05
2.38319 	0.0300475 	0.000257443 	6.76822e-05
2.38469 	0.0300485 	0.000258175 	6.80472e-05
2.38619 	0.0300496 	0.000258906 	6.84123e-05
2.38769 	0.0300507 	0.000259637 	6.87774e-05
2.38919 	0.0300518 	0.000260368 	6.91425e-05
2.3907 	0.0300534 	0.000259939 	6.9509e-05
2.3922 	0.0300555 	0.000258043 	6.98773e-05
2.3937 	0.0300577 	0.000256147 	7.02456e-05
2.3952 	0.0300598 	0.000254251 	7.06139e-05
2.3967 	0.030062 	0.000252356 	7.09822e-05
2.3982 	0.0300641 	0.00025046 	7.13505e-05
2.3997 	0.0300663 	0.000248564 	7.17188e-05
2.4012 	0.0300684 	0.000246668 	7.2087e-05
2.4027 	0.0300695 	0.000246057 	7.2364e-05
2.4042 	0.0300705 	0.000245529 	7.26351e-05
2.4057 	0.0300715 	0.000245002 	7.29061e-05
2.4072 	0.0300725 	0.000244474 	7.31771e-05
2.4087 	0.0300736 	0.000243946 	7.34481e-05
2.41021 	0.0300746 	0.000243419 	7.37192e-05
2.41171 	0.0300756 	0.000242891 	7.39902e-05
2.41321 	0.0300766 	0.000242364 	7.42612e-05
2.41471 	0.0300776 	0.000241836 	7.45322e-05
2.41621 	0.0300786 	0.000241309 	7.48032e-05
2.41771 	0.0300796 	0.000240781 	7.50743e-05
2.41921 	0.0300804 	0.000240602 	7.53217e-05
2.42071 	0.0300804 	0.000241528 	7.54939e-05
2.42221 	0.0300803 	0.000242455 	7.56662e-05
2.42371 	0.0300803 	0.000243382 	7.58385e-05
2.42521 	0.0300803 	0.000244309 	7.60108e-05
2.42671 	0.0300803 	0.000245236 	7.61831e-05
2.42821 	0.0300803 	0.000246162 	7.63553e-05
2.42971 	0.0300802 	0.000247089 	7.65276e-05
2.43122 	0.0300811 	0.000246033 	7.66909e-05
2.43272 	0.0300823 	0.000244401 	7.68517e-05
2.43422 	0.0300835 	0.000242769 	7.70124e-05
2.43572 	0.0300847 	0.000241137 	7.71732e-05
2.43722 	0.0300858 	0.000239505 	7.73339e-05
2.43872 	0.030087 	0.000237872 	7.74946e-05
2.44022 	0.0300882 	0.00023624 	7.76554e-05
2.44172 	0.0300887 	0.000235277 	7.78546e-05
2.44322 	0.0300889 	0.000234712 	7.80767e-05
2.44472 	0.0300891 	0.000234148 	7.82988e-05
2.44622 	0.0300893 	0.000233583 	7.85209e-05
2.44772 	0.0300895 	0.000233018 	7.8743e-05
2.44922 	0.0300897 	0.000232454 	7.89652e-05
2.45073 	0.0300899 	0.000231889 	7.91873e-05
2.45223 	0.0300901 	0.000231325 	7.94094e-05
2.45373 	0.0300903 	0.00023076 	7.96315e-05
2.45523 	0.0300905 	0.000230195 	7.98536e-05
2.45673 	0.0300907 	0.000229631 	8.00757e-05
2.45823 	0.0300908 	0.000229267 	8.03087e-05
2.45973 	0.0300902 	0.000229861 	8.05933e-05
2.46123 	0.0300895 	0.000230454 	8.08779e-05
2.46273 	0.0300889 	0.000231047 	8.11624e-05
2.46423 	0.0300883 	0.000231641 	8.1447e-05
2.46573 	0.0300877 	0.000232234 	8.17316e-05
2.46723 	0.030087 	0.000232827 	8.20161e-05
2.46873 	0.0300865 	0.000233264 	8.23002e-05
2.47024 	0.0300872 	0.000231344 	8.25761e-05
2.47174 	0.030088 	0.000229424 	8.28519e-05
2.47324 	0.0300888 	0.000227504 	8.31278e-05
2.47474 	0.0300895 	0.000225584 	8.34037e-05
2.47624 	0.0300903 	0.000223665 	8.36796e-05
2.47774 	0.030091 	0.000221745 	8.39555e-05
2.47924 	0.0300914 	0.000220139 	8.42381e-05
2.48074 	0.0300906 	0.000219381 	8.45387e-05
2.48224 	0.0300898 	0.000218622 	8.48394e-05
2.48374 	0.030089 	0.000217864 	8.514e-05
2.48524 	0.0300882 	0.000217106 	8.54407e-05
2.48674 	0.0300875 	0.000216347 	8.57414e-05
2.48824 	0.0300867 	0.000215589 	8.6042e-05
2.48974 	0.0300859 	0.00021483 	8.63427e-05
2.49125 	0.0300851 	0.000214072 	8.66433e-05
2.49275 	0.0300843 	0.000213314 	8.6944e-05
2.49425 	0.0300836 	0.000212555 	8.72446e-05
2.49575 	0.0300826 	0.000211927 	8.75488e-05
2.49725 	0.0300805 	0.000212445 	8.78841e-05
2.49875 	0.0300784 	0.000212962 	8.82193e-05
2.50025 	0.0300763 	0.00021348 	8.85546e-05
2.50175 	0.0300741 	0.000213998 	8.88898e-05
2.50325 	0.030072 	0.000214516 	8.92251e-05
2.50475 	0.0300699 	0.000215034 	8.95604e-05
2.50625 	0.0300683 	0.000214705 	8.99037e-05
2.50775 	0.0300678 	0.000212764 	9.02626e-05
2.50925 	0.0300673 	0.000210823 	9.06215e-05
2.51076 	0.0300668 	0.000208883 	9.09804e-05
2.51226 	0.0300662 	0.000206942 	9.13393e-05
2.51376 	0.0300657 	0.000205001 	9.16981e-05
2.51526 	0.0300652 	0.00020306 	9.2057e-05
2.51676 	0.0300635 	0.000202223 	9.23322e-05
2.51826 	0.0300617 	0.0002015 	9.25987e-05
2.51976 	0.0300599 	0.000200776 	9.28653e-05
2.52126 	0.030058 	0.000200052 	9.31318e-05
2.52276 	0.0300562 	0.000199329 	9.33984e-05
2.52426 	0.0300544 	0.000198605 	9.3665e-05
2.52576 	0.0300526 	0.000197881 	9.39315e-05
2.52726 	0.0300507 	0.000197157 	9.41981e-05
2.52876 	0.0300489 	0.000196434 	9.44647e-05
2.53027 	0.0300471 	0.00019571 	9.47312e-05
2.53177 	0.0300452 	0.000195064 	9.49921e-05
2.53327 	0.0300426 	0.000195739 	9.51561e-05
2.53477 	0.0300399 	0.000196414 	9.53201e-05
2.53627 	0.0300373 	0.00019709 	9.54841e-05
2.53777 	0.0300346 	0.000197765 	9.56481e-05
2.53927 	0.030032 	0.00019844 	9.58121e-05
2.54077 	0.0300293 	0.000199116 	9.5976e-05
2.54227 	0.0300283 	0.000198354 	9.61305e-05
2.54377 	0.0300282 	0.000196817 	9.62797e-05
2.54527 	0.0300281 	0.00019528 	9.6429e-05
2.54677 	0.030028 	0.000193742 	9.65783e-05
2.54827 	0.0300278 	0.000192205 	9.67275e-05
2.54977 	0.0300277 	0.000190668 	9.68768e-05
2.55128 	0.0300262 	0.000189618 	9.70577e-05
2.55278 	0.0300237 	0.000188947 	9.72631e-05
2.55428 	0.0300212 	0.000188275 	9.74685e-05
2.55578 	0.0300186 	0.000187603 	9.76739e-05
2.55728 	0.0300161 	0.000186932 	9.78793e-05
2.55878 	0.0300135 	0.00018626 	9.80847e-05
2.56028 	0.030011 	0.000185589 	9.82901e-05
2.56178 	0.0300084 	0.000184917 	9.84955e-05
2.56328 	0.0300059 	0.000184245 	9.87009e-05
2.56478 	0.0300033 	0.000183574 	9.89064e-05
2.56628 	0.0300006 	0.000182956 	9.91144e-05
2.56778 	0.0299958 	0.000183241 	9.93663e-05
2.56928 	0.029991 	0.000183527 	9.96181e-05
2.57079 	0.0299861 	0.000183812 	9.987e-05
2.57229 	0.0299813 	0.000184098 	0.000100122
2.57379 	0.0299765 	0.000184383 	0.000100374
2.57529 	0.0299716 	0.000184669 	0.000100626
2.57679 	0.0299696 	0.00018278 	0.000100847
2.57829 	0.0299675 	0.000180889 	0.000101067
2.57979 	0.0299655 	0.000178997 	0.000101288
2.58129 	0.0299634 	0.000177105 	0.000101509
2.58279 	0.0299614 	0.000175213 	0.00010173
2.58429 	0.0299588 	0.000173606 	0.000101959
2.58579 	0.029955 	0.000172823 	0.000102214
2.58729 	0.0299512 	0.00017204 	0.000102468
2.58879 	0.0299473 	0.000171258 	0.000102723
2.5903 	0.0299435 	0.000170475 	0.000102978
2.5918 	0.0299396 	0.000169693 	0.000103232
2.5933 	0.0299358 	0.00016891 	0.000103487
2.5948 	0.029932 	0.000168127 	0.000103741
2.5963 	0.0299281 	0.000167345 	0.000103996
2.5978 	0.0299243 	0.000166562 	0.000104251
2.5993 	0.0299202 	0.000165911 	0.00010451
2.6008 	0.0299144 	0.000166246 	0.000104801
2.6023 	0.0299086 	0.00016658 	0.000105092
2.6038 	0.0299028 	0.000166915 	0.000105384
2.6053 	0.029897 	0.000167249 	0.000105675
2.6068 	0.0298912 	0.000167584 	0.000105966
2.6083 	0.0298862 	0.000166976 	0.000106258
2.6098 	0.0298826 	0.000164963 	0.000106548
2.61131 	0.029879 	0.00016295 	0.000106839
2.61281 	0.0298754 	0.000160937 	0.000107129
2.61431 	0.0298718 	0.000158924 	0.00010742
2.61581 	0.0298682 	0.000156912 	0.000107711
2.61731 	0.0298641 	0.000156186 	0.000107973
2.61881 	0.0298599 	0.000155467 	0.000108235
2.62031 	0.0298558 	0.000154749 	0.000108496
2.62181 	0.0298516 	0.00015403 	0.000108758
2.62331 	0.0298475 	0.000153311 	0.00010902
2.62481 	0.0298433 	0.000152592 	0.000109282
2.62631 	0.0298392 	0.000151873 	0.000109544
2.62781 	0.029835 	0.000151155 	0.000109806
2.62931 	0.0298309 	0.000150436 	0.000110068
2.63082 	0.0298267 	0.000150054 	0.000110318
2.63232 	0.0298221 	0.000150714 	0.000110534
2.63382 	0.0298175 	0.000151375 	0.00011075
2.63532 	0.029813 	0.000152036 	0.000110967
2.63682 	0.0298084 	0.000152697 	0.000111183
2.63832 	0.0298038 	0.000153357 	0.000111399
2.63982 	0.0298015 	0.000152034 	0.000111586
2.64132 	0.0297995 	0.000150391 	0.000111769
2.64282 	0.0297976 	0.000148749 	0.000111952
2.64432 	0.0297956 	0.000147106 	0.000112135
2.64582 	0.0297936 	0.000145463 	0.000112318
2.64732 	0.029789 	0.000144518 	0.000112588
2.64882 	0.0297837 	0.000143769 	0.000112883
2.65033 	0.0297783 	0.00014302 	0.000113178
2.65183 	0.0297729 	0.000142271 	0.000113473
2.65333 	0.0297676 	0.000141521 	0.000113768
2.65483 	0.0297622 	0.000140772 	0.000114062
2.65633 	0.0297569 	0.000140023 	0.000114357
2.65783 	0.0297515 	0.000139274 	0.000114652
2.65933 	0.0297461 	0.000138525 	0.000114947
2.66083 	0.0297394 	0.0001382 	0.000115288
2.66233 	0.0297308 	0.000138437 	0.00011569
2.66383 	0.0297222 	0.000138673 	0.000116092
2.66533 	0.0297137 	0.00013891 	0.000116494
2.66683 	0.0297051 	0.000139146 	0.000116896
2.66833 	0.0296976 	0.000138527 	0.000117286
2.66983 	0.0296918 	0.000136467 	0.000117656
2.67134 	0.029686 	0.000134408 	0.000118026
2.67284 	0.0296802 	0.000132348 	0.000118396
2.67434 	0.0296744 	0.000130288 	0.000118765
2.67584 	0.0296671 	0.000128866 	0.000119084
2.67734 	0.0296589 	0.000127856 	0.000119369
2.67884 	0.0296506 	0.000126846 	0.000119654
2.68034 	0.0296424 	0.000125837 	0.000119939
2.68184 	0.0296341 	0.000124827 	0.000120224
2.68334 	0.0296259 	0.000123817 	0.000120509
2.68484 	0.0296176 	0.000122807 	0.000120794
2.68634 	0.0296094 	0.000121798 	0.000121079
2.68784 	0.0296012 	0.000120788 	0.000121365
2.68934 	0.0295914 	0.000120561 	0.000121599
2.69085 	0.029581 	0.000120723 	0.000121809
2.69235 	0.0295706 	0.000120884 	0.000122019
2.69385 	0.0295601 	0.000121046 	0.000122229
2.69535 	0.0295497 	0.000121208 	0.000122439
2.69685 	0.0295419 	0.000119275 	0.000122628
2.69835 	0.0295344 	0.000117167 	0.000122816
2.69985 	0.0295269 	0.000115058 	0.000123003
2.70135 	0.0295193 	0.00011295 	0.00012319
2.70285 	0.0295118 	0.000111426 	0.000123336
2.70435 	0.0295041 	0.000110589 	0.000123432
2.70585 	0.0294965 	0.000109751 	0.000123528
2.70735 	0.0294889 	0.000108913 	0.000123624
2.70885 	0.0294813 	0.000108076 	0.000123721
2.71036 	0.0294737 	0.000107238 	0.000123817
2.71186 	0.0294661 	0.0001064 	0.000123913
2.71336 	0.0294584 	0.000105563 	0.000124009
2.71486 	0.0294508 	0.000104725 	0.000124106
2.71636 	0.0294433 	0.000105169 	0.000124128
2.71786 	0.0294358 	0.000105696 	0.000124145
2.71936 	0.0294284 	0.000106224 	0.000124163
2.72086 	0.0294209 	0.000106752 	0.00012418
2.72236 	0.0294151 	0.000106182 	0.000124188
2.72386 	0.0294112 	0.000104486 	0.000124185
2.72536 	0.0294073 	0.000102791 	0.000124182
2.72686 	0.0294034 	0.000101096 	0.000124179
2.72836 	0.0293978 	9.96586e-05 	0.000124175
2.72986 	0.0293889 	9.87645e-05 	0.000124167
2.73137 	0.02938 	9.78704e-05 	0.00012416
2.73287 	0.0293711 	9.69763e-05 	0.000124153
2.73437 	0.0293621 	9.60823e-05 	0.000124145
2.73587 	0.0293532 	9.51882e-05 	0.000124138
2.73737 	0.0293443 	9.42941e-05 	0.000124131
2.73887 	0.0293353 	9.34e-05 	0.000124123
2.74037 	0.0293254 	9.27018e-05 	0.000124115
2.74187 	0.0293116 	9.27033e-05 	0.000124103
2.74337 	0.0292979 	9.27048e-05 	0.00012409
2.74487 	0.0292842 	9.27063e-05 	0.000124078
2.74637 	0.0292707 	9.25672e-05 	0.000124064
2.74787 	0.0292607 	9.03323e-05 	0.000124026
2.74937 	0.0292507 	8.80974e-05 	0.000123988
2.75088 	0.0292407 	8.58624e-05 	0.00012395
2.75238 	0.0292307 	8.38457e-05 	0.000123912
2.75388 	0.0292208 	8.29055e-05 	0.000123879
2.75538 	0.0292109 	8.19654e-05 	0.000123846
2.75688 	0.0292011 	8.10252e-05 	0.000123813
2.75838 	0.0291912 	8.00851e-05 	0.00012378
2.75988 	0.0291814 	7.9145e-05 	0.000123747
2.76138 	0.0291715 	7.82048e-05 	0.000123714
2.76288 	0.0291617 	7.72647e-05 	0.000123681
2.76438 	0.029152 	7.69947e-05 	0.00012365
2.76588 	0.0291425 	7.74445e-05 	0.000123619
2.76738 	0.029133 	7.78942e-05 	0.000123589
2.76888 	0.0291235 	7.83439e-05 	0.000123559
2.77039 	0.0291167 	7.74739e-05 	0.000123509
2.77189 	0.0291117 	7.57313e-05 	0.000123446
2.77339 	0.0291068 	7.39886e-05 	0.000123384
2.77489 	0.0291018 	7.2246e-05 	0.000123321
2.77639 	0.0290906 	7.12385e-05 	0.000123209
2.77789 	0.0290792 	7.02527e-05 	0.000123096
2.77939 	0.0290678 	6.92669e-05 	0.000122982
2.78089 	0.0290564 	6.82811e-05 	0.000122869
2.78239 	0.029045 	6.72952e-05 	0.000122755
2.78389 	0.0290336 	6.63094e-05 	0.000122642
2.78539 	0.0290223 	6.53236e-05 	0.000122528
2.78689 	0.0290066 	6.49359e-05 	0.000122379
2.78839 	0.028989 	6.48071e-05 	0.000122214
2.78989 	0.0289715 	6.46783e-05 	0.000122049
2.7914 	0.0289543 	6.43729e-05 	0.000121881
2.7929 	0.0289413 	6.20343e-05 	0.000121668
2.7944 	0.0289283 	5.96958e-05 	0.000121456
2.7959 	0.0289153 	5.73572e-05 	0.000121243
2.7974 	0.0289012 	5.58251e-05 	0.000121059
2.7989 	0.0288866 	5.46395e-05 	0.000120888
2.8004 	0.028872 	5.34539e-05 	0.000120716
2.8019 	0.0288575 	5.22682e-05 	0.000120544
2.8034 	0.0288429 	5.10826e-05 	0.000120372
2.8049 	0.0288283 	4.9897e-05 	0.0001202
2.8064 	0.0288137 	4.87114e-05 	0.000120028
2.8079 	0.0287996 	4.87e-05 	0.000119905
2.8094 	0.0287857 	4.89261e-05 	0.000119792
2.81091 	0.0287717 	4.91521e-05 	0.000119679
2.81241 	0.0287622 	4.85266e-05 	0.000119562
2.81391 	0.0287578 	4.69117e-05 	0.000119438
2.81541 	0.0287534 	4.52968e-05 	0.000119315
2.81691 	0.0287457 	4.38566e-05 	0.000119186
2.81841 	0.028731 	4.27898e-05 	0.000119045
2.81991 	0.0287163 	4.1723e-05 	0.000118904
2.82141 	0.0287016 	4.06562e-05 	0.000118763
2.82291 	0.0286869 	3.95894e-05 	0.000118623
2.82441 	0.0286722 	3.85226e-05 	0.000118482
2.82591 	0.0286575 	3.74558e-05 	0.000118341
2.82741 	0.0286342 	3.6943e-05 	0.000118187
2.82891 	0.0286095 	3.65299e-05 	0.000118031
2.83042 	0.0285847 	3.61167e-05 	0.000117874
2.83192 	0.0285669 	3.43884e-05 	0.000117711
2.83342 	0.0285519 	3.21329e-05 	0.000117544
2.83492 	0.0285369 	2.98773e-05 	0.000117377
2.83642 	0.0285183 	2.84197e-05 	0.000117238
2.83792 	0.0284986 	2.71699e-05 	0.000117108
2.83942 	0.028479 	2.59201e-05 	0.000116977
2.84092 	0.0284594 	2.46703e-05 	0.000116847
2.84242 	0.0284398 	2.34205e-05 	0.000116716
2.84392 	0.0284202 	2.21707e-05 	0.000116585
2.84542 	0.0283978 	2.17031e-05 	0.00011648
2.84692 	0.0283743 	2.15587e-05 	0.000116385
2.84842 	0.0283507 	2.14143e-05 	0.00011629
2.84992 	0.028327 	1.93195e-05 	0.000116129
2.85143 	0.0283032 	1.67241e-05 	0.000115951
2.85293 	0.0282798 	1.42539e-05 	0.000115779
2.85443 	0.0282604 	1.31265e-05 	0.000115664
2.85593 	0.028241 	1.19991e-05 	0.000115549
2.85743 	0.0282216 	1.08716e-05 	0.000115434
2.85893 	0.0282022 	9.74421e-06 	0.000115319
2.86043 	0.0281829 	8.61678e-06 	0.000115204
2.86193 	0.0281652 	8.07669e-06 	0.000115114
2.86343 	0.0281505 	8.52604e-06 	0.000115065
2.86493 	0.0281357 	8.97538e-06 	0.000115017
2.86643 	0.0281214 	7.81251e-06 	0.000114914
2.86793 	0.0281072 	5.85419e-06 	0.000114785
2.86943 	0.0280928 	4.07719e-06 	0.000114662
2.87094 	0.0280771 	3.27715e-06 	0.000114572
2.87244 	0.0280613 	2.47711e-06 	0.000114481
2.87394 	0.0280456 	1.67708e-06 	0.000114391
2.87544 	0.0280298 	8.77039e-07 	0.000114301
2.87694 	0.0280141 	7.70024e-08 	0.000114211
2.87844 	0.0279948 	1.42524e-07 	0.000114138
2.87994 	0.0279747 	4.20654e-07 	0.000114069
2.88144 	0.0279568 	7.9361e-08 	0.000113986
2.88294 	0.0279442 	-1.73327e-06 	0.000113868
2.88444 	0.0279317 	-3.54591e-06 	0.00011375
2.88594 	0.0279049 	-4.72314e-06 	0.000113632
2.88744 	0.0278777 	-5.87943e-06 	0.000113514
2.88894 	0.0278505 	-7.03572e-06 	0.000113395
2.89045 	0.0278233 	-8.19201e-06 	0.000113277
2.89195 	0.0277961 	-9.3483e-06 	0.000113159
2.89345 	0.0277552 	-9.76258e-06 	0.000113039
2.89495 	0.0277137 	-1.0145e-05 	0.00011292
2.89645 	0.0276764 	-1.18716e-05 	0.000112763
2.89795 	0.0276416 	-1.43665e-05 	0.000112585
2.89945 	0.0276081 	-1.62237e-05 	0.000112439
2.90095 	0.0275763 	-1.73935e-05 	0.000112328
2.90245 	0.0275444 	-1.85633e-05 	0.000112217
2.90395 	0.0275126 	-1.9733e-05 	0.000112106
2.90545 	0.0274808 	-2.09028e-05 	0.000111994
2.90695 	0.0274516 	-2.09144e-05 	0.000111937
2.90845 	0.0274231 	-2.06384e-05 	0.000111894
2.90995 	0.0273999 	-2.16885e-05 	0.000111813
2.91146 	0.0273796 	-2.34498e-05 	0.000111711
2.91296 	0.027345 	-2.47724e-05 	0.000111583
2.91446 	0.027303 	-2.5866e-05 	0.000111441
2.91596 	0.027261 	-2.69597e-05 	0.000111299
2.91746 	0.027219 	-2.80533e-05 	0.000111157
2.91896 	0.0271708 	-2.89165e-05 	0.000111006
2.92046 	0.0271075 	-2.92174e-05 	0.000110831
2.92196 	0.027046 	-3.01328e-05 	0.000110638
2.92346 	0.0269885 	-3.24725e-05 	0.000110401
2.92496 	0.026934 	-3.42259e-05 	0.000110184
2.92646 	0.0268829 	-3.52864e-05 	0.000109989
2.92796 	0.0268319 	-3.6347e-05 	0.000109795
2.92946 	0.0267808 	-3.74075e-05 	0.000109601
2.93097 	0.0267325 	-3.79182e-05 	0.000109428
2.93247 	0.0266883 	-3.75678e-05 	0.00010929
2.93397 	0.0266481 	-3.82843e-05 	0.000109128
2.93547 	0.0266113 	-3.98723e-05 	0.000108945
2.93697 	0.0265668 	-4.06579e-05 	0.000108751
2.93847 	0.026521 	-4.12995e-05 	0.000108556
2.93997 	0.0264752 	-4.19411e-05 	0.00010836
2.94147 	0.0264288 	-4.2519e-05 	0.000108164
2.94297 	0.0263743 	-4.21165e-05 	0.000107969
2.94447 	0.0263228 	-4.24046e-05 	0.000107764
2.94597 	0.0262763 	-4.39121e-05 	0.000107544
2.94747 	0.0261939 	-4.48103e-05 	0.000107167
2.94897 	0.0261018 	-4.5546e-05 	0.00010675
2.95048 	0.0260097 	-4.62818e-05 	0.000106332
2.95198 	0.0259056 	-4.6769e-05 	0.000105868
2.95348 	0.0257684 	-4.65809e-05 	0.00010528
2.95498 	0.0256317 	-4.76683e-05 	0.000104674
2.95648 	0.0254996 	-4.90357e-05 	0.000104073
2.95798 	0.0253811 	-4.95939e-05 	0.000103506
2.95948 	0.0252626 	-5.0152e-05 	0.00010294
2.96098 	0.0251442 	-5.07102e-05 	0.000102373
2.96248 	0.025044 	-5.00557e-05 	0.00010188
2.96398 	0.0249453 	-5.02544e-05 	0.0001014
2.96548 	0.0248445 	-5.10677e-05 	0.000100905
2.96698 	0.0247307 	-5.11943e-05 	0.000100312
2.96848 	0.0246169 	-5.13209e-05 	9.97194e-05
2.96998 	0.0245005 	-5.12941e-05 	9.91101e-05
2.97149 	0.024371 	-5.04532e-05 	9.84131e-05
2.97299 	0.0242419 	-5.09032e-05 	9.77457e-05
2.97449 	0.024101 	-5.11487e-05 	9.69943e-05
2.97599 	0.0239517 	-5.10554e-05 	9.61799e-05
2.97749 	0.0238024 	-5.09622e-05 	9.53654e-05
2.97899 	0.0236378 	-5.01344e-05 	9.4442e-05
2.98049 	0.0234676 	-4.98898e-05 	9.35081e-05
2.98199 	0.023286 	-4.9994e-05 	9.25205e-05
2.98349 	0.0230892 	-4.96316e-05 	9.14291e-05
2.98499 	0.0228923 	-4.92691e-05 	9.03377e-05
2.98649 	0.0226756 	-4.8173e-05 	8.91116e-05
2.98799 	0.0224497 	-4.77826e-05 	8.78675e-05
2.98949 	0.0222021 	-4.73833e-05 	8.652e-05
2.991 	0.0219423 	-4.67018e-05 	8.51036e-05
2.9925 	0.021676 	-4.58407e-05 	8.36502e-05
2.994 	0.0213833 	-4.44759e-05 	8.20524e-05
2.9955 	0.0201349 	-4.21237e-05 	7.69013e-05
2.997 	0.0149675 	-3.15627e-05 	5.70649e-05
2.9985 	0.00980001 	-2.10016e-05 	3.72285e-05
3 	-2.95111e-15 	6.32996e-18 	-1.12085e-17
