0.25963 	-0.000110834 	6.45397e-05 	-8.95923e-07
0.261131 	-0.000322634 	0.000188427 	-2.51373e-06
0.262631 	-0.000534434 	0.000312313 	-4.13155e-06
0.264132 	-0.000746233 	0.0004362 	-5.74936e-06
0.265633 	-0.000958033 	0.000560087 	-7.36717e-06
0.267134 	-0.00117447 	0.000688232 	-9.04011e-06
0.268634 	-0.00135628 	0.000800953 	-1.06037e-05
0.270135 	-0.00151839 	0.000900037 	-1.19287e-05
0.271636 	-0.0016805 	0.000999121 	-1.32537e-05
0.273137 	-0.00184261 	0.00109821 	-1.45786e-05
0.274637 	-0.00200472 	0.00119729 	-1.59036e-05
0.276138 	-0.00215827 	0.00129126 	-1.71226e-05
0.277639 	-0.00226809 	0.0013653 	-1.81145e-05
0.27914 	-0.00237633 	0.00143511 	-1.90638e-05
0.28064 	-0.00248458 	0.00150492 	-2.00131e-05
0.282141 	-0.00259282 	0.00157474 	-2.09624e-05
0.283642 	-0.00270106 	0.00164455 	-2.19117e-05
0.285143 	-0.0028093 	0.00171436 	-2.2861e-05
0.286643 	-0.0029188 	0.00178311 	-2.36584e-05
0.288144 	-0.00299418 	0.00183946 	-2.42803e-05
0.289645 	-0.0030714 	0.00189134 	-2.49367e-05
0.291146 	-0.00314862 	0.00194321 	-2.55931e-05
0.292646 	-0.00322584 	0.00199509 	-2.62495e-05
0.294147 	-0.00330306 	0.00204697 	-2.69059e-05
0.295648 	-0.00338028 	0.00209884 	-2.75623e-05
0.297149 	-0.00346096 	0.00214836 	-2.81165e-05
0.298649 	-0.00351515 	0.0021932 	-2.82869e-05
0.30015 	-0.00356302 	0.0022269 	-2.86437e-05
0.301651 	-0.00361081 	0.00226033 	-2.90066e-05
0.303152 	-0.00365861 	0.00229375 	-2.93694e-05
0.304652 	-0.0037064 	0.00232718 	-2.97323e-05
0.306153 	-0.0037542 	0.0023606 	-3.00952e-05
0.307654 	-0.00380196 	0.00239348 	-3.04605e-05
0.309155 	-0.00384519 	0.00241726 	-3.07993e-05
0.310655 	-0.00384924 	0.00242919 	-3.05456e-05
0.312156 	-0.00388329 	0.00245482 	-3.0675e-05
0.313657 	-0.00391734 	0.00248046 	-3.08045e-05
0.315158 	-0.00395139 	0.0025061 	-3.09339e-05
0.316658 	-0.00398544 	0.00253173 	-3.10634e-05
0.318159 	-0.0040195 	0.00255737 	-3.11928e-05
0.31966 	-0.00405355 	0.00258301 	-3.13222e-05
0.321161 	-0.00411071 	0.00261877 	-3.16805e-05
0.322661 	-0.00413812 	0.00264362 	-3.15327e-05
0.324162 	-0.00415538 	0.00266345 	-3.1269e-05
0.325663 	-0.00418115 	0.00268477 	-3.1209e-05
0.327164 	-0.00420691 	0.00270609 	-3.11491e-05
0.328664 	-0.00423268 	0.00272741 	-3.10891e-05
0.330165 	-0.00425845 	0.00274874 	-3.10292e-05
0.331666 	-0.00428422 	0.00277006 	-3.09693e-05
0.333167 	-0.00430999 	0.00279138 	-3.09093e-05
0.334667 	-0.00434782 	0.00281336 	-3.1184e-05
0.336168 	-0.00436654 	0.00283102 	-3.1029e-05
0.337669 	-0.00437304 	0.00284568 	-3.06188e-05
0.33917 	-0.00438708 	0.00285926 	-3.05706e-05
0.34067 	-0.00440112 	0.00287285 	-3.05224e-05
0.342171 	-0.00441516 	0.00288643 	-3.04742e-05
0.343672 	-0.0044292 	0.00290002 	-3.0426e-05
0.345173 	-0.00444323 	0.0029136 	-3.03778e-05
0.346673 	-0.00445727 	0.00292718 	-3.03296e-05
0.348174 	-0.00447562 	0.00294086 	-3.04583e-05
0.349675 	-0.00450043 	0.00295466 	-3.08527e-05
0.351176 	-0.00450419 	0.0029652 	-3.07018e-05
0.352676 	-0.00450314 	0.00297489 	-3.04375e-05
0.354177 	-0.00450855 	0.00298285 	-3.06215e-05
0.355678 	-0.00451396 	0.00299081 	-3.08055e-05
0.357179 	-0.00451937 	0.00299876 	-3.09895e-05
0.358679 	-0.00452478 	0.00300672 	-3.11735e-05
0.36018 	-0.00453019 	0.00301467 	-3.13575e-05
0.361681 	-0.0045356 	0.00302263 	-3.15415e-05
0.363182 	-0.00454206 	0.0030305 	-3.17863e-05
0.364682 	-0.00455606 	0.0030378 	-3.2468e-05
0.366183 	-0.00456489 	0.00304475 	-3.29848e-05
0.367684 	-0.00455823 	0.00305063 	-3.30075e-05
0.369185 	-0.00455248 	0.00305611 	-3.30957e-05
0.370685 	-0.00455111 	0.00305966 	-3.35021e-05
0.372186 	-0.00454974 	0.00306321 	-3.39086e-05
0.373687 	-0.00454836 	0.00306676 	-3.43151e-05
0.375188 	-0.00454699 	0.00307031 	-3.47216e-05
0.376688 	-0.00454562 	0.00307386 	-3.5128e-05
0.378189 	-0.00454425 	0.00307741 	-3.55345e-05
0.37969 	-0.00454339 	0.00308083 	-3.59737e-05
0.381191 	-0.00454855 	0.00308282 	-3.67955e-05
0.382691 	-0.0045537 	0.00308481 	-3.76173e-05
0.384192 	-0.0045443 	0.00308726 	-3.78882e-05
0.385693 	-0.00453301 	0.00308977 	-3.80873e-05
0.387194 	-0.00452367 	0.00309118 	-3.84149e-05
0.388694 	-0.00451681 	0.0030912 	-3.89038e-05
0.390195 	-0.00450995 	0.00309123 	-3.93928e-05
0.391696 	-0.00450308 	0.00309125 	-3.98817e-05
0.393197 	-0.00449622 	0.00309127 	-4.03706e-05
0.394697 	-0.00448935 	0.00309129 	-4.08595e-05
0.396198 	-0.00448249 	0.00309131 	-4.13484e-05
0.397699 	-0.00447677 	0.00309086 	-4.1909e-05
0.3992 	-0.00447497 	0.00308877 	-4.27155e-05
0.4007 	-0.00447317 	0.00308668 	-4.35221e-05
0.402201 	-0.00446245 	0.00308572 	-4.39551e-05
0.403702 	-0.00444712 	0.00308534 	-4.41953e-05
0.405203 	-0.00443179 	0.00308496 	-4.44355e-05
0.406703 	-0.00442042 	0.00308293 	-4.48601e-05
0.408204 	-0.00441003 	0.00308049 	-4.53307e-05
0.409705 	-0.00439964 	0.00307805 	-4.58014e-05
0.411206 	-0.00438925 	0.0030756 	-4.6272e-05
0.412706 	-0.00437886 	0.00307316 	-4.67427e-05
0.414207 	-0.00436848 	0.00307072 	-4.72133e-05
0.415708 	-0.00435809 	0.00306827 	-4.7684e-05
0.417209 	-0.00434984 	0.00306459 	-4.83058e-05
0.418709 	-0.00434359 	0.00305975 	-4.9068e-05
0.42021 	-0.00433734 	0.00305491 	-4.98302e-05
0.421711 	-0.004324 	0.0030509 	-5.0358e-05
0.423212 	-0.00430424 	0.00304764 	-5.0673e-05
0.424712 	-0.00428448 	0.00304439 	-5.0988e-05
0.426213 	-0.00426572 	0.00304087 	-5.13024e-05
0.427714 	-0.00425151 	0.00303622 	-5.16144e-05
0.429215 	-0.00423729 	0.00303157 	-5.19265e-05
0.430715 	-0.00422307 	0.00302692 	-5.22385e-05
0.432216 	-0.00420885 	0.00302227 	-5.25506e-05
0.433717 	-0.00419464 	0.00301762 	-5.28626e-05
0.435218 	-0.00418042 	0.00301297 	-5.31747e-05
0.436718 	-0.0041662 	0.00300832 	-5.34867e-05
0.438219 	-0.00415582 	0.00300167 	-5.38741e-05
0.43972 	-0.0041458 	0.00299482 	-5.42686e-05
0.441221 	-0.00413579 	0.00298798 	-5.46632e-05
0.442721 	-0.00411961 	0.00298141 	-5.49382e-05
0.444222 	-0.00409517 	0.00297521 	-5.50527e-05
0.445723 	-0.00407072 	0.00296902 	-5.51672e-05
0.447224 	-0.00404627 	0.00296282 	-5.52816e-05
0.448724 	-0.00402632 	0.00295689 	-5.53234e-05
0.450225 	-0.00401036 	0.00295119 	-5.53005e-05
0.451726 	-0.0039944 	0.0029455 	-5.52777e-05
0.453227 	-0.00397844 	0.0029398 	-5.52549e-05
0.454727 	-0.00396248 	0.00293411 	-5.52321e-05
0.456228 	-0.00394652 	0.00292841 	-5.52093e-05
0.457729 	-0.00393056 	0.00292272 	-5.51865e-05
0.45923 	-0.00391743 	0.00291691 	-5.51682e-05
0.46073 	-0.00390919 	0.00291092 	-5.5158e-05
0.462231 	-0.00390096 	0.00290494 	-5.51478e-05
0.463732 	-0.00389273 	0.00289895 	-5.51376e-05
0.465233 	-0.00388301 	0.00289416 	-5.51358e-05
0.466733 	-0.00387009 	0.00289195 	-5.5152e-05
0.468234 	-0.00385716 	0.00288975 	-5.51683e-05
0.469735 	-0.00384424 	0.00288755 	-5.51846e-05
0.471236 	-0.00383131 	0.00288534 	-5.52008e-05
0.472736 	-0.00381398 	0.00287943 	-5.49949e-05
0.474237 	-0.00379544 	0.00287248 	-5.47273e-05
0.475738 	-0.00377689 	0.00286553 	-5.44597e-05
0.477239 	-0.00375834 	0.00285858 	-5.4192e-05
0.478739 	-0.00373979 	0.00285163 	-5.39244e-05
0.48024 	-0.00372125 	0.00284468 	-5.36568e-05
0.481741 	-0.0037027 	0.00283773 	-5.33892e-05
0.483242 	-0.00367767 	0.00282561 	-5.30125e-05
0.484742 	-0.00365132 	0.00281243 	-5.26138e-05
0.486243 	-0.00362498 	0.00279926 	-5.2215e-05
0.487744 	-0.00359864 	0.00278609 	-5.18163e-05
0.489245 	-0.00357326 	0.00277399 	-5.14852e-05
0.490745 	-0.0035538 	0.00276842 	-5.1567e-05
0.492246 	-0.00353434 	0.00276285 	-5.16487e-05
0.493747 	-0.00351487 	0.00275728 	-5.17305e-05
0.495248 	-0.00349541 	0.00275171 	-5.18123e-05
0.496748 	-0.00347595 	0.00274614 	-5.18941e-05
0.498249 	-0.0034524 	0.00273729 	-5.15684e-05
0.49975 	-0.0034283 	0.00272799 	-5.11871e-05
0.501251 	-0.0034042 	0.0027187 	-5.08059e-05
0.502751 	-0.00338009 	0.0027094 	-5.04246e-05
0.504252 	-0.00335599 	0.0027001 	-5.00434e-05
0.505753 	-0.00333189 	0.00269081 	-4.96621e-05
0.507254 	-0.00330687 	0.00268047 	-4.91811e-05
0.508754 	-0.00327937 	0.00266732 	-4.84318e-05
0.510255 	-0.00325188 	0.00265417 	-4.76824e-05
0.511756 	-0.00322439 	0.00264102 	-4.69331e-05
0.513257 	-0.0031969 	0.00262786 	-4.61837e-05
0.514757 	-0.0031694 	0.00261471 	-4.54344e-05
0.516258 	-0.00314412 	0.00260557 	-4.52629e-05
0.517759 	-0.00311922 	0.00259714 	-4.5193e-05
0.51926 	-0.00309432 	0.0025887 	-4.51231e-05
0.52076 	-0.00306943 	0.00258026 	-4.50532e-05
0.522261 	-0.00304453 	0.00257183 	-4.49833e-05
0.523762 	-0.00301963 	0.00256339 	-4.49134e-05
0.525263 	-0.00299286 	0.0025533 	-4.45006e-05
0.526763 	-0.0029655 	0.00254269 	-4.39801e-05
0.528264 	-0.00293813 	0.00253209 	-4.34597e-05
0.529765 	-0.00291077 	0.00252148 	-4.29392e-05
0.531266 	-0.00288341 	0.00251087 	-4.24187e-05
0.532766 	-0.00285605 	0.00250026 	-4.18983e-05
0.534267 	-0.00282834 	0.00248837 	-4.11424e-05
0.535768 	-0.00280043 	0.00247576 	-4.02556e-05
0.537269 	-0.00277252 	0.00246314 	-3.93689e-05
0.538769 	-0.00274462 	0.00245053 	-3.84822e-05
0.54027 	-0.00271671 	0.00243792 	-3.75954e-05
0.541771 	-0.00268881 	0.0024253 	-3.67087e-05
0.543272 	-0.00265983 	0.00241324 	-3.60969e-05
0.544772 	-0.00262921 	0.002402 	-3.59036e-05
0.546273 	-0.0025986 	0.00239076 	-3.57102e-05
0.547774 	-0.00256798 	0.00237952 	-3.55169e-05
0.549275 	-0.00253737 	0.00236828 	-3.53236e-05
0.550775 	-0.00250675 	0.00235704 	-3.51303e-05
0.552276 	-0.00247614 	0.0023458 	-3.49369e-05
0.553777 	-0.00244556 	0.00233439 	-3.45543e-05
0.555278 	-0.00241503 	0.00232268 	-3.38455e-05
0.556778 	-0.00238451 	0.00231097 	-3.31366e-05
0.558279 	-0.00235398 	0.00229927 	-3.24277e-05
0.55978 	-0.00232346 	0.00228756 	-3.17189e-05
0.561281 	-0.00229294 	0.00227585 	-3.101e-05
0.562781 	-0.00226129 	0.00226278 	-3.0065e-05
0.564282 	-0.00222954 	0.00224957 	-2.90966e-05
0.565783 	-0.00219778 	0.00223637 	-2.81282e-05
0.567284 	-0.00216603 	0.00222316 	-2.71598e-05
0.568784 	-0.00213428 	0.00220996 	-2.61914e-05
0.570285 	-0.00210252 	0.00219675 	-2.5223e-05
0.571786 	-0.00207077 	0.00218355 	-2.42546e-05
0.573287 	-0.00203725 	0.00217071 	-2.40341e-05
0.574787 	-0.00200308 	0.002158 	-2.40865e-05
0.576288 	-0.00196892 	0.0021453 	-2.41389e-05
0.577789 	-0.00193475 	0.00213259 	-2.41913e-05
0.57929 	-0.00190059 	0.00211989 	-2.42437e-05
0.58079 	-0.00186642 	0.00210718 	-2.42961e-05
0.582291 	-0.00183225 	0.00209448 	-2.43485e-05
0.583792 	-0.00179809 	0.00208177 	-2.44009e-05
0.585293 	-0.00176402 	0.00206913 	-2.41074e-05
0.586793 	-0.00173 	0.00205651 	-2.36202e-05
0.588294 	-0.00169599 	0.0020439 	-2.31331e-05
0.589795 	-0.00166197 	0.00203129 	-2.26459e-05
0.591296 	-0.00162788 	0.00201864 	-2.21537e-05
0.592796 	-0.0015919 	0.00200507 	-2.15358e-05
0.594297 	-0.00155591 	0.00199151 	-2.09178e-05
0.595798 	-0.00151993 	0.00197794 	-2.02998e-05
0.597299 	-0.00148394 	0.00196437 	-1.96818e-05
0.598799 	-0.00144795 	0.00195081 	-1.90638e-05
0.6003 	-0.00141197 	0.00193724 	-1.84458e-05
0.601801 	-0.00137598 	0.00192367 	-1.78279e-05
0.603302 	-0.00133999 	0.00191011 	-1.72099e-05
0.604802 	-0.00130144 	0.00189617 	-1.77857e-05
0.606303 	-0.0012623 	0.00188215 	-1.86312e-05
0.607804 	-0.00122316 	0.00186814 	-1.94767e-05
0.609305 	-0.00118402 	0.00185412 	-2.03221e-05
0.610805 	-0.00114488 	0.0018401 	-2.11676e-05
0.612306 	-0.00110575 	0.00182608 	-2.2013e-05
0.613807 	-0.00106661 	0.00181206 	-2.28585e-05
0.615308 	-0.00102747 	0.00179804 	-2.37039e-05
0.616808 	-0.000988331 	0.00178402 	-2.45494e-05
0.618309 	-0.00094972 	0.00177031 	-2.50606e-05
0.61981 	-0.000911578 	0.00175688 	-2.52744e-05
0.621311 	-0.000873436 	0.00174344 	-2.54881e-05
0.622811 	-0.000835295 	0.00173001 	-2.57019e-05
0.624312 	-0.000795157 	0.00171615 	-2.5412e-05
0.625813 	-0.000755016 	0.00170229 	-2.51213e-05
0.627314 	-0.000714875 	0.00168842 	-2.48305e-05
0.628814 	-0.000674735 	0.00167456 	-2.45397e-05
0.630315 	-0.000634594 	0.0016607 	-2.42489e-05
0.631816 	-0.000594453 	0.00164684 	-2.39582e-05
0.633317 	-0.000554312 	0.00163298 	-2.36674e-05
0.634817 	-0.000514171 	0.00161912 	-2.33766e-05
0.636318 	-0.00047403 	0.00160526 	-2.30859e-05
0.637819 	-0.000430759 	0.00159055 	-2.37303e-05
0.63932 	-0.000385462 	0.00157528 	-2.49802e-05
0.64082 	-0.000340165 	0.00156 	-2.62301e-05
0.642321 	-0.000294868 	0.00154473 	-2.748e-05
0.643822 	-0.000249572 	0.00152946 	-2.87299e-05
0.645323 	-0.000204275 	0.00151419 	-2.99798e-05
0.646823 	-0.000158978 	0.00149892 	-3.12297e-05
0.648324 	-0.000113681 	0.00148365 	-3.24796e-05
0.649825 	-6.8384e-05 	0.00146838 	-3.37294e-05
0.651326 	-2.30871e-05 	0.00145311 	-3.49793e-05
0.652826 	2.22097e-05 	0.00143784 	-3.62292e-05
0.654327 	6.53243e-05 	0.00142366 	-3.69266e-05
0.655828 	0.000108399 	0.00140951 	-3.76141e-05
0.657329 	0.000152633 	0.0013955 	-3.76954e-05
0.658829 	0.000197225 	0.00138154 	-3.75889e-05
0.66033 	0.000241817 	0.00136759 	-3.74823e-05
0.661831 	0.00028641 	0.00135363 	-3.73757e-05
0.663332 	0.000331002 	0.00133967 	-3.72692e-05
0.664832 	0.000375594 	0.00132571 	-3.71626e-05
0.666333 	0.000420187 	0.00131175 	-3.70561e-05
0.667834 	0.000464779 	0.00129779 	-3.69495e-05
0.669335 	0.000509371 	0.00128384 	-3.68429e-05
0.670835 	0.000553964 	0.00126988 	-3.67364e-05
0.672336 	0.000599156 	0.00125575 	-3.67167e-05
0.673837 	0.000651994 	0.00123943 	-3.78037e-05
0.675338 	0.000704831 	0.00122311 	-3.88906e-05
0.676838 	0.000757668 	0.00120679 	-3.99775e-05
0.678339 	0.000810506 	0.00119048 	-4.10644e-05
0.67984 	0.000863343 	0.00117416 	-4.21514e-05
0.681341 	0.00091618 	0.00115784 	-4.32383e-05
0.682841 	0.000969018 	0.00114153 	-4.43252e-05
0.684342 	0.00102186 	0.00112521 	-4.54121e-05
0.685843 	0.00107469 	0.00110889 	-4.64991e-05
0.687344 	0.00112753 	0.00109257 	-4.7586e-05
0.688844 	0.00118037 	0.00107626 	-4.86729e-05
0.690345 	0.0012332 	0.00105994 	-4.97598e-05
0.691846 	0.00128249 	0.00104549 	-4.9871e-05
0.693347 	0.00133201 	0.00103173 	-4.92202e-05
0.694847 	0.00138153 	0.00101797 	-4.85693e-05
0.696348 	0.00143104 	0.00100421 	-4.79185e-05
0.697849 	0.00148056 	0.000990448 	-4.72676e-05
0.69935 	0.00153008 	0.000976688 	-4.66167e-05
0.70085 	0.0015796 	0.000962927 	-4.59659e-05
0.702351 	0.00162911 	0.000949167 	-4.5315e-05
0.703852 	0.00167863 	0.000935407 	-4.46642e-05
0.705353 	0.00172815 	0.000921646 	-4.40133e-05
0.706853 	0.00177766 	0.000907886 	-4.33625e-05
0.708354 	0.00182718 	0.000894125 	-4.27116e-05
0.709855 	0.00187901 	0.000879761 	-4.22041e-05
0.711356 	0.001941 	0.000862747 	-4.23257e-05
0.712856 	0.00200299 	0.000845733 	-4.24472e-05
0.714357 	0.00206498 	0.00082872 	-4.25688e-05
0.715858 	0.00212697 	0.000811706 	-4.26904e-05
0.717359 	0.00218895 	0.000794692 	-4.28119e-05
0.718859 	0.00225094 	0.000777678 	-4.29335e-05
0.72036 	0.00231293 	0.000760664 	-4.3055e-05
0.721861 	0.00237492 	0.000743651 	-4.31766e-05
0.723362 	0.0024369 	0.000726637 	-4.32981e-05
0.724862 	0.00249889 	0.000709623 	-4.34197e-05
0.726363 	0.00256088 	0.000692609 	-4.35412e-05
0.727864 	0.00262287 	0.000675595 	-4.36628e-05
0.729365 	0.00268396 	0.0006596 	-4.32793e-05
0.730865 	0.00274003 	0.00064557 	-4.24577e-05
0.732366 	0.0027902 	0.000633332 	-4.14559e-05
0.733867 	0.00284036 	0.000621094 	-4.04541e-05
0.735368 	0.00289052 	0.000608856 	-3.94523e-05
0.736868 	0.00294068 	0.000596618 	-3.84504e-05
0.738369 	0.00299084 	0.00058438 	-3.74486e-05
0.73987 	0.00304101 	0.000572142 	-3.64468e-05
0.741371 	0.00309117 	0.000559904 	-3.5445e-05
0.742871 	0.00314133 	0.000547667 	-3.44432e-05
0.744372 	0.00319149 	0.000535429 	-3.34414e-05
0.745873 	0.00324165 	0.000523191 	-3.24396e-05
0.747374 	0.00329182 	0.000510953 	-3.14377e-05
0.748874 	0.00334198 	0.000498715 	-3.04359e-05
0.750375 	0.00341585 	0.000480956 	-2.96464e-05
0.751876 	0.00349163 	0.000462751 	-2.88741e-05
0.753377 	0.00356741 	0.000444546 	-2.81017e-05
0.754877 	0.00364319 	0.000426341 	-2.73293e-05
0.756378 	0.00371898 	0.000408136 	-2.6557e-05
0.757879 	0.00379476 	0.000389931 	-2.57846e-05
0.75938 	0.00387054 	0.000371726 	-2.50122e-05
0.76088 	0.00394632 	0.000353522 	-2.42399e-05
0.762381 	0.0040221 	0.000335317 	-2.34675e-05
0.763882 	0.00409789 	0.000317112 	-2.26951e-05
0.765383 	0.00417367 	0.000298907 	-2.19227e-05
0.766883 	0.00424945 	0.000280702 	-2.11504e-05
0.768384 	0.0043193 	0.000264892 	-2.05363e-05
0.769885 	0.00438655 	0.000250135 	-1.99919e-05
0.771386 	0.00445379 	0.000235378 	-1.94476e-05
0.772886 	0.00451464 	0.000222293 	-1.90618e-05
0.774387 	0.00456478 	0.000212008 	-1.89419e-05
0.775888 	0.00461492 	0.000201723 	-1.8822e-05
0.777389 	0.00466505 	0.000191438 	-1.87021e-05
0.778889 	0.00471519 	0.000181153 	-1.85822e-05
0.78039 	0.00476533 	0.000170868 	-1.84623e-05
0.781891 	0.00481547 	0.000160583 	-1.83424e-05
0.783392 	0.00486561 	0.000150298 	-1.82224e-05
0.784892 	0.00491575 	0.000140013 	-1.81025e-05
0.786393 	0.00496589 	0.000129728 	-1.79826e-05
0.787894 	0.00501602 	0.000119443 	-1.78627e-05
0.789395 	0.00506616 	0.000109158 	-1.77428e-05
0.790895 	0.00512721 	9.66139e-05 	-1.75781e-05
0.792396 	0.00521627 	7.82696e-05 	-1.72986e-05
0.793897 	0.00530534 	5.99252e-05 	-1.7019e-05
0.795398 	0.0053944 	4.15808e-05 	-1.67395e-05
0.796898 	0.00548346 	2.32365e-05 	-1.64599e-05
0.798399 	0.00557252 	4.89215e-06 	-1.61804e-05
0.7999 	0.00566159 	-1.34522e-05 	-1.59008e-05
0.801401 	0.00575065 	-3.17966e-05 	-1.56213e-05
0.802901 	0.00583971 	-5.01409e-05 	-1.53417e-05
0.804402 	0.00592877 	-6.84853e-05 	-1.50621e-05
0.805903 	0.00601784 	-8.68296e-05 	-1.47826e-05
0.807404 	0.0061069 	-0.000105174 	-1.4503e-05
0.808904 	0.00618775 	-0.000120898 	-1.45793e-05
0.810405 	0.00626118 	-0.000134253 	-1.49771e-05
0.811906 	0.00633462 	-0.000147609 	-1.5375e-05
0.813407 	0.00640805 	-0.000160964 	-1.57728e-05
0.814907 	0.00648148 	-0.000174319 	-1.61707e-05
0.816408 	0.00655491 	-0.000187675 	-1.65686e-05
0.817909 	0.00661248 	-0.00019739 	-1.72109e-05
0.81941 	0.00666509 	-0.000205969 	-1.79295e-05
0.82091 	0.00671771 	-0.000214549 	-1.86481e-05
0.822411 	0.00677032 	-0.000223128 	-1.93666e-05
0.823912 	0.00682294 	-0.000231708 	-2.00852e-05
0.825413 	0.00687555 	-0.000240288 	-2.08038e-05
0.826913 	0.00692817 	-0.000248867 	-2.15224e-05
0.828414 	0.00698078 	-0.000257447 	-2.22409e-05
0.829915 	0.0070334 	-0.000266027 	-2.29595e-05
0.831416 	0.00708601 	-0.000274606 	-2.36781e-05
0.832916 	0.00713863 	-0.000283186 	-2.43967e-05
0.834417 	0.00720276 	-0.000293765 	-2.51434e-05
0.835918 	0.00730181 	-0.000310401 	-2.59755e-05
0.837419 	0.00740087 	-0.000327038 	-2.68075e-05
0.838919 	0.00749992 	-0.000343675 	-2.76395e-05
0.84042 	0.00759897 	-0.000360312 	-2.84716e-05
0.841921 	0.00769802 	-0.000376949 	-2.93036e-05
0.843422 	0.00779707 	-0.000393586 	-3.01357e-05
0.844922 	0.00789612 	-0.000410222 	-3.09677e-05
0.846423 	0.00799517 	-0.000426859 	-3.17998e-05
0.847924 	0.00809422 	-0.000443496 	-3.26318e-05
0.849425 	0.00819327 	-0.000460133 	-3.34639e-05
0.850925 	0.00828847 	-0.000475937 	-3.43051e-05
0.852426 	0.008357 	-0.00048598 	-3.52099e-05
0.853927 	0.00842554 	-0.000496024 	-3.61147e-05
0.855428 	0.00849407 	-0.000506067 	-3.70195e-05
0.856928 	0.00856261 	-0.000516111 	-3.79242e-05
0.858429 	0.00863115 	-0.000526154 	-3.8829e-05
0.85993 	0.00869968 	-0.000536198 	-3.97338e-05
0.861431 	0.00876822 	-0.000546241 	-4.06386e-05
0.862931 	0.00883676 	-0.000556285 	-4.15434e-05
0.864432 	0.00888571 	-0.000563015 	-4.22128e-05
0.865933 	0.00892118 	-0.000567461 	-4.27199e-05
0.867434 	0.00895665 	-0.000571907 	-4.32271e-05
0.868934 	0.00899211 	-0.000576353 	-4.37342e-05
0.870435 	0.00902758 	-0.000580799 	-4.42414e-05
0.871936 	0.00906305 	-0.000585246 	-4.47485e-05
0.873437 	0.00909852 	-0.000589692 	-4.52557e-05
0.874937 	0.00913398 	-0.000594138 	-4.57628e-05
0.876438 	0.00916945 	-0.000598584 	-4.627e-05
0.877939 	0.00920492 	-0.00060303 	-4.67771e-05
0.87944 	0.00924038 	-0.000607476 	-4.72843e-05
0.88094 	0.00929116 	-0.000614627 	-4.80092e-05
0.882441 	0.00934491 	-0.000622305 	-4.87765e-05
0.883942 	0.00939866 	-0.000629982 	-4.95439e-05
0.885443 	0.00945241 	-0.000637659 	-5.03112e-05
0.886943 	0.00950616 	-0.000645337 	-5.10785e-05
0.888444 	0.00955991 	-0.000653014 	-5.18459e-05
0.889945 	0.00961366 	-0.000660691 	-5.26132e-05
0.891446 	0.00966742 	-0.000668369 	-5.33805e-05
0.892946 	0.00972117 	-0.000676046 	-5.41478e-05
0.894447 	0.00977492 	-0.000683723 	-5.49152e-05
0.895948 	0.00984026 	-0.000691669 	-5.57148e-05
0.897449 	0.00991654 	-0.000699869 	-5.65449e-05
0.898949 	0.00999281 	-0.000708069 	-5.73751e-05
0.90045 	0.0100691 	-0.000716268 	-5.82052e-05
0.901951 	0.0101454 	-0.000724468 	-5.90354e-05
0.903452 	0.0102216 	-0.000732668 	-5.98655e-05
0.904952 	0.0102979 	-0.000740867 	-6.06956e-05
0.906453 	0.0103742 	-0.000749067 	-6.15258e-05
0.907954 	0.0104505 	-0.000757267 	-6.23559e-05
0.909455 	0.0105267 	-0.000765466 	-6.3186e-05
0.910955 	0.010603 	-0.000773666 	-6.40162e-05
0.912456 	0.0106793 	-0.000781866 	-6.48463e-05
0.913957 	0.0107675 	-0.000791085 	-6.56728e-05
0.915458 	0.0108575 	-0.000800455 	-6.64988e-05
0.916958 	0.0109475 	-0.000809824 	-6.73248e-05
0.918459 	0.0110376 	-0.000819194 	-6.81508e-05
0.91996 	0.0111276 	-0.000828563 	-6.89768e-05
0.921461 	0.0112176 	-0.000837933 	-6.98028e-05
0.922961 	0.0113076 	-0.000847302 	-7.06288e-05
0.924462 	0.0113976 	-0.000856671 	-7.14548e-05
0.925963 	0.0114876 	-0.000866041 	-7.22808e-05
0.927464 	0.0115767 	-0.000875326 	-7.31165e-05
0.928964 	0.0116534 	-0.000883431 	-7.4089e-05
0.930465 	0.0117301 	-0.000891536 	-7.50614e-05
0.931966 	0.0118068 	-0.000899641 	-7.60338e-05
0.933467 	0.0118835 	-0.000907746 	-7.70062e-05
0.934967 	0.0119602 	-0.000915851 	-7.79787e-05
0.936468 	0.0120369 	-0.000923955 	-7.89511e-05
0.937969 	0.0121136 	-0.00093206 	-7.99235e-05
0.93947 	0.0121903 	-0.000940165 	-8.08959e-05
0.94097 	0.012267 	-0.00094827 	-8.18684e-05
0.942471 	0.0123446 	-0.000954857 	-8.23416e-05
0.943972 	0.0124225 	-0.000960843 	-8.2617e-05
0.945473 	0.0125005 	-0.000966828 	-8.28924e-05
0.946973 	0.0125785 	-0.000972814 	-8.31678e-05
0.948474 	0.0126565 	-0.000978799 	-8.34432e-05
0.949975 	0.0127344 	-0.000984784 	-8.37186e-05
0.951476 	0.0128124 	-0.00099077 	-8.3994e-05
0.952976 	0.0128904 	-0.000996755 	-8.42694e-05
0.954477 	0.0129683 	-0.00100274 	-8.45448e-05
0.955978 	0.0130463 	-0.00100873 	-8.48202e-05
0.957479 	0.0131243 	-0.00101471 	-8.50956e-05
0.958979 	0.0132022 	-0.0010207 	-8.5371e-05
0.96048 	0.0132802 	-0.00102668 	-8.56464e-05
0.961981 	0.0133582 	-0.00103267 	-8.59218e-05
0.963482 	0.0134362 	-0.00103865 	-8.61972e-05
0.964982 	0.0135126 	-0.00104426 	-8.63711e-05
0.966483 	0.0135881 	-0.00104963 	-8.64845e-05
0.967984 	0.0136636 	-0.00105501 	-8.65978e-05
0.969485 	0.0137392 	-0.00106038 	-8.67112e-05
0.970985 	0.0138147 	-0.00106576 	-8.68246e-05
0.972486 	0.0138902 	-0.00107114 	-8.69379e-05
0.973987 	0.0139657 	-0.00107651 	-8.70513e-05
0.975488 	0.0140413 	-0.00108189 	-8.71647e-05
0.976988 	0.0141168 	-0.00108727 	-8.7278e-05
0.978489 	0.0141556 	-0.0010912 	-8.77296e-05
0.97999 	0.0141934 	-0.00109509 	-8.81918e-05
0.981491 	0.0142311 	-0.00109898 	-8.8654e-05
0.982991 	0.0142688 	-0.00110287 	-8.91163e-05
0.984492 	0.0143065 	-0.00110676 	-8.95785e-05
0.985993 	0.0143442 	-0.00111066 	-9.00407e-05
0.987494 	0.0143819 	-0.00111455 	-9.05029e-05
0.988994 	0.0144196 	-0.00111844 	-9.09652e-05
0.990495 	0.0144853 	-0.00112174 	-9.08369e-05
0.991996 	0.0145596 	-0.00112486 	-9.05284e-05
0.993497 	0.0146339 	-0.00112798 	-9.02199e-05
0.994997 	0.0147082 	-0.0011311 	-8.99115e-05
0.996498 	0.0147824 	-0.00113422 	-8.9603e-05
0.997999 	0.0148567 	-0.00113734 	-8.92946e-05
0.9995 	0.014931 	-0.00114046 	-8.89861e-05
1.001 	0.0150053 	-0.00114358 	-8.86776e-05
1.0025 	0.0150795 	-0.00114669 	-8.83692e-05
1.004 	0.0151538 	-0.00114981 	-8.80607e-05
1.0055 	0.0152281 	-0.00115293 	-8.77522e-05
1.007 	0.0153024 	-0.00115605 	-8.74438e-05
1.0085 	0.0153767 	-0.00115917 	-8.71353e-05
1.01001 	0.0154509 	-0.00116229 	-8.68268e-05
1.01151 	0.0155252 	-0.00116541 	-8.65184e-05
1.01301 	0.0155995 	-0.00116853 	-8.62099e-05
1.01451 	0.0156738 	-0.00117165 	-8.59014e-05
1.01601 	0.015748 	-0.00117477 	-8.5593e-05
1.01751 	0.0158223 	-0.00117789 	-8.52845e-05
1.01901 	0.0159281 	-0.00118169 	-8.47548e-05
1.02051 	0.0160376 	-0.00118557 	-8.41996e-05
1.02201 	0.016147 	-0.00118945 	-8.36443e-05
1.02351 	0.0162565 	-0.00119332 	-8.30891e-05
1.02501 	0.0163659 	-0.0011972 	-8.25339e-05
1.02651 	0.0164753 	-0.00120108 	-8.19787e-05
1.02801 	0.0165848 	-0.00120496 	-8.14235e-05
1.02951 	0.016663 	-0.00120829 	-8.11875e-05
1.03102 	0.0167195 	-0.00121124 	-8.11737e-05
1.03252 	0.0167759 	-0.0012142 	-8.11599e-05
1.03402 	0.0168324 	-0.00121715 	-8.11461e-05
1.03552 	0.0168889 	-0.0012201 	-8.11323e-05
1.03702 	0.0169453 	-0.00122306 	-8.11185e-05
1.03852 	0.0170018 	-0.00122601 	-8.11048e-05
1.04002 	0.0170703 	-0.00122734 	-8.07316e-05
1.04152 	0.0171438 	-0.001228 	-8.02115e-05
1.04302 	0.0172172 	-0.00122866 	-7.96914e-05
1.04452 	0.0172907 	-0.00122932 	-7.91713e-05
1.04602 	0.0173641 	-0.00122999 	-7.86511e-05
1.04752 	0.0174376 	-0.00123065 	-7.8131e-05
1.04902 	0.017511 	-0.00123131 	-7.76109e-05
1.05053 	0.0175845 	-0.00123197 	-7.70907e-05
1.05203 	0.0176579 	-0.00123263 	-7.65706e-05
1.05353 	0.0177314 	-0.0012333 	-7.60505e-05
1.05503 	0.0178048 	-0.00123396 	-7.55304e-05
1.05653 	0.0178783 	-0.00123462 	-7.50102e-05
1.05803 	0.0179517 	-0.00123528 	-7.44901e-05
1.05953 	0.0180252 	-0.00123594 	-7.397e-05
1.06103 	0.0180986 	-0.0012366 	-7.34499e-05
1.06253 	0.0181721 	-0.00123727 	-7.29297e-05
1.06403 	0.0182455 	-0.00123793 	-7.24096e-05
1.06553 	0.018319 	-0.00123859 	-7.18895e-05
1.06703 	0.0183925 	-0.00123925 	-7.13693e-05
1.06853 	0.0184659 	-0.00123991 	-7.08492e-05
1.07004 	0.0185394 	-0.00124058 	-7.03291e-05
1.07154 	0.0186128 	-0.00124124 	-6.9809e-05
1.07304 	0.0186863 	-0.0012419 	-6.92888e-05
1.07454 	0.0187755 	-0.00124202 	-6.84971e-05
1.07604 	0.0188704 	-0.00124195 	-6.76101e-05
1.07754 	0.0189652 	-0.00124188 	-6.67231e-05
1.07904 	0.0190601 	-0.00124181 	-6.58361e-05
1.08054 	0.0191549 	-0.00124174 	-6.49491e-05
1.08204 	0.0192498 	-0.00124167 	-6.40621e-05
1.08354 	0.0193086 	-0.00124264 	-6.36948e-05
1.08504 	0.019367 	-0.00124363 	-6.33351e-05
1.08654 	0.0194253 	-0.00124462 	-6.29755e-05
1.08804 	0.0194836 	-0.00124561 	-6.26159e-05
1.08954 	0.0195419 	-0.00124661 	-6.22562e-05
1.09105 	0.0196061 	-0.00124606 	-6.18184e-05
1.09255 	0.0196742 	-0.0012445 	-6.13287e-05
1.09405 	0.0197424 	-0.00124294 	-6.0839e-05
1.09555 	0.0198105 	-0.00124138 	-6.03493e-05
1.09705 	0.0198786 	-0.00123982 	-5.98595e-05
1.09855 	0.0199467 	-0.00123826 	-5.93698e-05
1.10005 	0.0200148 	-0.0012367 	-5.88801e-05
1.10155 	0.020083 	-0.00123514 	-5.83904e-05
1.10305 	0.0201511 	-0.00123358 	-5.79007e-05
1.10455 	0.0202192 	-0.00123202 	-5.7411e-05
1.10605 	0.0202873 	-0.00123046 	-5.69213e-05
1.10755 	0.0203554 	-0.0012289 	-5.64316e-05
1.10905 	0.0204235 	-0.00122734 	-5.59419e-05
1.11056 	0.0204917 	-0.00122578 	-5.54522e-05
1.11206 	0.0205598 	-0.00122422 	-5.49624e-05
1.11356 	0.0206279 	-0.00122266 	-5.44727e-05
1.11506 	0.020696 	-0.0012211 	-5.3983e-05
1.11656 	0.0207641 	-0.00121954 	-5.34933e-05
1.11806 	0.0208323 	-0.00121798 	-5.30036e-05
1.11956 	0.0209004 	-0.00121642 	-5.25139e-05
1.12106 	0.0209685 	-0.00121486 	-5.20242e-05
1.12256 	0.0210366 	-0.0012133 	-5.15345e-05
1.12406 	0.0211047 	-0.00121173 	-5.10448e-05
1.12556 	0.0211728 	-0.00121017 	-5.05551e-05
1.12706 	0.021241 	-0.00120861 	-5.00653e-05
1.12856 	0.0213091 	-0.00120705 	-4.95756e-05
1.13007 	0.0213772 	-0.00120549 	-4.90859e-05
1.13157 	0.0214481 	-0.00120362 	-4.85337e-05
1.13307 	0.021528 	-0.0012007 	-4.77762e-05
1.13457 	0.0216079 	-0.00119779 	-4.70187e-05
1.13607 	0.0216878 	-0.00119487 	-4.62612e-05
1.13757 	0.021761 	-0.00119247 	-4.55748e-05
1.13907 	0.0218117 	-0.00119178 	-4.5128e-05
1.14057 	0.0218623 	-0.00119108 	-4.46811e-05
1.14207 	0.021913 	-0.00119039 	-4.42343e-05
1.14357 	0.021965 	-0.00118856 	-4.37035e-05
1.14507 	0.0220184 	-0.0011856 	-4.30904e-05
1.14657 	0.0220718 	-0.00118265 	-4.24773e-05
1.14807 	0.0221252 	-0.00117969 	-4.18642e-05
1.14957 	0.0221786 	-0.00117674 	-4.12511e-05
1.15108 	0.022232 	-0.00117379 	-4.0638e-05
1.15258 	0.0222854 	-0.00117083 	-4.00249e-05
1.15408 	0.0223387 	-0.00116788 	-3.94118e-05
1.15558 	0.0223921 	-0.00116492 	-3.87986e-05
1.15708 	0.0224455 	-0.00116197 	-3.81855e-05
1.15858 	0.0224989 	-0.00115902 	-3.75724e-05
1.16008 	0.0225523 	-0.00115606 	-3.69593e-05
1.16158 	0.0226057 	-0.00115311 	-3.63462e-05
1.16308 	0.0226591 	-0.00115015 	-3.57331e-05
1.16458 	0.0227125 	-0.0011472 	-3.512e-05
1.16608 	0.0227659 	-0.00114424 	-3.45069e-05
1.16758 	0.0228193 	-0.00114129 	-3.38938e-05
1.16908 	0.0228727 	-0.00113834 	-3.32807e-05
1.17059 	0.0229261 	-0.00113538 	-3.26676e-05
1.17209 	0.0229795 	-0.00113243 	-3.20545e-05
1.17359 	0.0230328 	-0.00112947 	-3.14414e-05
1.17509 	0.0230862 	-0.00112652 	-3.08283e-05
1.17659 	0.0231396 	-0.00112357 	-3.02152e-05
1.17809 	0.023193 	-0.00112061 	-2.96021e-05
1.17959 	0.0232464 	-0.00111766 	-2.8989e-05
1.18109 	0.0232998 	-0.0011147 	-2.83759e-05
1.18259 	0.0233532 	-0.00111175 	-2.77627e-05
1.18409 	0.0234066 	-0.00110879 	-2.71496e-05
1.18559 	0.02346 	-0.00110584 	-2.65365e-05
1.18709 	0.0235134 	-0.00110289 	-2.59234e-05
1.18859 	0.0235668 	-0.00109993 	-2.53103e-05
1.1901 	0.0236202 	-0.00109698 	-2.46972e-05
1.1916 	0.0236769 	-0.00109332 	-2.39894e-05
1.1931 	0.0237373 	-0.00108889 	-2.31756e-05
1.1946 	0.0237893 	-0.00108557 	-2.24492e-05
1.1961 	0.0238286 	-0.00108391 	-2.18517e-05
1.1976 	0.0238672 	-0.00108145 	-2.11161e-05
1.1991 	0.0239051 	-0.00107818 	-2.02393e-05
1.2006 	0.023943 	-0.0010749 	-1.93624e-05
1.2021 	0.0239808 	-0.00107163 	-1.84856e-05
1.2036 	0.0240187 	-0.00106835 	-1.76087e-05
1.2051 	0.0240566 	-0.00106508 	-1.67318e-05
1.2066 	0.0240945 	-0.0010618 	-1.5855e-05
1.2081 	0.0241323 	-0.00105853 	-1.49781e-05
1.2096 	0.0241702 	-0.00105525 	-1.41013e-05
1.21111 	0.0242081 	-0.00105198 	-1.32244e-05
1.21261 	0.024246 	-0.0010487 	-1.23475e-05
1.21411 	0.0242838 	-0.00104543 	-1.14707e-05
1.21561 	0.0243217 	-0.00104215 	-1.05938e-05
1.21711 	0.0243596 	-0.00103888 	-9.71696e-06
1.21861 	0.0243974 	-0.0010356 	-8.8401e-06
1.22011 	0.0244353 	-0.00103233 	-7.96324e-06
1.22161 	0.0244732 	-0.00102905 	-7.08638e-06
1.22311 	0.0245111 	-0.00102578 	-6.20952e-06
1.22461 	0.0245489 	-0.0010225 	-5.33266e-06
1.22611 	0.0245868 	-0.00101923 	-4.4558e-06
1.22761 	0.0246247 	-0.00101595 	-3.57894e-06
1.22911 	0.0246626 	-0.00101268 	-2.70208e-06
1.23062 	0.0247004 	-0.0010094 	-1.82522e-06
1.23212 	0.0247383 	-0.00100613 	-9.48358e-07
1.23362 	0.0247762 	-0.00100285 	-7.14983e-08
1.23512 	0.024814 	-0.000999575 	8.05362e-07
1.23662 	0.0248519 	-0.0009963 	1.68222e-06
1.23812 	0.0248898 	-0.000993025 	2.55908e-06
1.23962 	0.0249277 	-0.00098975 	3.43594e-06
1.24112 	0.0249655 	-0.000986475 	4.3128e-06
1.24262 	0.0250034 	-0.0009832 	5.18966e-06
1.24412 	0.0250413 	-0.000979925 	6.06652e-06
1.24562 	0.0250792 	-0.000976649 	6.94338e-06
1.24712 	0.025117 	-0.000973374 	7.82024e-06
1.24862 	0.0251549 	-0.000970099 	8.6971e-06
1.25013 	0.0251928 	-0.000966824 	9.57396e-06
1.25163 	0.0252309 	-0.000963546 	1.04478e-05
1.25313 	0.025261 	-0.00096052 	1.1215e-05
1.25463 	0.0252862 	-0.000957675 	1.19004e-05
1.25613 	0.0253114 	-0.000954829 	1.25857e-05
1.25763 	0.0253366 	-0.000951984 	1.32711e-05
1.25913 	0.0253618 	-0.000949139 	1.39565e-05
1.26063 	0.025387 	-0.000946294 	1.46418e-05
1.26213 	0.0254122 	-0.000943449 	1.53272e-05
1.26363 	0.0254374 	-0.000940603 	1.60126e-05
1.26513 	0.0254627 	-0.000937758 	1.66979e-05
1.26663 	0.0254879 	-0.000934913 	1.73833e-05
1.26813 	0.0255131 	-0.000932068 	1.80686e-05
1.26963 	0.0255383 	-0.000929223 	1.8754e-05
1.27114 	0.0255635 	-0.000926377 	1.94394e-05
1.27264 	0.0255887 	-0.000923532 	2.01247e-05
1.27414 	0.0256139 	-0.000920687 	2.08101e-05
1.27564 	0.0256391 	-0.000917842 	2.14954e-05
1.27714 	0.0256644 	-0.000914997 	2.21808e-05
1.27864 	0.0256896 	-0.000912151 	2.28662e-05
1.28014 	0.0257148 	-0.000909306 	2.35515e-05
1.28164 	0.02574 	-0.000906461 	2.42369e-05
1.28314 	0.0257652 	-0.000903616 	2.49223e-05
1.28464 	0.0257904 	-0.000900771 	2.56076e-05
1.28614 	0.0258156 	-0.000897925 	2.6293e-05
1.28764 	0.0258408 	-0.00089508 	2.69783e-05
1.28914 	0.0258661 	-0.000892235 	2.76637e-05
1.29065 	0.0258913 	-0.00088939 	2.83491e-05
1.29215 	0.0259165 	-0.000886545 	2.90344e-05
1.29365 	0.0259417 	-0.000883699 	2.97198e-05
1.29515 	0.0259669 	-0.000880854 	3.04051e-05
1.29665 	0.0259921 	-0.000878009 	3.10905e-05
1.29815 	0.0260173 	-0.000875164 	3.17759e-05
1.29965 	0.0260425 	-0.000872319 	3.24612e-05
1.30115 	0.0260677 	-0.000869473 	3.31466e-05
1.30265 	0.026093 	-0.000866628 	3.3832e-05
1.30415 	0.0261182 	-0.000863783 	3.45173e-05
1.30565 	0.0261434 	-0.000860938 	3.52027e-05
1.30715 	0.0261686 	-0.000858093 	3.5888e-05
1.30865 	0.0261935 	-0.000855272 	3.65599e-05
1.31016 	0.0262081 	-0.000853271 	3.67829e-05
1.31166 	0.0262228 	-0.000851269 	3.7006e-05
1.31316 	0.0262405 	-0.000848805 	3.73168e-05
1.31466 	0.0262584 	-0.00084631 	3.76335e-05
1.31616 	0.026275 	-0.000844058 	3.78831e-05
1.31766 	0.0262905 	-0.000842 	3.80794e-05
1.31916 	0.026306 	-0.000839941 	3.82757e-05
1.32066 	0.0263215 	-0.000837882 	3.8472e-05
1.32216 	0.0263371 	-0.000835824 	3.86682e-05
1.32366 	0.0263526 	-0.000833765 	3.88645e-05
1.32516 	0.0263681 	-0.000831707 	3.90608e-05
1.32666 	0.0263837 	-0.000829648 	3.92571e-05
1.32816 	0.0263992 	-0.00082759 	3.94534e-05
1.32966 	0.0264147 	-0.000825531 	3.96496e-05
1.33117 	0.0264302 	-0.000823472 	3.98459e-05
1.33267 	0.0264458 	-0.000821414 	4.00422e-05
1.33417 	0.0264613 	-0.000819355 	4.02385e-05
1.33567 	0.0264768 	-0.000817297 	4.04347e-05
1.33717 	0.0264924 	-0.000815238 	4.0631e-05
1.33867 	0.0265079 	-0.000813179 	4.08273e-05
1.34017 	0.0265234 	-0.000811121 	4.10236e-05
1.34167 	0.0265389 	-0.000809062 	4.12198e-05
1.34317 	0.0265545 	-0.000807004 	4.14161e-05
1.34467 	0.02657 	-0.000804945 	4.16124e-05
1.34617 	0.0265855 	-0.000802887 	4.18087e-05
1.34767 	0.0266011 	-0.000800828 	4.2005e-05
1.34917 	0.0266166 	-0.000798769 	4.22012e-05
1.35068 	0.0266321 	-0.000796711 	4.23975e-05
1.35218 	0.0266476 	-0.000794652 	4.25938e-05
1.35368 	0.0266632 	-0.000792594 	4.27901e-05
1.35518 	0.0266787 	-0.000790535 	4.29863e-05
1.35668 	0.0266942 	-0.000788477 	4.31826e-05
1.35818 	0.0267098 	-0.000786418 	4.33789e-05
1.35968 	0.0267253 	-0.000784359 	4.35752e-05
1.36118 	0.0267408 	-0.000782301 	4.37714e-05
1.36268 	0.0267563 	-0.000780242 	4.39677e-05
1.36418 	0.0267719 	-0.000778184 	4.4164e-05
1.36568 	0.0267874 	-0.000776125 	4.43603e-05
1.36718 	0.0267972 	-0.000775118 	4.43449e-05
1.36868 	0.0268053 	-0.000774408 	4.42696e-05
1.37019 	0.0268135 	-0.000773699 	4.41944e-05
1.37169 	0.0268216 	-0.000772989 	4.41191e-05
1.37319 	0.0268315 	-0.00077159 	4.4042e-05
1.37469 	0.0268429 	-0.000769576 	4.39631e-05
1.37619 	0.0268543 	-0.000767562 	4.38843e-05
1.37769 	0.0268657 	-0.000765548 	4.38055e-05
1.37919 	0.0268771 	-0.000763534 	4.37267e-05
1.38069 	0.0268873 	-0.000761996 	4.36317e-05
1.38219 	0.0268969 	-0.000760659 	4.353e-05
1.38369 	0.0269065 	-0.000759323 	4.34282e-05
1.38519 	0.0269161 	-0.000757987 	4.33264e-05
1.38669 	0.0269258 	-0.00075665 	4.32246e-05
1.38819 	0.0269354 	-0.000755314 	4.31228e-05
1.38969 	0.026945 	-0.000753978 	4.3021e-05
1.3912 	0.0269547 	-0.000752641 	4.29193e-05
1.3927 	0.0269643 	-0.000751305 	4.28175e-05
1.3942 	0.0269739 	-0.000749969 	4.27157e-05
1.3957 	0.0269836 	-0.000748632 	4.26139e-05
1.3972 	0.0269932 	-0.000747296 	4.25121e-05
1.3987 	0.0270028 	-0.00074596 	4.24104e-05
1.4002 	0.0270124 	-0.000744623 	4.23086e-05
1.4017 	0.0270221 	-0.000743287 	4.22068e-05
1.4032 	0.0270317 	-0.000741951 	4.2105e-05
1.4047 	0.0270413 	-0.000740614 	4.20032e-05
1.4062 	0.027051 	-0.000739278 	4.19014e-05
1.4077 	0.0270606 	-0.000737942 	4.17997e-05
1.4092 	0.0270702 	-0.000736605 	4.16979e-05
1.41071 	0.0270798 	-0.000735269 	4.15961e-05
1.41221 	0.0270895 	-0.000733933 	4.14943e-05
1.41371 	0.0270991 	-0.000732596 	4.13925e-05
1.41521 	0.0271087 	-0.00073126 	4.12908e-05
1.41671 	0.0271184 	-0.000729924 	4.1189e-05
1.41821 	0.027128 	-0.000728587 	4.10872e-05
1.41971 	0.0271376 	-0.000727251 	4.09854e-05
1.42121 	0.0271473 	-0.000725915 	4.08836e-05
1.42271 	0.0271569 	-0.000724578 	4.07818e-05
1.42421 	0.0271665 	-0.000723254 	4.06796e-05
1.42571 	0.0271714 	-0.000723447 	4.05192e-05
1.42721 	0.0271763 	-0.000723639 	4.03588e-05
1.42871 	0.0271812 	-0.000723831 	4.01984e-05
1.43022 	0.0271861 	-0.000724023 	4.0038e-05
1.43172 	0.027191 	-0.000724216 	3.98776e-05
1.43322 	0.0271959 	-0.000724408 	3.97172e-05
1.43472 	0.0272024 	-0.000723573 	3.95322e-05
1.43622 	0.0272105 	-0.00072178 	3.93242e-05
1.43772 	0.0272186 	-0.000719987 	3.91161e-05
1.43922 	0.0272267 	-0.000718194 	3.89081e-05
1.44072 	0.0272348 	-0.000716401 	3.87001e-05
1.44222 	0.0272429 	-0.000714608 	3.84921e-05
1.44372 	0.0272509 	-0.000712815 	3.82841e-05
1.44522 	0.0272588 	-0.000711173 	3.80912e-05
1.44672 	0.0272653 	-0.000710303 	3.7976e-05
1.44822 	0.0272717 	-0.000709434 	3.78608e-05
1.44972 	0.0272782 	-0.000708565 	3.77456e-05
1.45123 	0.0272847 	-0.000707696 	3.76304e-05
1.45273 	0.0272912 	-0.000706826 	3.75152e-05
1.45423 	0.0272977 	-0.000705957 	3.74e-05
1.45573 	0.0273041 	-0.000705088 	3.72848e-05
1.45723 	0.0273106 	-0.000704218 	3.71697e-05
1.45873 	0.0273171 	-0.000703349 	3.70545e-05
1.46023 	0.0273236 	-0.00070248 	3.69393e-05
1.46173 	0.0273301 	-0.000701611 	3.68241e-05
1.46323 	0.0273366 	-0.000700741 	3.67089e-05
1.46473 	0.027343 	-0.000699872 	3.65937e-05
1.46623 	0.0273495 	-0.000699003 	3.64785e-05
1.46773 	0.027356 	-0.000698134 	3.63633e-05
1.46923 	0.0273625 	-0.000697264 	3.62481e-05
1.47074 	0.027369 	-0.000696395 	3.61329e-05
1.47224 	0.0273754 	-0.000695526 	3.60178e-05
1.47374 	0.0273819 	-0.000694656 	3.59026e-05
1.47524 	0.0273884 	-0.000693787 	3.57874e-05
1.47674 	0.0273949 	-0.000692918 	3.56722e-05
1.47824 	0.0274014 	-0.000692049 	3.5557e-05
1.47974 	0.0274079 	-0.000691179 	3.54418e-05
1.48124 	0.0274143 	-0.00069031 	3.53266e-05
1.48274 	0.0274208 	-0.000689441 	3.52114e-05
1.48424 	0.0274252 	-0.000689563 	3.52077e-05
1.48574 	0.0274292 	-0.000689892 	3.52271e-05
1.48724 	0.0274331 	-0.000690221 	3.52466e-05
1.48874 	0.0274371 	-0.00069055 	3.52661e-05
1.49025 	0.0274411 	-0.000690878 	3.52856e-05
1.49175 	0.027445 	-0.000691207 	3.53051e-05
1.49325 	0.027449 	-0.000691536 	3.53246e-05
1.49475 	0.027453 	-0.000691865 	3.53441e-05
1.49625 	0.027457 	-0.000692117 	3.53618e-05
1.49775 	0.027463 	-0.000690679 	3.53407e-05
1.49925 	0.0274689 	-0.000689242 	3.53197e-05
1.50075 	0.0274749 	-0.000687804 	3.52987e-05
1.50225 	0.0274808 	-0.000686367 	3.52777e-05
1.50375 	0.0274868 	-0.00068493 	3.52566e-05
1.50525 	0.0274927 	-0.000683492 	3.52356e-05
1.50675 	0.0274987 	-0.000682055 	3.52146e-05
1.50825 	0.0275046 	-0.000680618 	3.51936e-05
1.50975 	0.0275106 	-0.00067918 	3.51725e-05
1.51126 	0.0275165 	-0.000677838 	3.51614e-05
1.51276 	0.0275216 	-0.000677205 	3.52238e-05
1.51426 	0.0275266 	-0.000676572 	3.52862e-05
1.51576 	0.0275317 	-0.000675938 	3.53486e-05
1.51726 	0.0275368 	-0.000675305 	3.5411e-05
1.51876 	0.0275419 	-0.000674672 	3.54733e-05
1.52026 	0.027547 	-0.000674038 	3.55357e-05
1.52176 	0.0275521 	-0.000673405 	3.55981e-05
1.52326 	0.0275572 	-0.000672771 	3.56605e-05
1.52476 	0.0275623 	-0.000672138 	3.57229e-05
1.52626 	0.0275674 	-0.000671505 	3.57852e-05
1.52776 	0.0275725 	-0.000670871 	3.58476e-05
1.52926 	0.0275776 	-0.000670238 	3.591e-05
1.53077 	0.0275827 	-0.000669604 	3.59724e-05
1.53227 	0.0275878 	-0.000668971 	3.60348e-05
1.53377 	0.0275928 	-0.000668338 	3.60971e-05
1.53527 	0.0275979 	-0.000667704 	3.61595e-05
1.53677 	0.027603 	-0.000667071 	3.62219e-05
1.53827 	0.0276081 	-0.000666437 	3.62843e-05
1.53977 	0.0276132 	-0.000665804 	3.63467e-05
1.54127 	0.0276183 	-0.000665171 	3.6409e-05
1.54277 	0.027623 	-0.000664891 	3.65128e-05
1.54427 	0.0276269 	-0.000665258 	3.66921e-05
1.54577 	0.0276308 	-0.000665624 	3.68714e-05
1.54727 	0.0276347 	-0.00066599 	3.70507e-05
1.54877 	0.0276386 	-0.000666356 	3.723e-05
1.55028 	0.0276425 	-0.000666723 	3.74093e-05
1.55178 	0.0276464 	-0.000667089 	3.75886e-05
1.55328 	0.0276503 	-0.000667455 	3.77679e-05
1.55478 	0.0276542 	-0.000667822 	3.79472e-05
1.55628 	0.0276581 	-0.000668188 	3.81265e-05
1.55778 	0.027662 	-0.000668554 	3.83058e-05
1.55928 	0.0276663 	-0.000668504 	3.84781e-05
1.56078 	0.0276717 	-0.00066724 	3.86301e-05
1.56228 	0.0276771 	-0.000665977 	3.87821e-05
1.56378 	0.0276825 	-0.000664713 	3.8934e-05
1.56528 	0.0276879 	-0.00066345 	3.9086e-05
1.56678 	0.0276933 	-0.000662187 	3.9238e-05
1.56828 	0.0276988 	-0.000660923 	3.93899e-05
1.56978 	0.0277042 	-0.00065966 	3.95419e-05
1.57129 	0.0277096 	-0.000658396 	3.96939e-05
1.57279 	0.027715 	-0.000657133 	3.98458e-05
1.57429 	0.0277204 	-0.00065587 	3.99978e-05
1.57579 	0.0277258 	-0.000654606 	4.01498e-05
1.57729 	0.0277313 	-0.000653343 	4.03018e-05
1.57879 	0.0277362 	-0.000652633 	4.03912e-05
1.58029 	0.0277409 	-0.000652102 	4.04603e-05
1.58179 	0.0277457 	-0.000651572 	4.05294e-05
1.58329 	0.0277504 	-0.000651042 	4.05985e-05
1.58479 	0.0277552 	-0.000650512 	4.06675e-05
1.58629 	0.0277599 	-0.000649982 	4.07366e-05
1.58779 	0.0277647 	-0.000649452 	4.08057e-05
1.58929 	0.0277694 	-0.000648922 	4.08748e-05
1.5908 	0.0277742 	-0.000648392 	4.09439e-05
1.5923 	0.0277789 	-0.000647861 	4.1013e-05
1.5938 	0.0277837 	-0.000647331 	4.10821e-05
1.5953 	0.0277884 	-0.000646801 	4.11512e-05
1.5968 	0.0277932 	-0.000646271 	4.12203e-05
1.5983 	0.0277979 	-0.000645741 	4.12893e-05
1.5998 	0.0278027 	-0.000645211 	4.13584e-05
1.6013 	0.0278074 	-0.000644681 	4.14275e-05
1.6028 	0.0278116 	-0.000644772 	4.14165e-05
1.6043 	0.0278156 	-0.00064512 	4.13726e-05
1.6058 	0.0278196 	-0.000645468 	4.13286e-05
1.6073 	0.0278236 	-0.000645815 	4.12846e-05
1.6088 	0.0278276 	-0.000646163 	4.12406e-05
1.61031 	0.0278316 	-0.000646511 	4.11966e-05
1.61181 	0.0278356 	-0.000646859 	4.11527e-05
1.61331 	0.0278396 	-0.000647207 	4.11087e-05
1.61481 	0.0278436 	-0.000647554 	4.10647e-05
1.61631 	0.0278476 	-0.000647902 	4.10207e-05
1.61781 	0.0278516 	-0.00064825 	4.09767e-05
1.61931 	0.0278556 	-0.000648598 	4.09328e-05
1.62081 	0.0278596 	-0.000648945 	4.08888e-05
1.62231 	0.027864 	-0.000648821 	4.08358e-05
1.62381 	0.0278694 	-0.00064762 	4.07623e-05
1.62531 	0.0278748 	-0.000646418 	4.06888e-05
1.62681 	0.0278803 	-0.000645217 	4.06152e-05
1.62831 	0.0278857 	-0.000644016 	4.05417e-05
1.62981 	0.0278911 	-0.000642814 	4.04682e-05
1.63132 	0.0278965 	-0.000641613 	4.03947e-05
1.63282 	0.0279019 	-0.000640412 	4.03212e-05
1.63432 	0.0279073 	-0.00063921 	4.02477e-05
1.63582 	0.0279128 	-0.000638009 	4.01741e-05
1.63732 	0.0279182 	-0.000636808 	4.01006e-05
1.63882 	0.0279236 	-0.000635607 	4.00271e-05
1.64032 	0.027929 	-0.000634405 	3.99536e-05
1.64182 	0.0279344 	-0.000633204 	3.98801e-05
1.64332 	0.0279398 	-0.000632003 	3.98066e-05
1.64482 	0.027945 	-0.000630989 	3.97383e-05
1.64632 	0.0279494 	-0.000630508 	3.96847e-05
1.64782 	0.0279538 	-0.000630027 	3.96312e-05
1.64932 	0.0279582 	-0.000629546 	3.95777e-05
1.65083 	0.0279627 	-0.000629065 	3.95241e-05
1.65233 	0.0279671 	-0.000628584 	3.94706e-05
1.65383 	0.0279715 	-0.000628103 	3.94171e-05
1.65533 	0.0279759 	-0.000627622 	3.93635e-05
1.65683 	0.0279803 	-0.000627141 	3.931e-05
1.65833 	0.0279848 	-0.000626659 	3.92565e-05
1.65983 	0.0279892 	-0.000626178 	3.92029e-05
1.66133 	0.0279936 	-0.000625706 	3.91497e-05
1.66283 	0.0279973 	-0.000626029 	3.91228e-05
1.66433 	0.028001 	-0.000626351 	3.90959e-05
1.66583 	0.0280047 	-0.000626674 	3.9069e-05
1.66733 	0.0280085 	-0.000626996 	3.9042e-05
1.66883 	0.0280122 	-0.000627319 	3.90151e-05
1.67034 	0.0280159 	-0.000627641 	3.89882e-05
1.67184 	0.0280196 	-0.000627964 	3.89613e-05
1.67334 	0.0280233 	-0.000628286 	3.89344e-05
1.67484 	0.0280271 	-0.000628609 	3.89074e-05
1.67634 	0.0280308 	-0.000628931 	3.88805e-05
1.67784 	0.0280345 	-0.000629254 	3.88536e-05
1.67934 	0.0280382 	-0.000629576 	3.88267e-05
1.68084 	0.0280419 	-0.000629899 	3.87998e-05
1.68234 	0.0280457 	-0.000630221 	3.87729e-05
1.68384 	0.0280494 	-0.000630544 	3.87459e-05
1.68534 	0.0280539 	-0.000630326 	3.87093e-05
1.68684 	0.0280598 	-0.000629083 	3.86543e-05
1.68834 	0.0280657 	-0.00062784 	3.85992e-05
1.68984 	0.0280716 	-0.000626596 	3.85442e-05
1.69135 	0.0280775 	-0.000625353 	3.84891e-05
1.69285 	0.0280834 	-0.00062411 	3.84341e-05
1.69435 	0.0280893 	-0.000622867 	3.83791e-05
1.69585 	0.0280953 	-0.000621623 	3.8324e-05
1.69735 	0.0281012 	-0.00062038 	3.8269e-05
1.69885 	0.0281071 	-0.000619137 	3.82139e-05
1.70035 	0.028113 	-0.000617894 	3.81589e-05
1.70185 	0.0281189 	-0.00061665 	3.81038e-05
1.70335 	0.0281248 	-0.000615407 	3.80488e-05
1.70485 	0.0281307 	-0.000614164 	3.79938e-05
1.70635 	0.0281367 	-0.000612921 	3.79387e-05
1.70785 	0.0281426 	-0.000611677 	3.78837e-05
1.70935 	0.0281485 	-0.000610434 	3.78286e-05
1.71086 	0.0281544 	-0.000609191 	3.77736e-05
1.71236 	0.0281588 	-0.000608589 	3.77384e-05
1.71386 	0.0281629 	-0.000608116 	3.77072e-05
1.71536 	0.028167 	-0.000607644 	3.7676e-05
1.71686 	0.0281711 	-0.000607171 	3.76448e-05
1.71836 	0.0281753 	-0.000606698 	3.76136e-05
1.71986 	0.0281794 	-0.000606225 	3.75825e-05
1.72136 	0.0281829 	-0.000606082 	3.7569e-05
1.72286 	0.0281854 	-0.000606461 	3.75839e-05
1.72436 	0.0281879 	-0.000606841 	3.75987e-05
1.72586 	0.0281904 	-0.00060722 	3.76136e-05
1.72736 	0.0281929 	-0.0006076 	3.76284e-05
1.72886 	0.0281954 	-0.000607979 	3.76432e-05
1.73037 	0.028198 	-0.000608359 	3.76581e-05
1.73187 	0.0282005 	-0.000608738 	3.76729e-05
1.73337 	0.028203 	-0.000609118 	3.76877e-05
1.73487 	0.0282055 	-0.000609497 	3.77026e-05
1.73637 	0.028208 	-0.000609877 	3.77174e-05
1.73787 	0.0282105 	-0.000610256 	3.77323e-05
1.73937 	0.028213 	-0.000610636 	3.77471e-05
1.74087 	0.0282156 	-0.000611015 	3.77619e-05
1.74237 	0.0282181 	-0.000611395 	3.77768e-05
1.74387 	0.0282206 	-0.000611774 	3.77916e-05
1.74537 	0.0282231 	-0.000612154 	3.78064e-05
1.74687 	0.0282256 	-0.000612533 	3.78213e-05
1.74837 	0.0282287 	-0.000612144 	3.78332e-05
1.74987 	0.0282323 	-0.000611075 	3.78427e-05
1.75138 	0.0282359 	-0.000610007 	3.78521e-05
1.75288 	0.0282395 	-0.000608938 	3.78616e-05
1.75438 	0.0282432 	-0.00060787 	3.7871e-05
1.75588 	0.0282468 	-0.000606801 	3.78804e-05
1.75738 	0.0282504 	-0.000605733 	3.78899e-05
1.75888 	0.028254 	-0.000604664 	3.78993e-05
1.76038 	0.0282576 	-0.000603596 	3.79087e-05
1.76188 	0.0282612 	-0.000602528 	3.79182e-05
1.76338 	0.0282648 	-0.000601459 	3.79276e-05
1.76488 	0.0282684 	-0.000600391 	3.7937e-05
1.76638 	0.028272 	-0.000599322 	3.79465e-05
1.76788 	0.0282756 	-0.000598254 	3.79559e-05
1.76938 	0.0282792 	-0.000597185 	3.79654e-05
1.77089 	0.0282828 	-0.000596117 	3.79748e-05
1.77239 	0.0282865 	-0.000595048 	3.79842e-05
1.77389 	0.0282901 	-0.00059398 	3.79937e-05
1.77539 	0.0282937 	-0.000592911 	3.80031e-05
1.77689 	0.0282973 	-0.000591843 	3.80125e-05
1.77839 	0.0283014 	-0.000591141 	3.80131e-05
1.77989 	0.0283058 	-0.000590629 	3.80091e-05
1.78139 	0.0283112 	-0.000590732 	3.80036e-05
1.78289 	0.0283167 	-0.000590864 	3.79979e-05
1.78439 	0.0283222 	-0.000590996 	3.79922e-05
1.78589 	0.0283277 	-0.000591128 	3.79866e-05
1.78739 	0.0283331 	-0.000591261 	3.79809e-05
1.78889 	0.0283386 	-0.000591393 	3.79752e-05
1.7904 	0.0283441 	-0.000591525 	3.79696e-05
1.7919 	0.0283495 	-0.000591657 	3.79639e-05
1.7934 	0.028355 	-0.000591789 	3.79582e-05
1.7949 	0.0283605 	-0.000591921 	3.79526e-05
1.7964 	0.0283659 	-0.000592053 	3.79469e-05
1.7979 	0.0283714 	-0.000592186 	3.79412e-05
1.7994 	0.0283769 	-0.000592318 	3.79355e-05
1.8009 	0.0283824 	-0.00059245 	3.79299e-05
1.8024 	0.0283878 	-0.000592582 	3.79242e-05
1.8039 	0.0283933 	-0.000592714 	3.79185e-05
1.8054 	0.0283988 	-0.000592846 	3.79129e-05
1.8069 	0.0284042 	-0.000592978 	3.79072e-05
1.8084 	0.0284097 	-0.000593111 	3.79015e-05
1.8099 	0.0284152 	-0.000593224 	3.7896e-05
1.81141 	0.02842 	-0.000592107 	3.78973e-05
1.81291 	0.0284248 	-0.000590991 	3.78986e-05
1.81441 	0.0284296 	-0.000589875 	3.79e-05
1.81591 	0.0284344 	-0.000588759 	3.79013e-05
1.81741 	0.0284392 	-0.000587642 	3.79026e-05
1.81891 	0.0284441 	-0.000586526 	3.7904e-05
1.82041 	0.0284489 	-0.00058541 	3.79053e-05
1.82191 	0.0284537 	-0.000584294 	3.79066e-05
1.82341 	0.0284585 	-0.000583177 	3.7908e-05
1.82491 	0.0284633 	-0.000582061 	3.79093e-05
1.82641 	0.0284681 	-0.000580945 	3.79106e-05
1.82791 	0.0284729 	-0.000579828 	3.7912e-05
1.82941 	0.0284778 	-0.000578712 	3.79133e-05
1.83092 	0.0284826 	-0.000577596 	3.79146e-05
1.83242 	0.0284874 	-0.00057648 	3.7916e-05
1.83392 	0.0284922 	-0.000575363 	3.79173e-05
1.83542 	0.028497 	-0.000574247 	3.79186e-05
1.83692 	0.0285018 	-0.000573131 	3.79199e-05
1.83842 	0.0285066 	-0.000572014 	3.79213e-05
1.83992 	0.0285114 	-0.000571452 	3.79246e-05
1.84142 	0.0285161 	-0.000571015 	3.79285e-05
1.84292 	0.0285208 	-0.000570579 	3.79323e-05
1.84442 	0.0285258 	-0.00057067 	3.79457e-05
1.84592 	0.0285308 	-0.000570781 	3.79595e-05
1.84742 	0.0285358 	-0.000570891 	3.79733e-05
1.84892 	0.0285408 	-0.000571001 	3.79871e-05
1.85043 	0.0285458 	-0.000571112 	3.80008e-05
1.85193 	0.0285508 	-0.000571222 	3.80146e-05
1.85343 	0.0285558 	-0.000571332 	3.80284e-05
1.85493 	0.0285608 	-0.000571443 	3.80422e-05
1.85643 	0.0285658 	-0.000571553 	3.80559e-05
1.85793 	0.0285708 	-0.000571663 	3.80697e-05
1.85943 	0.0285758 	-0.000571774 	3.80835e-05
1.86093 	0.0285808 	-0.000571884 	3.80973e-05
1.86243 	0.0285858 	-0.000571994 	3.8111e-05
1.86393 	0.0285908 	-0.000572105 	3.81248e-05
1.86543 	0.0285958 	-0.000572215 	3.81386e-05
1.86693 	0.0286008 	-0.000572325 	3.81524e-05
1.86843 	0.0286058 	-0.000572436 	3.81661e-05
1.86993 	0.0286108 	-0.000572546 	3.81799e-05
1.87144 	0.0286158 	-0.000572656 	3.81937e-05
1.87294 	0.028621 	-0.000571606 	3.82076e-05
1.87444 	0.0286262 	-0.000570488 	3.82216e-05
1.87594 	0.0286313 	-0.00056937 	3.82355e-05
1.87744 	0.0286365 	-0.000568251 	3.82494e-05
1.87894 	0.0286417 	-0.000567133 	3.82634e-05
1.88044 	0.0286469 	-0.000566015 	3.82773e-05
1.88194 	0.0286521 	-0.000564897 	3.82912e-05
1.88344 	0.0286573 	-0.000563779 	3.83052e-05
1.88494 	0.0286625 	-0.000562661 	3.83191e-05
1.88644 	0.0286677 	-0.000561543 	3.83331e-05
1.88794 	0.0286729 	-0.000560425 	3.8347e-05
1.88944 	0.0286781 	-0.000559307 	3.83609e-05
1.89095 	0.0286833 	-0.000558189 	3.83749e-05
1.89245 	0.0286885 	-0.000557071 	3.83888e-05
1.89395 	0.0286937 	-0.000555953 	3.84027e-05
1.89545 	0.0286989 	-0.000554835 	3.84167e-05
1.89695 	0.028704 	-0.000553808 	3.84211e-05
1.89845 	0.0287082 	-0.000553672 	3.83318e-05
1.89995 	0.0287125 	-0.000553537 	3.82426e-05
1.90145 	0.0287168 	-0.000553401 	3.81533e-05
1.90295 	0.028721 	-0.000553266 	3.8064e-05
1.90445 	0.0287253 	-0.00055313 	3.79748e-05
1.90595 	0.0287296 	-0.000552995 	3.78855e-05
1.90745 	0.0287338 	-0.00055286 	3.77962e-05
1.90895 	0.0287377 	-0.000553454 	3.76489e-05
1.91046 	0.0287416 	-0.00055412 	3.74958e-05
1.91196 	0.0287454 	-0.000554785 	3.73428e-05
1.91346 	0.0287493 	-0.000555451 	3.71898e-05
1.91496 	0.0287531 	-0.000556116 	3.70368e-05
1.91646 	0.028757 	-0.000556782 	3.68838e-05
1.91796 	0.0287609 	-0.000557448 	3.67307e-05
1.91946 	0.0287647 	-0.000558113 	3.65777e-05
1.92096 	0.0287686 	-0.000558779 	3.64247e-05
1.92246 	0.0287724 	-0.000559444 	3.62717e-05
1.92396 	0.0287763 	-0.00056011 	3.61187e-05
1.92546 	0.0287801 	-0.000560775 	3.59656e-05
1.92696 	0.028784 	-0.000561441 	3.58126e-05
1.92846 	0.0287878 	-0.000562107 	3.56596e-05
1.92996 	0.0287917 	-0.000562772 	3.55066e-05
1.93147 	0.0287956 	-0.000563438 	3.53536e-05
1.93297 	0.0287994 	-0.000564096 	3.52059e-05
1.93447 	0.0288031 	-0.000564744 	3.50644e-05
1.93597 	0.0288068 	-0.000565393 	3.49229e-05
1.93747 	0.0288105 	-0.000566042 	3.47814e-05
1.93897 	0.0288142 	-0.000566691 	3.46399e-05
1.94047 	0.0288179 	-0.00056734 	3.44984e-05
1.94197 	0.0288216 	-0.000567989 	3.43569e-05
1.94347 	0.0288254 	-0.000568638 	3.42154e-05
1.94497 	0.0288291 	-0.000569286 	3.40739e-05
1.94647 	0.0288328 	-0.000569935 	3.39324e-05
1.94797 	0.0288365 	-0.000570584 	3.37909e-05
1.94947 	0.0288402 	-0.000571233 	3.36494e-05
1.95098 	0.0288439 	-0.000571882 	3.35079e-05
1.95248 	0.0288477 	-0.000572531 	3.33664e-05
1.95398 	0.0288514 	-0.00057318 	3.32249e-05
1.95548 	0.0288561 	-0.000572934 	3.30754e-05
1.95698 	0.0288609 	-0.000572603 	3.29253e-05
1.95848 	0.0288657 	-0.000572273 	3.27751e-05
1.95998 	0.0288705 	-0.000571942 	3.26249e-05
1.96148 	0.0288753 	-0.000571611 	3.24747e-05
1.96298 	0.02888 	-0.000571281 	3.23245e-05
1.96448 	0.0288848 	-0.00057095 	3.21743e-05
1.96598 	0.0288896 	-0.000570619 	3.20241e-05
1.96748 	0.0288944 	-0.000570289 	3.18739e-05
1.96898 	0.0288992 	-0.000569958 	3.17237e-05
1.97049 	0.028904 	-0.000569627 	3.15735e-05
1.97199 	0.0289094 	-0.000568727 	3.1416e-05
1.97349 	0.0289151 	-0.000567511 	3.12544e-05
1.97499 	0.0289208 	-0.000566295 	3.10929e-05
1.97649 	0.0289266 	-0.000565079 	3.09313e-05
1.97799 	0.0289323 	-0.000563864 	3.07698e-05
1.97949 	0.028938 	-0.000562648 	3.06082e-05
1.98099 	0.0289437 	-0.000561432 	3.04467e-05
1.98249 	0.0289494 	-0.000560217 	3.02851e-05
1.98399 	0.0289551 	-0.000559001 	3.01236e-05
1.98549 	0.0289609 	-0.000557785 	2.9962e-05
1.98699 	0.0289666 	-0.000556569 	2.98004e-05
1.98849 	0.0289723 	-0.000555354 	2.96389e-05
1.98999 	0.028978 	-0.000554138 	2.94773e-05
1.9915 	0.0289837 	-0.000552922 	2.93158e-05
1.993 	0.0289886 	-0.000552562 	2.91617e-05
1.9945 	0.028993 	-0.000552568 	2.90107e-05
1.996 	0.0289975 	-0.000552574 	2.88598e-05
1.9975 	0.0290019 	-0.00055258 	2.87089e-05
1.999 	0.0290064 	-0.000552586 	2.85579e-05
2.0005 	0.0290109 	-0.000552592 	2.8407e-05
2.002 	0.0290153 	-0.000552598 	2.8256e-05
2.0035 	0.0290198 	-0.000552604 	2.81051e-05
2.005 	0.0290242 	-0.00055261 	2.79542e-05
2.0065 	0.0290287 	-0.000552616 	2.78032e-05
2.008 	0.0290332 	-0.000552622 	2.76523e-05
2.0095 	0.0290376 	-0.000552628 	2.75014e-05
2.01101 	0.0290423 	-0.000552382 	2.74007e-05
2.01251 	0.0290474 	-0.000551731 	2.73807e-05
2.01401 	0.0290524 	-0.00055108 	2.73607e-05
2.01551 	0.0290575 	-0.00055043 	2.73407e-05
2.01701 	0.0290626 	-0.000549779 	2.73207e-05
2.01851 	0.0290676 	-0.000549128 	2.73007e-05
2.02001 	0.0290727 	-0.000548477 	2.72807e-05
2.02151 	0.0290778 	-0.000547827 	2.72607e-05
2.02301 	0.0290828 	-0.000547176 	2.72406e-05
2.02451 	0.0290879 	-0.000546525 	2.72206e-05
2.02601 	0.029093 	-0.000545875 	2.72006e-05
2.02751 	0.029098 	-0.000545224 	2.71806e-05
2.02901 	0.0291031 	-0.000544573 	2.71606e-05
2.03052 	0.0291082 	-0.000543923 	2.71406e-05
2.03202 	0.0291132 	-0.000543272 	2.71206e-05
2.03352 	0.0291185 	-0.000542426 	2.71267e-05
2.03502 	0.0291241 	-0.000541162 	2.71889e-05
2.03652 	0.0291297 	-0.000539897 	2.72511e-05
2.03802 	0.0291353 	-0.000538632 	2.73132e-05
2.03952 	0.0291408 	-0.000537368 	2.73754e-05
2.04102 	0.0291464 	-0.000536103 	2.74376e-05
2.04252 	0.029152 	-0.000534838 	2.74998e-05
2.04402 	0.0291576 	-0.000533574 	2.75619e-05
2.04552 	0.0291632 	-0.000532309 	2.76241e-05
2.04702 	0.0291688 	-0.000531044 	2.76863e-05
2.04852 	0.0291744 	-0.000529779 	2.77485e-05
2.05003 	0.02918 	-0.000528515 	2.78106e-05
2.05153 	0.0291847 	-0.000528228 	2.78577e-05
2.05303 	0.0291891 	-0.000528213 	2.79006e-05
2.05453 	0.0291936 	-0.000528198 	2.79434e-05
2.05603 	0.029198 	-0.000528182 	2.79863e-05
2.05753 	0.0292024 	-0.000528167 	2.80291e-05
2.05903 	0.0292068 	-0.000528152 	2.8072e-05
2.06053 	0.0292113 	-0.000528137 	2.81148e-05
2.06203 	0.0292157 	-0.000528122 	2.81577e-05
2.06353 	0.0292201 	-0.000528107 	2.82006e-05
2.06503 	0.0292246 	-0.000528092 	2.82434e-05
2.06653 	0.0292293 	-0.000527674 	2.82927e-05
2.06803 	0.0292341 	-0.000526991 	2.83463e-05
2.06953 	0.0292389 	-0.000526309 	2.83998e-05
2.07104 	0.0292438 	-0.000525626 	2.84534e-05
2.07254 	0.0292486 	-0.000524944 	2.85069e-05
2.07404 	0.0292535 	-0.000524261 	2.85605e-05
2.07554 	0.0292583 	-0.000523579 	2.8614e-05
2.07704 	0.0292632 	-0.000522896 	2.86676e-05
2.07854 	0.029268 	-0.000522214 	2.87211e-05
2.08004 	0.0292729 	-0.000521531 	2.87747e-05
2.08154 	0.0292777 	-0.000520849 	2.88282e-05
2.08304 	0.0292826 	-0.000520166 	2.88818e-05
2.08454 	0.0292874 	-0.000519484 	2.89353e-05
2.08604 	0.0292923 	-0.000518801 	2.89889e-05
2.08754 	0.0292971 	-0.000518119 	2.90424e-05
2.08904 	0.029302 	-0.000517436 	2.9096e-05
2.09055 	0.0293068 	-0.000516754 	2.91495e-05
2.09205 	0.0293117 	-0.000516071 	2.92031e-05
2.09355 	0.0293165 	-0.000515349 	2.9257e-05
2.09505 	0.0293214 	-0.000514098 	2.93164e-05
2.09655 	0.0293262 	-0.000512847 	2.93758e-05
2.09805 	0.029331 	-0.000511596 	2.94351e-05
2.09955 	0.0293358 	-0.000510345 	2.94945e-05
2.10105 	0.0293407 	-0.000509094 	2.95539e-05
2.10255 	0.0293455 	-0.000507843 	2.96132e-05
2.10405 	0.0293503 	-0.000506592 	2.96726e-05
2.10555 	0.0293552 	-0.000505341 	2.9732e-05
2.10705 	0.02936 	-0.00050409 	2.97913e-05
2.10855 	0.0293646 	-0.000503779 	2.98384e-05
2.11006 	0.0293692 	-0.000503674 	2.98827e-05
2.11156 	0.0293738 	-0.000503568 	2.9927e-05
2.11306 	0.0293784 	-0.000503462 	2.99713e-05
2.11456 	0.029383 	-0.000503357 	3.00156e-05
2.11606 	0.0293875 	-0.000503251 	3.00599e-05
2.11756 	0.0293921 	-0.000503146 	3.01042e-05
2.11906 	0.0293967 	-0.00050304 	3.01485e-05
2.12056 	0.0294009 	-0.000502585 	3.01715e-05
2.12206 	0.0294048 	-0.000501953 	3.01836e-05
2.12356 	0.0294088 	-0.000501321 	3.01958e-05
2.12506 	0.0294127 	-0.000500689 	3.0208e-05
2.12656 	0.0294167 	-0.000500057 	3.02201e-05
2.12806 	0.0294207 	-0.000499426 	3.02323e-05
2.12956 	0.0294246 	-0.000498794 	3.02444e-05
2.13107 	0.0294286 	-0.000498162 	3.02566e-05
2.13257 	0.0294325 	-0.00049753 	3.02687e-05
2.13407 	0.0294365 	-0.000496898 	3.02809e-05
2.13557 	0.0294405 	-0.000496266 	3.0293e-05
2.13707 	0.0294444 	-0.000495635 	3.03052e-05
2.13857 	0.0294484 	-0.000495003 	3.03173e-05
2.14007 	0.0294523 	-0.000494371 	3.03295e-05
2.14157 	0.0294563 	-0.000493739 	3.03416e-05
2.14307 	0.0294602 	-0.000493107 	3.03538e-05
2.14457 	0.0294642 	-0.000492475 	3.03659e-05
2.14607 	0.0294682 	-0.000491843 	3.03781e-05
2.14757 	0.0294721 	-0.000491212 	3.03902e-05
2.14907 	0.0294761 	-0.00049058 	3.04024e-05
2.15058 	0.02948 	-0.000489948 	3.04146e-05
2.15208 	0.029484 	-0.000489307 	3.04263e-05
2.15358 	0.0294871 	-0.000488219 	3.04184e-05
2.15508 	0.0294903 	-0.000487132 	3.04105e-05
2.15658 	0.0294934 	-0.000486045 	3.04027e-05
2.15808 	0.0294965 	-0.000484958 	3.03948e-05
2.15958 	0.0294997 	-0.000483871 	3.03869e-05
2.16108 	0.0295028 	-0.000482783 	3.0379e-05
2.16258 	0.029506 	-0.000481696 	3.03712e-05
2.16408 	0.0295082 	-0.000481774 	3.03458e-05
2.16558 	0.0295104 	-0.00048196 	3.03188e-05
2.16708 	0.0295125 	-0.000482146 	3.02918e-05
2.16858 	0.0295147 	-0.000482332 	3.02648e-05
2.17009 	0.0295168 	-0.000482517 	3.02378e-05
2.17159 	0.029519 	-0.000482703 	3.02108e-05
2.17309 	0.029522 	-0.000482365 	3.02549e-05
2.17459 	0.0295254 	-0.000481743 	3.03374e-05
2.17609 	0.0295288 	-0.000481122 	3.04198e-05
2.17759 	0.0295322 	-0.0004805 	3.05023e-05
2.17909 	0.0295356 	-0.000479879 	3.05848e-05
2.18059 	0.029539 	-0.000479257 	3.06672e-05
2.18209 	0.0295424 	-0.000478636 	3.07497e-05
2.18359 	0.0295458 	-0.000478014 	3.08321e-05
2.18509 	0.0295492 	-0.000477393 	3.09146e-05
2.18659 	0.0295526 	-0.000476771 	3.09971e-05
2.18809 	0.029556 	-0.00047615 	3.10795e-05
2.18959 	0.0295594 	-0.000475528 	3.1162e-05
2.1911 	0.0295628 	-0.000474907 	3.12444e-05
2.1926 	0.0295662 	-0.000474285 	3.13269e-05
2.1941 	0.0295696 	-0.000473664 	3.14093e-05
2.1956 	0.0295731 	-0.000473042 	3.14918e-05
2.1971 	0.0295765 	-0.000472421 	3.15743e-05
2.1986 	0.0295799 	-0.000471799 	3.16567e-05
2.2001 	0.0295833 	-0.000471178 	3.17392e-05
2.2016 	0.0295867 	-0.000470556 	3.18216e-05
2.2031 	0.0295901 	-0.000469935 	3.19041e-05
2.2046 	0.0295935 	-0.000469313 	3.19866e-05
2.2061 	0.0295969 	-0.000468692 	3.2069e-05
2.2076 	0.0296003 	-0.000468071 	3.21515e-05
2.2091 	0.0296041 	-0.000467225 	3.22554e-05
2.21061 	0.0296091 	-0.000465791 	3.24156e-05
2.21211 	0.029614 	-0.000464357 	3.25759e-05
2.21361 	0.029619 	-0.000462923 	3.27362e-05
2.21511 	0.0296239 	-0.000461489 	3.28965e-05
2.21661 	0.0296286 	-0.000460268 	3.30501e-05
2.21811 	0.0296316 	-0.00046024 	3.31669e-05
2.21961 	0.0296346 	-0.000460212 	3.32837e-05
2.22111 	0.0296376 	-0.000460184 	3.34004e-05
2.22261 	0.0296406 	-0.000460156 	3.35172e-05
2.22411 	0.0296439 	-0.00045971 	3.37313e-05
2.22561 	0.0296473 	-0.000459023 	3.40014e-05
2.22711 	0.0296507 	-0.000458336 	3.42715e-05
2.22861 	0.0296541 	-0.000457649 	3.45416e-05
2.23012 	0.0296575 	-0.000456962 	3.48117e-05
2.23162 	0.0296609 	-0.000456275 	3.50818e-05
2.23312 	0.0296643 	-0.000455588 	3.53519e-05
2.23462 	0.0296677 	-0.000454901 	3.5622e-05
2.23612 	0.029671 	-0.000454213 	3.58921e-05
2.23762 	0.0296744 	-0.000453526 	3.61622e-05
2.23912 	0.0296778 	-0.000452839 	3.64323e-05
2.24062 	0.0296812 	-0.000452152 	3.67024e-05
2.24212 	0.0296846 	-0.000451465 	3.69725e-05
2.24362 	0.029688 	-0.000450778 	3.72426e-05
2.24512 	0.0296914 	-0.000450091 	3.75128e-05
2.24662 	0.0296948 	-0.000449404 	3.77829e-05
2.24812 	0.0296982 	-0.000448717 	3.8053e-05
2.24962 	0.0297016 	-0.00044803 	3.83231e-05
2.25113 	0.029705 	-0.000447343 	3.85932e-05
2.25263 	0.0297084 	-0.000446656 	3.88633e-05
2.25413 	0.0297118 	-0.000445969 	3.91334e-05
2.25563 	0.0297152 	-0.000445282 	3.94035e-05
2.25713 	0.0297186 	-0.000444595 	3.96736e-05
2.25863 	0.029722 	-0.000443908 	3.99437e-05
2.26013 	0.0297253 	-0.000443221 	4.02138e-05
2.26163 	0.0297287 	-0.000442533 	4.04839e-05
2.26313 	0.0297321 	-0.000441846 	4.0754e-05
2.26463 	0.0297362 	-0.000440532 	4.11406e-05
2.26613 	0.0297403 	-0.000439162 	4.15376e-05
2.26763 	0.0297444 	-0.000437791 	4.19347e-05
2.26913 	0.0297478 	-0.000437199 	4.23145e-05
2.27064 	0.0297506 	-0.000437115 	4.26832e-05
2.27214 	0.0297535 	-0.000437031 	4.30518e-05
2.27364 	0.0297566 	-0.0004365 	4.34332e-05
2.27514 	0.0297599 	-0.000435761 	4.38204e-05
2.27664 	0.0297631 	-0.000435023 	4.42077e-05
2.27814 	0.0297663 	-0.000434285 	4.45949e-05
2.27964 	0.0297696 	-0.000433547 	4.49822e-05
2.28114 	0.0297728 	-0.000432809 	4.53694e-05
2.28264 	0.029776 	-0.00043207 	4.57567e-05
2.28414 	0.0297793 	-0.000431332 	4.61439e-05
2.28564 	0.0297825 	-0.000430594 	4.65312e-05
2.28714 	0.0297858 	-0.000429856 	4.69184e-05
2.28864 	0.029789 	-0.000429118 	4.73057e-05
2.29015 	0.0297922 	-0.000428379 	4.76929e-05
2.29165 	0.0297955 	-0.000427641 	4.80802e-05
2.29315 	0.0297987 	-0.000426903 	4.84674e-05
2.29465 	0.0298019 	-0.000426165 	4.88547e-05
2.29615 	0.0298052 	-0.000425427 	4.92419e-05
2.29765 	0.0298084 	-0.000424689 	4.96292e-05
2.29915 	0.0298116 	-0.00042395 	5.00164e-05
2.30065 	0.0298149 	-0.000423212 	5.04037e-05
2.30215 	0.0298181 	-0.000422474 	5.07909e-05
2.30365 	0.0298213 	-0.000421736 	5.11782e-05
2.30515 	0.0298246 	-0.000420998 	5.15654e-05
2.30665 	0.0298278 	-0.000420259 	5.19527e-05
2.30815 	0.029831 	-0.000419521 	5.23399e-05
2.30965 	0.0298343 	-0.000418783 	5.27272e-05
2.31116 	0.0298375 	-0.000418045 	5.31144e-05
2.31266 	0.0298408 	-0.000417307 	5.35016e-05
2.31416 	0.029844 	-0.000416568 	5.38889e-05
2.31566 	0.0298472 	-0.000415821 	5.42765e-05
2.31716 	0.0298509 	-0.000414448 	5.46878e-05
2.31866 	0.0298541 	-0.000413499 	5.50923e-05
2.32016 	0.0298565 	-0.000413393 	5.54831e-05
2.32166 	0.0298591 	-0.000412739 	5.59153e-05
2.32316 	0.0298618 	-0.00041199 	5.63547e-05
2.32466 	0.0298645 	-0.000411241 	5.67941e-05
2.32616 	0.0298671 	-0.000410493 	5.72334e-05
2.32766 	0.0298698 	-0.000409744 	5.76728e-05
2.32916 	0.0298725 	-0.000408996 	5.81121e-05
2.33067 	0.0298751 	-0.000408247 	5.85515e-05
2.33217 	0.0298778 	-0.000407498 	5.89909e-05
2.33367 	0.0298805 	-0.00040675 	5.94302e-05
2.33517 	0.0298832 	-0.000406001 	5.98696e-05
2.33667 	0.0298858 	-0.000405253 	6.03089e-05
2.33817 	0.0298885 	-0.000404504 	6.07483e-05
2.33967 	0.0298912 	-0.000403755 	6.11877e-05
2.34117 	0.0298938 	-0.000403007 	6.1627e-05
2.34267 	0.0298965 	-0.000402258 	6.20664e-05
2.34417 	0.0298992 	-0.000401509 	6.25057e-05
2.34567 	0.0299018 	-0.000400761 	6.29451e-05
2.34717 	0.0299045 	-0.000400012 	6.33845e-05
2.34867 	0.0299072 	-0.000399264 	6.38238e-05
2.35018 	0.0299099 	-0.000398515 	6.42632e-05
2.35168 	0.0299125 	-0.000397766 	6.47026e-05
2.35318 	0.0299152 	-0.000397018 	6.51419e-05
2.35468 	0.0299179 	-0.000396269 	6.55813e-05
2.35618 	0.0299205 	-0.000395521 	6.60206e-05
2.35768 	0.0299232 	-0.000394772 	6.646e-05
2.35918 	0.0299259 	-0.000394023 	6.68994e-05
2.36068 	0.0299285 	-0.000393275 	6.73387e-05
2.36218 	0.0299312 	-0.000392526 	6.77781e-05
2.36368 	0.0299339 	-0.000391777 	6.82174e-05
2.36518 	0.0299366 	-0.000391029 	6.86568e-05
2.36668 	0.0299389 	-0.000390283 	6.90974e-05
2.36818 	0.0299407 	-0.00038965 	6.9508e-05
2.36968 	0.0299424 	-0.000389017 	6.99186e-05
2.37119 	0.0299441 	-0.000388384 	7.03292e-05
2.37269 	0.0299459 	-0.000387751 	7.07398e-05
2.37419 	0.0299476 	-0.000387117 	7.11512e-05
2.37569 	0.0299494 	-0.000386473 	7.15679e-05
2.37719 	0.0299512 	-0.000385829 	7.19847e-05
2.37869 	0.0299529 	-0.000385185 	7.24015e-05
2.38019 	0.0299547 	-0.000384542 	7.28182e-05
2.38169 	0.0299565 	-0.000383898 	7.3235e-05
2.38319 	0.0299583 	-0.000383254 	7.36517e-05
2.38469 	0.0299601 	-0.00038261 	7.40685e-05
2.38619 	0.0299618 	-0.000381967 	7.44852e-05
2.38769 	0.0299636 	-0.000381323 	7.4902e-05
2.38919 	0.0299654 	-0.000380679 	7.53188e-05
2.3907 	0.0299672 	-0.000380035 	7.57355e-05
2.3922 	0.029969 	-0.000379391 	7.61523e-05
2.3937 	0.0299707 	-0.000378748 	7.6569e-05
2.3952 	0.0299725 	-0.000378104 	7.69858e-05
2.3967 	0.0299743 	-0.00037746 	7.74025e-05
2.3982 	0.0299761 	-0.000376816 	7.78193e-05
2.3997 	0.0299779 	-0.000376172 	7.82361e-05
2.4012 	0.0299796 	-0.000375529 	7.86528e-05
2.4027 	0.0299814 	-0.000374885 	7.90696e-05
2.4042 	0.0299832 	-0.000374241 	7.94863e-05
2.4057 	0.029985 	-0.000373597 	7.99031e-05
2.4072 	0.0299868 	-0.000372954 	8.03198e-05
2.4087 	0.0299885 	-0.00037231 	8.07366e-05
2.41021 	0.0299903 	-0.000371666 	8.11534e-05
2.41171 	0.0299911 	-0.000371607 	8.15086e-05
2.41321 	0.0299925 	-0.000370801 	8.18188e-05
2.41471 	0.0299937 	-0.000370081 	8.2183e-05
2.41621 	0.0299947 	-0.000369447 	8.25634e-05
2.41771 	0.0299957 	-0.000368814 	8.29438e-05
2.41921 	0.0299968 	-0.000368181 	8.33242e-05
2.42071 	0.0299978 	-0.000367547 	8.37046e-05
2.42221 	0.0299988 	-0.000366914 	8.4085e-05
2.42371 	0.0299999 	-0.000366281 	8.44654e-05
2.42521 	0.0300009 	-0.000365647 	8.48458e-05
2.42671 	0.030002 	-0.000365014 	8.52262e-05
2.42821 	0.030003 	-0.000364381 	8.56066e-05
2.42971 	0.030004 	-0.000363747 	8.5987e-05
2.43122 	0.0300051 	-0.000363114 	8.63674e-05
2.43272 	0.0300061 	-0.000362481 	8.67478e-05
2.43422 	0.0300071 	-0.000361847 	8.71282e-05
2.43572 	0.0300082 	-0.000361214 	8.75086e-05
2.43722 	0.0300092 	-0.000360581 	8.7889e-05
2.43872 	0.0300102 	-0.000359948 	8.82694e-05
2.44022 	0.0300113 	-0.000359314 	8.86498e-05
2.44172 	0.0300123 	-0.000358681 	8.90302e-05
2.44322 	0.0300133 	-0.000358048 	8.94106e-05
2.44472 	0.0300144 	-0.000357414 	8.9791e-05
2.44622 	0.0300154 	-0.000356781 	9.01714e-05
2.44772 	0.0300165 	-0.000356148 	9.05518e-05
2.44922 	0.0300175 	-0.000355514 	9.09322e-05
2.45073 	0.0300185 	-0.000354881 	9.13126e-05
2.45223 	0.0300196 	-0.000354248 	9.1693e-05
2.45373 	0.0300202 	-0.000353905 	9.21046e-05
2.45523 	0.0300204 	-0.000353777 	9.25392e-05
2.45673 	0.0300214 	-0.000352972 	9.29397e-05
2.45823 	0.0300227 	-0.00035167 	9.33149e-05
2.45973 	0.0300235 	-0.000350649 	9.36997e-05
2.46123 	0.0300238 	-0.000349882 	9.40932e-05
2.46273 	0.0300242 	-0.000349116 	9.44866e-05
2.46423 	0.0300245 	-0.00034835 	9.48801e-05
2.46573 	0.0300248 	-0.000347584 	9.52735e-05
2.46723 	0.0300251 	-0.000346818 	9.56669e-05
2.46873 	0.0300254 	-0.000346051 	9.60604e-05
2.47024 	0.0300257 	-0.000345285 	9.64538e-05
2.47174 	0.030026 	-0.000344519 	9.68473e-05
2.47324 	0.0300263 	-0.000343753 	9.72407e-05
2.47474 	0.0300266 	-0.000342987 	9.76342e-05
2.47624 	0.0300269 	-0.000342221 	9.80276e-05
2.47774 	0.0300272 	-0.000341454 	9.84211e-05
2.47924 	0.0300275 	-0.000340688 	9.88145e-05
2.48074 	0.0300278 	-0.000339922 	9.9208e-05
2.48224 	0.0300281 	-0.000339156 	9.96014e-05
2.48374 	0.0300284 	-0.00033839 	9.99948e-05
2.48524 	0.0300287 	-0.000337623 	0.000100388
2.48674 	0.030029 	-0.000336857 	0.000100782
2.48824 	0.0300293 	-0.000336091 	0.000101175
2.48974 	0.0300296 	-0.000335325 	0.000101569
2.49125 	0.0300299 	-0.000334559 	0.000101962
2.49275 	0.0300302 	-0.000333793 	0.000102356
2.49425 	0.0300297 	-0.00033347 	0.000102719
2.49575 	0.0300285 	-0.000333411 	0.000103066
2.49725 	0.0300274 	-0.000333353 	0.000103412
2.49875 	0.0300272 	-0.000332326 	0.000103757
2.50025 	0.0300272 	-0.00033097 	0.000104102
2.50175 	0.0300273 	-0.000329614 	0.000104446
2.50325 	0.0300265 	-0.000328748 	0.000104747
2.50475 	0.0300255 	-0.000327998 	0.000105038
2.50625 	0.0300245 	-0.000327248 	0.000105328
2.50775 	0.0300235 	-0.000326497 	0.000105619
2.50925 	0.0300224 	-0.000325747 	0.000105909
2.51076 	0.0300214 	-0.000324996 	0.0001062
2.51226 	0.0300204 	-0.000324246 	0.00010649
2.51376 	0.0300194 	-0.000323495 	0.000106781
2.51526 	0.0300184 	-0.000322745 	0.000107071
2.51676 	0.0300174 	-0.000321994 	0.000107362
2.51826 	0.0300164 	-0.000321244 	0.000107653
2.51976 	0.0300154 	-0.000320493 	0.000107943
2.52126 	0.0300144 	-0.000319743 	0.000108234
2.52276 	0.0300134 	-0.000318992 	0.000108524
2.52426 	0.0300124 	-0.000318242 	0.000108815
2.52576 	0.0300114 	-0.000317491 	0.000109105
2.52726 	0.0300104 	-0.000316741 	0.000109396
2.52876 	0.0300094 	-0.000315991 	0.000109686
2.53027 	0.0300084 	-0.00031524 	0.000109977
2.53177 	0.0300074 	-0.00031449 	0.000110267
2.53327 	0.0300051 	-0.00031439 	0.000110497
2.53477 	0.0300028 	-0.000314344 	0.000110721
2.53627 	0.0300004 	-0.000314298 	0.000110946
2.53777 	0.0299984 	-0.000313863 	0.000111164
2.53927 	0.029997 	-0.000312537 	0.000111367
2.54077 	0.0299955 	-0.000311211 	0.00011157
2.54227 	0.0299941 	-0.000309886 	0.000111773
2.54377 	0.0299925 	-0.000309016 	0.000111939
2.54527 	0.0299909 	-0.000308408 	0.000112085
2.54677 	0.0299892 	-0.0003078 	0.000112231
2.54827 	0.0299875 	-0.000307193 	0.000112377
2.54977 	0.0299859 	-0.000306585 	0.000112522
2.55128 	0.0299842 	-0.000305977 	0.000112668
2.55278 	0.0299825 	-0.00030537 	0.000112814
2.55428 	0.0299808 	-0.000304762 	0.00011296
2.55578 	0.0299792 	-0.000304154 	0.000113105
2.55728 	0.0299775 	-0.000303547 	0.000113251
2.55878 	0.0299758 	-0.000302939 	0.000113397
2.56028 	0.0299742 	-0.000302331 	0.000113543
2.56178 	0.0299725 	-0.000301724 	0.000113688
2.56328 	0.0299708 	-0.000301116 	0.000113834
2.56478 	0.0299691 	-0.000300508 	0.00011398
2.56628 	0.0299675 	-0.000299901 	0.000114126
2.56778 	0.0299658 	-0.000299293 	0.000114271
2.56928 	0.029964 	-0.000299068 	0.000114387
2.57079 	0.0299619 	-0.000299287 	0.000114467
2.57229 	0.0299599 	-0.000299506 	0.000114548
2.57379 	0.0299578 	-0.000299725 	0.000114628
2.57529 	0.029956 	-0.000299654 	0.0001147
2.57679 	0.0299549 	-0.000298646 	0.000114746
2.57829 	0.0299538 	-0.000297639 	0.000114792
2.57979 	0.0299528 	-0.000296632 	0.000114839
2.58129 	0.0299517 	-0.000295625 	0.000114885
2.58279 	0.0299491 	-0.000295031 	0.000114977
2.58429 	0.0299464 	-0.000294447 	0.000115071
2.58579 	0.0299438 	-0.000293863 	0.000115165
2.58729 	0.0299412 	-0.000293279 	0.000115259
2.58879 	0.0299386 	-0.000292695 	0.000115352
2.5903 	0.0299359 	-0.000292111 	0.000115446
2.5918 	0.0299333 	-0.000291527 	0.00011554
2.5933 	0.0299307 	-0.000290943 	0.000115634
2.5948 	0.029928 	-0.000290359 	0.000115728
2.5963 	0.0299254 	-0.000289775 	0.000115821
2.5978 	0.0299228 	-0.000289191 	0.000115915
2.5993 	0.0299201 	-0.000288607 	0.000116009
2.6008 	0.0299175 	-0.000288023 	0.000116103
2.6023 	0.0299149 	-0.000287439 	0.000116196
2.6038 	0.0299118 	-0.000286976 	0.000116302
2.6053 	0.0299075 	-0.000286902 	0.000116446
2.6068 	0.0299031 	-0.000286829 	0.000116591
2.6083 	0.0298987 	-0.000286755 	0.000116735
2.6098 	0.0298943 	-0.000286682 	0.000116879
2.61131 	0.0298904 	-0.00028598 	0.000117004
2.61281 	0.0298869 	-0.000284714 	0.000117112
2.61431 	0.0298834 	-0.000283447 	0.000117219
2.61581 	0.0298799 	-0.000282181 	0.000117326
2.61731 	0.0298763 	-0.000280914 	0.000117433
2.61881 	0.0298721 	-0.000280099 	0.000117561
2.62031 	0.0298677 	-0.000279393 	0.000117693
2.62181 	0.0298632 	-0.000278686 	0.000117826
2.62331 	0.0298588 	-0.000277979 	0.000117958
2.62481 	0.0298543 	-0.000277272 	0.000118091
2.62631 	0.0298499 	-0.000276565 	0.000118223
2.62781 	0.0298455 	-0.000275859 	0.000118355
2.62931 	0.029841 	-0.000275152 	0.000118488
2.63082 	0.0298366 	-0.000274445 	0.00011862
2.63232 	0.0298322 	-0.000273738 	0.000118753
2.63382 	0.0298277 	-0.000273031 	0.000118885
2.63532 	0.0298233 	-0.000272325 	0.000119018
2.63682 	0.0298186 	-0.000271765 	0.000119158
2.63832 	0.0298129 	-0.000271704 	0.000119327
2.63982 	0.0298072 	-0.000271644 	0.000119496
2.64132 	0.0298016 	-0.000271583 	0.000119665
2.64282 	0.0297959 	-0.000271523 	0.000119834
2.64432 	0.0297903 	-0.00027129 	0.00012
2.64582 	0.029785 	-0.000270045 	0.000120148
2.64732 	0.0297798 	-0.000268801 	0.000120295
2.64882 	0.0297746 	-0.000267557 	0.000120443
2.65033 	0.0297693 	-0.000266313 	0.00012059
2.65183 	0.0297641 	-0.000265123 	0.000120733
2.65333 	0.0297596 	-0.000264558 	0.000120829
2.65483 	0.0297551 	-0.000263992 	0.000120925
2.65633 	0.0297506 	-0.000263426 	0.000121021
2.65783 	0.0297461 	-0.00026286 	0.000121116
2.65933 	0.0297416 	-0.000262294 	0.000121212
2.66083 	0.0297371 	-0.000261728 	0.000121308
2.66233 	0.0297325 	-0.000261163 	0.000121404
2.66383 	0.029728 	-0.000260597 	0.000121499
2.66533 	0.0297235 	-0.000260031 	0.000121595
2.66683 	0.029719 	-0.000259465 	0.000121691
2.66833 	0.0297144 	-0.000259198 	0.000121767
2.66983 	0.0297099 	-0.000259353 	0.000121815
2.67134 	0.0297053 	-0.000259508 	0.000121864
2.67284 	0.0297007 	-0.000259662 	0.000121912
2.67434 	0.0296961 	-0.000259817 	0.000121961
2.67584 	0.0296917 	-0.000259909 	0.000122008
2.67734 	0.0296893 	-0.000259056 	0.000122046
2.67884 	0.0296868 	-0.000258202 	0.000122083
2.68034 	0.0296844 	-0.000257349 	0.000122121
2.68184 	0.029682 	-0.000256496 	0.000122158
2.68334 	0.0296796 	-0.000255643 	0.000122195
2.68484 	0.0296748 	-0.000255037 	0.000122203
2.68634 	0.0296692 	-0.00025451 	0.0001222
2.68784 	0.0296637 	-0.000253983 	0.000122197
2.68934 	0.0296581 	-0.000253456 	0.000122195
2.69085 	0.0296526 	-0.00025293 	0.000122192
2.69235 	0.029647 	-0.000252403 	0.00012219
2.69385 	0.0296414 	-0.000251876 	0.000122187
2.69535 	0.0296359 	-0.000251349 	0.000122184
2.69685 	0.0296303 	-0.000250822 	0.000122182
2.69835 	0.0296221 	-0.000250605 	0.000122144
2.69985 	0.0296131 	-0.000250478 	0.000122096
2.70135 	0.0296041 	-0.000250352 	0.000122048
2.70285 	0.029595 	-0.000250225 	0.000121999
2.70435 	0.029586 	-0.000250099 	0.000121951
2.70585 	0.0295775 	-0.000249744 	0.000121899
2.70735 	0.0295707 	-0.000248658 	0.000121834
2.70885 	0.0295639 	-0.000247571 	0.00012177
2.71036 	0.0295571 	-0.000246485 	0.000121705
2.71186 	0.0295503 	-0.000245399 	0.000121641
2.71336 	0.0295435 	-0.000244312 	0.000121576
2.71486 	0.0295352 	-0.000243744 	0.000121491
2.71636 	0.0295266 	-0.000243324 	0.000121401
2.71786 	0.029518 	-0.000242905 	0.00012131
2.71936 	0.0295094 	-0.000242485 	0.00012122
2.72086 	0.0295008 	-0.000242066 	0.000121129
2.72236 	0.0294922 	-0.000241646 	0.000121039
2.72386 	0.0294835 	-0.000241227 	0.000120948
2.72536 	0.0294746 	-0.000241027 	0.000120849
2.72686 	0.0294646 	-0.000241429 	0.000120728
2.72836 	0.0294546 	-0.00024183 	0.000120606
2.72986 	0.0294446 	-0.000242232 	0.000120485
2.73137 	0.0294347 	-0.000242634 	0.000120363
2.73287 	0.0294247 	-0.000243036 	0.000120242
2.73437 	0.0294143 	-0.000243408 	0.000120114
2.73587 	0.0294036 	-0.000243763 	0.000119983
2.73737 	0.0293929 	-0.000244117 	0.000119852
2.73887 	0.0293822 	-0.000244471 	0.000119721
2.74037 	0.0293715 	-0.000244826 	0.000119589
2.74187 	0.029361 	-0.000245125 	0.000119459
2.74337 	0.0293529 	-0.000244873 	0.000119343
2.74487 	0.0293448 	-0.000244622 	0.000119227
2.74637 	0.0293367 	-0.000244371 	0.000119111
2.74787 	0.0293286 	-0.000244119 	0.000118994
2.74937 	0.0293205 	-0.000243868 	0.000118878
2.75088 	0.0293124 	-0.000243617 	0.000118762
2.75238 	0.0293064 	-0.000242862 	0.00011866
2.75388 	0.0293008 	-0.000242027 	0.000118561
2.75538 	0.0292951 	-0.000241193 	0.000118462
2.75688 	0.0292895 	-0.000240359 	0.000118363
2.75838 	0.0292839 	-0.000239524 	0.000118264
2.75988 	0.0292781 	-0.000238878 	0.000118168
2.76138 	0.0292718 	-0.000239034 	0.000118086
2.76288 	0.0292655 	-0.00023919 	0.000118003
2.76438 	0.0292591 	-0.000239345 	0.000117921
2.76588 	0.0292528 	-0.000239501 	0.000117839
2.76738 	0.0292465 	-0.000239656 	0.000117757
2.76888 	0.0292381 	-0.000239379 	0.000117625
2.77039 	0.0292285 	-0.000238861 	0.000117466
2.77189 	0.029219 	-0.000238343 	0.000117307
2.77339 	0.0292094 	-0.000237825 	0.000117148
2.77489 	0.0291998 	-0.000237308 	0.000116989
2.77639 	0.0291884 	-0.00023645 	0.000116791
2.77789 	0.0291753 	-0.000235284 	0.000116559
2.77939 	0.0291621 	-0.000234118 	0.000116327
2.78089 	0.029149 	-0.000232951 	0.000116096
2.78239 	0.0291359 	-0.000231785 	0.000115864
2.78389 	0.0291227 	-0.000230619 	0.000115632
2.78539 	0.0291088 	-0.000230326 	0.000115399
2.78689 	0.0290948 	-0.000230159 	0.000115167
2.78839 	0.0290809 	-0.000229992 	0.000114934
2.78989 	0.0290669 	-0.000229825 	0.000114702
2.7914 	0.0290529 	-0.000229659 	0.000114469
2.7929 	0.0290393 	-0.000229328 	0.000114243
2.7944 	0.0290263 	-0.00022872 	0.000114027
2.7959 	0.0290134 	-0.000228112 	0.000113811
2.7974 	0.0290004 	-0.000227504 	0.000113595
2.7989 	0.0289873 	-0.000226802 	0.00011338
2.8004 	0.0289736 	-0.000225743 	0.000113169
2.8019 	0.0289599 	-0.000224683 	0.000112958
2.8034 	0.0289462 	-0.000223623 	0.000112748
2.8049 	0.0289325 	-0.000222564 	0.000112537
2.8064 	0.0289188 	-0.000221504 	0.000112326
2.8079 	0.0289014 	-0.000220934 	0.000112058
2.8094 	0.0288817 	-0.000220655 	0.000111755
2.81091 	0.028862 	-0.000220377 	0.000111453
2.81241 	0.0288423 	-0.000220098 	0.00011115
2.81391 	0.0288226 	-0.00021982 	0.000110848
2.81541 	0.0288043 	-0.000219484 	0.000110571
2.81691 	0.0287907 	-0.000218945 	0.000110384
2.81841 	0.0287771 	-0.000218405 	0.000110198
2.81991 	0.0287635 	-0.000217865 	0.000110011
2.82141 	0.0287552 	-0.000217138 	0.000109934
2.82291 	0.0287477 	-0.000216384 	0.000109874
2.82441 	0.0287401 	-0.000215629 	0.000109814
2.82591 	0.0287326 	-0.000214875 	0.000109753
2.82741 	0.028725 	-0.000214121 	0.000109693
2.82891 	0.0287152 	-0.000213685 	0.000109594
2.83042 	0.0287021 	-0.000213725 	0.000109436
2.83192 	0.0286889 	-0.000213766 	0.000109279
2.83342 	0.0286758 	-0.000213806 	0.000109122
2.83492 	0.0286627 	-0.000213846 	0.000108965
2.83642 	0.0286489 	-0.000213803 	0.000108808
2.83792 	0.0286301 	-0.000213159 	0.000108657
2.83942 	0.0286113 	-0.000212514 	0.000108506
2.84092 	0.0285906 	-0.000211606 	0.000108374
2.84242 	0.0285679 	-0.000210398 	0.000108262
2.84392 	0.0285452 	-0.00020919 	0.00010815
2.84542 	0.0285225 	-0.000207981 	0.000108039
2.84692 	0.0284998 	-0.000206773 	0.000107927
2.84842 	0.0284767 	-0.000205699 	0.000107809
2.84992 	0.0284513 	-0.000205415 	0.000107652
2.85143 	0.028426 	-0.000205132 	0.000107495
2.85293 	0.0284006 	-0.000204849 	0.000107337
2.85443 	0.0283753 	-0.000204566 	0.00010718
2.85593 	0.0283501 	-0.000204275 	0.000107025
2.85743 	0.0283303 	-0.000203662 	0.000106934
2.85893 	0.0283106 	-0.00020305 	0.000106844
2.86043 	0.028296 	-0.000202168 	0.000106829
2.86193 	0.0282817 	-0.000201275 	0.000106817
2.86343 	0.0282673 	-0.000200382 	0.000106805
2.86493 	0.028253 	-0.000199489 	0.000106792
2.86643 	0.0282387 	-0.000198596 	0.00010678
2.86793 	0.0282227 	-0.000198453 	0.000106723
2.86943 	0.0282064 	-0.000198492 	0.000106655
2.87094 	0.0281901 	-0.000198531 	0.000106587
2.87244 	0.0281738 	-0.00019857 	0.000106518
2.87394 	0.0281575 	-0.000198609 	0.00010645
2.87544 	0.028133 	-0.000198003 	0.000106393
2.87694 	0.0281043 	-0.00019709 	0.000106344
2.87844 	0.0280686 	-0.000195681 	0.000106309
2.87994 	0.028033 	-0.000194272 	0.000106273
2.88144 	0.0279973 	-0.000192863 	0.000106238
2.88294 	0.0279617 	-0.000191454 	0.000106202
2.88444 	0.0279246 	-0.000190329 	0.000106143
2.88594 	0.0278846 	-0.000189777 	0.000106037
2.88744 	0.0278447 	-0.000189226 	0.000105931
2.88894 	0.0278047 	-0.000188675 	0.000105825
2.89045 	0.0277648 	-0.000188124 	0.000105718
2.89195 	0.0277297 	-0.000187417 	0.000105638
2.89345 	0.0277018 	-0.000186513 	0.000105594
2.89495 	0.0276786 	-0.000185493 	0.000105574
2.89645 	0.0276554 	-0.000184473 	0.000105554
2.89795 	0.0276322 	-0.000183453 	0.000105534
2.89945 	0.027609 	-0.000182433 	0.000105514
2.90095 	0.0275831 	-0.000181979 	0.000105445
2.90245 	0.0275559 	-0.0001818 	0.000105353
2.90395 	0.0275286 	-0.000181621 	0.00010526
2.90545 	0.0275014 	-0.000181443 	0.000105167
2.90695 	0.0274718 	-0.000181146 	0.000105076
2.90845 	0.0274222 	-0.000179874 	0.000104995
2.90995 	0.0273615 	-0.00017808 	0.000104918
2.91146 	0.0273007 	-0.000176286 	0.00010484
2.91296 	0.0272399 	-0.000174491 	0.000104763
2.91446 	0.0271791 	-0.000172697 	0.000104686
2.91596 	0.0271107 	-0.000171443 	0.000104547
2.91746 	0.02704 	-0.000170338 	0.000104392
2.91896 	0.0269694 	-0.000169233 	0.000104237
2.92046 	0.0268988 	-0.000168128 	0.000104082
2.92196 	0.0268351 	-0.000166975 	0.000103961
2.92346 	0.0267939 	-0.000165748 	0.000103952
2.92496 	0.0267537 	-0.00016452 	0.000103949
2.92646 	0.0267134 	-0.000163292 	0.000103945
2.92796 	0.0266732 	-0.000162064 	0.000103941
2.92946 	0.0266262 	-0.000161221 	0.000103888
2.93097 	0.0265748 	-0.000160622 	0.000103805
2.93247 	0.0265234 	-0.000160022 	0.000103721
2.93397 	0.026472 	-0.000159422 	0.000103638
2.93547 	0.0264196 	-0.000158517 	0.000103578
2.93697 	0.0263634 	-0.00015707 	0.000103558
2.93847 	0.0263073 	-0.000155623 	0.000103537
2.93997 	0.0262512 	-0.000154176 	0.000103516
2.94147 	0.0261945 	-0.000152814 	0.000103486
2.94297 	0.0261335 	-0.000152089 	0.000103391
2.94447 	0.0260725 	-0.000151365 	0.000103296
2.94597 	0.0260115 	-0.000150641 	0.000103201
2.94747 	0.0259336 	-0.000149513 	0.000103068
2.94897 	0.0257816 	-0.00014664 	0.000102765
2.95048 	0.0256295 	-0.000143768 	0.000102462
2.95198 	0.0254775 	-0.000140895 	0.000102159
2.95348 	0.0253208 	-0.000138137 	0.000101829
2.95498 	0.0251504 	-0.000135719 	0.000101421
2.95648 	0.02498 	-0.0001333 	0.000101012
2.95798 	0.0248095 	-0.000130882 	0.000100603
2.95948 	0.0246786 	-0.000128828 	0.000100205
2.96098 	0.0245722 	-0.000126999 	9.98125e-05
2.96248 	0.0244659 	-0.000125169 	9.94204e-05
2.96398 	0.0243596 	-0.00012334 	9.90283e-05
2.96548 	0.0242306 	-0.000121831 	9.8536e-05
2.96698 	0.0241011 	-0.000120329 	9.80412e-05
2.96848 	0.0239716 	-0.000118827 	9.75465e-05
2.96998 	0.0238297 	-0.000116917 	9.6928e-05
2.97149 	0.023681 	-0.000114756 	9.62396e-05
2.97299 	0.0235323 	-0.000112595 	9.55511e-05
2.97449 	0.0233805 	-0.000110541 	9.48552e-05
2.97599 	0.0232192 	-0.000108802 	9.4137e-05
2.97749 	0.023058 	-0.000107064 	9.34189e-05
2.97899 	0.022862 	-0.000104952 	9.25072e-05
2.98049 	0.0224518 	-0.000100472 	9.0426e-05
2.98199 	0.0220417 	-9.59918e-05 	8.83447e-05
2.98349 	0.0216294 	-9.15091e-05 	8.62555e-05
2.98499 	0.0211618 	-8.69546e-05 	8.3952e-05
2.98649 	0.0206942 	-8.24002e-05 	8.16486e-05
2.98799 	0.0202592 	-7.82176e-05 	7.94952e-05
2.98949 	0.0199807 	-7.57523e-05 	7.80757e-05
2.991 	0.0197022 	-7.32871e-05 	7.66562e-05
2.9925 	0.0194015 	-7.07439e-05 	7.51553e-05
2.994 	0.0190481 	-6.80165e-05 	7.34617e-05
2.9955 	0.0186948 	-6.52891e-05 	7.17681e-05
2.997 	0.0140139 	-4.85586e-05 	5.37136e-05
2.9985 	0.00700693 	-2.42793e-05 	2.68568e-05
3 	0 	0 	0
