0 	0 	0 	0
0.00150075 	-0.000325598 	3.44509e-07 	2.71925e-06
0.0030015 	-0.000660434 	1.40008e-06 	5.73277e-06
0.00450225 	-0.000997024 	2.59059e-06 	8.80213e-06
0.006003 	-0.00133361 	3.7811e-06 	1.18715e-05
0.00750375 	-0.00167338 	4.96804e-06 	1.49862e-05
0.0090045 	-0.00203234 	6.13276e-06 	1.83754e-05
0.0105053 	-0.00236539 	7.08854e-06 	2.17089e-05
0.012006 	-0.00266385 	8.98091e-06 	2.47786e-05
0.0135068 	-0.00295276 	1.11315e-05 	2.77756e-05
0.0150075 	-0.00324167 	1.3282e-05 	3.07726e-05
0.0165083 	-0.00353058 	1.54325e-05 	3.37696e-05
0.018009 	-0.003783 	1.707e-05 	3.63332e-05
0.0195098 	-0.00401729 	1.8093e-05 	3.89227e-05
0.0210105 	-0.00423284 	1.89899e-05 	4.14326e-05
0.0225113 	-0.00439413 	2.07512e-05 	4.29904e-05
0.024012 	-0.00455541 	2.25126e-05 	4.45483e-05
0.0255128 	-0.0047167 	2.42739e-05 	4.61061e-05
0.0270135 	-0.00487798 	2.60353e-05 	4.76639e-05
0.0285143 	-0.00498248 	2.70504e-05 	4.80929e-05
0.030015 	-0.0050695 	2.71371e-05 	4.84162e-05
0.0315158 	-0.00515815 	2.67007e-05 	4.90119e-05
0.0330165 	-0.0052261 	2.73817e-05 	4.90261e-05
0.0345173 	-0.00529404 	2.80627e-05 	4.90404e-05
0.036018 	-0.00536198 	2.87438e-05 	4.90546e-05
0.0375188 	-0.00542993 	2.94248e-05 	4.90689e-05
0.0390195 	-0.00549357 	3.00273e-05 	4.89377e-05
0.0405203 	-0.00553433 	3.02122e-05 	4.8033e-05
0.042021 	-0.00558291 	2.89239e-05 	4.73595e-05
0.0435218 	-0.0056249 	2.80707e-05 	4.66791e-05
0.0450225 	-0.00565855 	2.79308e-05 	4.59523e-05
0.0465233 	-0.00569221 	2.77909e-05 	4.52256e-05
0.048024 	-0.00572586 	2.7651e-05 	4.44988e-05
0.0495248 	-0.00575951 	2.75111e-05 	4.37721e-05
0.0510255 	-0.00579317 	2.73712e-05 	4.30454e-05
0.0525263 	-0.00580815 	2.69968e-05 	4.20905e-05
0.054027 	-0.00582848 	2.53407e-05 	4.08199e-05
0.0555278 	-0.00584967 	2.32585e-05 	3.9446e-05
0.0570285 	-0.0058613 	2.23318e-05 	3.83525e-05
0.0585293 	-0.00587293 	2.14052e-05 	3.72589e-05
0.06003 	-0.00588457 	2.04786e-05 	3.61653e-05
0.0615308 	-0.0058962 	1.95519e-05 	3.50717e-05
0.0630315 	-0.00590783 	1.86253e-05 	3.39781e-05
0.0645323 	-0.00591785 	1.77012e-05 	3.29326e-05
0.066033 	-0.0059149 	1.6798e-05 	3.22723e-05
0.0675338 	-0.00591905 	1.4256e-05 	3.07661e-05
0.0690345 	-0.00592302 	1.15675e-05 	2.91196e-05
0.0705353 	-0.00592035 	9.95274e-06 	2.78656e-05
0.072036 	-0.00591769 	8.33801e-06 	2.66116e-05
0.0735368 	-0.00591502 	6.72328e-06 	2.53576e-05
0.0750375 	-0.00591235 	5.10855e-06 	2.41036e-05
0.0765383 	-0.00590968 	3.49382e-06 	2.28496e-05
0.078039 	-0.00590702 	1.87908e-06 	2.15956e-05
0.0795398 	-0.00589847 	3.8106e-07 	2.08061e-05
0.0810405 	-0.00588598 	-1.31955e-06 	2.02445e-05
0.0825413 	-0.00588153 	-4.96616e-06 	1.85084e-05
0.084042 	-0.00587239 	-7.64684e-06 	1.70699e-05
0.0855428 	-0.00586085 	-9.83006e-06 	1.57847e-05
0.0870435 	-0.0058493 	-1.20133e-05 	1.44994e-05
0.0885443 	-0.00583775 	-1.41965e-05 	1.32142e-05
0.090045 	-0.00582621 	-1.63797e-05 	1.19289e-05
0.0915458 	-0.00581466 	-1.85629e-05 	1.06436e-05
0.0930465 	-0.00580311 	-2.07461e-05 	9.35838e-06
0.0945473 	-0.00579008 	-2.28744e-05 	8.23295e-06
0.096048 	-0.00577006 	-2.47439e-05 	7.86032e-06
0.0975488 	-0.00575683 	-2.8255e-05 	6.77314e-06
0.0990495 	-0.00574396 	-3.18584e-05 	5.50714e-06
0.10055 	-0.0057271 	-3.4505e-05 	4.31861e-06
0.102051 	-0.00571024 	-3.71517e-05 	3.13008e-06
0.103552 	-0.00569338 	-3.97983e-05 	1.94155e-06
0.105053 	-0.00567652 	-4.2445e-05 	7.53012e-07
0.106553 	-0.00565965 	-4.50916e-05 	-4.35521e-07
0.108054 	-0.00564279 	-4.77382e-05 	-1.62405e-06
0.109555 	-0.00562593 	-5.03849e-05 	-2.81259e-06
0.111056 	-0.00560907 	-5.30315e-05 	-4.00112e-06
0.112556 	-0.00558557 	-5.53708e-05 	-4.54793e-06
0.114057 	-0.0055671 	-5.88299e-05 	-5.15796e-06
0.115558 	-0.00555138 	-6.28867e-05 	-5.84348e-06
0.117059 	-0.00553131 	-6.59037e-05 	-6.73369e-06
0.118559 	-0.00551125 	-6.89207e-05 	-7.62389e-06
0.12006 	-0.00549118 	-7.19377e-05 	-8.5141e-06
0.121561 	-0.00547111 	-7.49547e-05 	-9.4043e-06
0.123062 	-0.00545104 	-7.79717e-05 	-1.02945e-05
0.124562 	-0.00543097 	-8.09887e-05 	-1.11847e-05
0.126063 	-0.00541091 	-8.40057e-05 	-1.20749e-05
0.127564 	-0.00539084 	-8.70227e-05 	-1.29651e-05
0.129065 	-0.00537077 	-9.00398e-05 	-1.38553e-05
0.130565 	-0.00534552 	-9.27872e-05 	-1.44747e-05
0.132066 	-0.00532451 	-9.64283e-05 	-1.47261e-05
0.133567 	-0.00530653 	-0.000100651 	-1.47758e-05
0.135068 	-0.00528449 	-0.000103985 	-1.529e-05
0.136568 	-0.00526245 	-0.000107319 	-1.58042e-05
0.138069 	-0.00524041 	-0.000110653 	-1.63184e-05
0.13957 	-0.00521837 	-0.000113988 	-1.68327e-05
0.141071 	-0.00519632 	-0.000117322 	-1.73469e-05
0.142571 	-0.00517428 	-0.000120656 	-1.78611e-05
0.144072 	-0.00515224 	-0.00012399 	-1.83753e-05
0.145573 	-0.0051302 	-0.000127325 	-1.88895e-05
0.147074 	-0.00510816 	-0.000130659 	-1.94037e-05
0.148574 	-0.00508612 	-0.000133993 	-1.9918e-05
0.150075 	-0.00505974 	-0.000137082 	-2.06258e-05
0.151576 	-0.0050377 	-0.00014107 	-2.07299e-05
0.153077 	-0.00501839 	-0.000145314 	-2.05757e-05
0.154577 	-0.00499809 	-0.000148478 	-2.08684e-05
0.156078 	-0.00497779 	-0.000151642 	-2.1161e-05
0.157579 	-0.00495748 	-0.000154806 	-2.14537e-05
0.15908 	-0.00493718 	-0.00015797 	-2.17464e-05
0.16058 	-0.00491688 	-0.000161135 	-2.2039e-05
0.162081 	-0.00489657 	-0.000164299 	-2.23317e-05
0.163582 	-0.00487627 	-0.000167463 	-2.26243e-05
0.165083 	-0.00485597 	-0.000170627 	-2.2917e-05
0.166583 	-0.00483567 	-0.000173791 	-2.32096e-05
0.168084 	-0.00481536 	-0.000176955 	-2.35023e-05
0.169585 	-0.00479506 	-0.00018012 	-2.37949e-05
0.171086 	-0.00477119 	-0.000182989 	-2.4616e-05
0.172586 	-0.00474786 	-0.000187439 	-2.48348e-05
0.174087 	-0.0047257 	-0.000191869 	-2.48828e-05
0.175588 	-0.00470467 	-0.00019519 	-2.512e-05
0.177089 	-0.00468363 	-0.000198512 	-2.53572e-05
0.178589 	-0.00466259 	-0.000201833 	-2.55944e-05
0.18009 	-0.00464156 	-0.000205155 	-2.58316e-05
0.181591 	-0.00462052 	-0.000208476 	-2.60688e-05
0.183092 	-0.00459948 	-0.000211797 	-2.6306e-05
0.184592 	-0.00457845 	-0.000215119 	-2.65432e-05
0.186093 	-0.00455741 	-0.00021844 	-2.67804e-05
0.187594 	-0.00453637 	-0.000221762 	-2.70176e-05
0.189095 	-0.00451533 	-0.000225083 	-2.72548e-05
0.190595 	-0.0044943 	-0.000228405 	-2.7492e-05
0.192096 	-0.00447326 	-0.000231726 	-2.77292e-05
0.193597 	-0.00445166 	-0.000234367 	-2.84443e-05
0.195098 	-0.00442665 	-0.000239197 	-2.87516e-05
0.196598 	-0.00440164 	-0.000243807 	-2.89671e-05
0.198099 	-0.00437749 	-0.00024766 	-2.92473e-05
0.1996 	-0.00435335 	-0.000251513 	-2.95274e-05
0.201101 	-0.0043292 	-0.000255367 	-2.98076e-05
0.202601 	-0.00430506 	-0.00025922 	-3.00878e-05
0.204102 	-0.00428091 	-0.000263073 	-3.0368e-05
0.205603 	-0.00425677 	-0.000266927 	-3.06482e-05
0.207104 	-0.00423262 	-0.00027078 	-3.09284e-05
0.208604 	-0.00420848 	-0.000274633 	-3.12086e-05
0.210105 	-0.00418433 	-0.000278487 	-3.14887e-05
0.211606 	-0.00416019 	-0.00028234 	-3.17689e-05
0.213107 	-0.00413604 	-0.000286193 	-3.20491e-05
0.214607 	-0.00411189 	-0.000290047 	-3.23293e-05
0.216108 	-0.00408775 	-0.0002939 	-3.26095e-05
0.217609 	-0.00406471 	-0.00029699 	-3.32139e-05
0.21911 	-0.00403909 	-0.00030192 	-3.35016e-05
0.22061 	-0.00401366 	-0.000306515 	-3.37808e-05
0.222111 	-0.00398885 	-0.000310605 	-3.41407e-05
0.223612 	-0.00396404 	-0.000314695 	-3.45006e-05
0.225113 	-0.00393923 	-0.000318785 	-3.48605e-05
0.226613 	-0.00391442 	-0.000322874 	-3.52205e-05
0.228114 	-0.00388961 	-0.000326964 	-3.55804e-05
0.229615 	-0.00386479 	-0.000331054 	-3.59403e-05
0.231116 	-0.00383998 	-0.000335144 	-3.63002e-05
0.232616 	-0.00381517 	-0.000339233 	-3.66602e-05
0.234117 	-0.00379036 	-0.000343323 	-3.70201e-05
0.235618 	-0.00376555 	-0.000347413 	-3.738e-05
0.237119 	-0.00374074 	-0.000351503 	-3.77399e-05
0.238619 	-0.00371593 	-0.000355593 	-3.80998e-05
0.24012 	-0.00369111 	-0.000359682 	-3.84598e-05
0.241621 	-0.0036663 	-0.000363772 	-3.88197e-05
0.243122 	-0.00364187 	-0.000367547 	-3.93023e-05
0.244622 	-0.00361613 	-0.000372059 	-3.96857e-05
0.246123 	-0.00358996 	-0.000376766 	-3.98658e-05
0.247624 	-0.00356437 	-0.000381055 	-4.01208e-05
0.249125 	-0.00353877 	-0.000385344 	-4.03758e-05
0.250625 	-0.00351318 	-0.000389634 	-4.06309e-05
0.252126 	-0.00348758 	-0.000393923 	-4.08859e-05
0.253627 	-0.00346198 	-0.000398212 	-4.11409e-05
0.255128 	-0.00343639 	-0.000402502 	-4.1396e-05
0.256628 	-0.00341079 	-0.000406791 	-4.1651e-05
0.258129 	-0.00338519 	-0.000411081 	-4.1906e-05
0.25963 	-0.0033596 	-0.00041537 	-4.21611e-05
0.261131 	-0.003334 	-0.000419659 	-4.24161e-05
0.262631 	-0.0033084 	-0.000423949 	-4.26712e-05
0.264132 	-0.00328281 	-0.000428238 	-4.29262e-05
0.265633 	-0.00325721 	-0.000432528 	-4.31812e-05
0.267134 	-0.00323162 	-0.000436817 	-4.34363e-05
0.268634 	-0.00320602 	-0.000441106 	-4.36913e-05
0.270135 	-0.00318042 	-0.000445396 	-4.39463e-05
0.271636 	-0.00315516 	-0.00044933 	-4.43166e-05
0.273137 	-0.00312963 	-0.000454018 	-4.41601e-05
0.274637 	-0.00310588 	-0.000457986 	-4.40715e-05
0.276138 	-0.00308213 	-0.000461954 	-4.3983e-05
0.277639 	-0.00305838 	-0.000465922 	-4.38945e-05
0.27914 	-0.00303463 	-0.00046989 	-4.3806e-05
0.28064 	-0.00301088 	-0.000473858 	-4.37175e-05
0.282141 	-0.00298713 	-0.000477826 	-4.3629e-05
0.283642 	-0.00296338 	-0.000481794 	-4.35405e-05
0.285143 	-0.00293962 	-0.000485762 	-4.3452e-05
0.286643 	-0.00291587 	-0.00048973 	-4.33635e-05
0.288144 	-0.00289212 	-0.000493698 	-4.3275e-05
0.289645 	-0.00286837 	-0.000497666 	-4.31865e-05
0.291146 	-0.00284462 	-0.000501634 	-4.3098e-05
0.292646 	-0.00282087 	-0.000505602 	-4.30095e-05
0.294147 	-0.00279712 	-0.00050957 	-4.2921e-05
0.295648 	-0.00277337 	-0.000513537 	-4.28325e-05
0.297149 	-0.00274962 	-0.000517505 	-4.2744e-05
0.298649 	-0.00272587 	-0.000521473 	-4.26555e-05
0.30015 	-0.00270212 	-0.000525441 	-4.2567e-05
0.301651 	-0.00267929 	-0.000529259 	-4.23073e-05
0.303152 	-0.00265427 	-0.000533452 	-4.18157e-05
0.304652 	-0.00262925 	-0.000537645 	-4.1324e-05
0.306153 	-0.00260422 	-0.000541838 	-4.08323e-05
0.307654 	-0.0025792 	-0.000546032 	-4.03407e-05
0.309155 	-0.0025542 	-0.000550221 	-3.985e-05
0.310655 	-0.00252933 	-0.000554387 	-3.93668e-05
0.312156 	-0.00250446 	-0.000558552 	-3.88836e-05
0.313657 	-0.00247959 	-0.000562718 	-3.84003e-05
0.315158 	-0.00245472 	-0.000566883 	-3.79171e-05
0.316658 	-0.00242985 	-0.000571049 	-3.74338e-05
0.318159 	-0.00240498 	-0.000575214 	-3.69506e-05
0.31966 	-0.00238011 	-0.000579379 	-3.64674e-05
0.321161 	-0.00235524 	-0.000583545 	-3.59841e-05
0.322661 	-0.00233037 	-0.00058771 	-3.55009e-05
0.324162 	-0.0023055 	-0.000591876 	-3.50177e-05
0.325663 	-0.00228063 	-0.000596041 	-3.45344e-05
0.327164 	-0.00225575 	-0.000600207 	-3.40512e-05
0.328664 	-0.00223088 	-0.000604372 	-3.3568e-05
0.330165 	-0.00220601 	-0.000608538 	-3.30847e-05
0.331666 	-0.00218114 	-0.000612703 	-3.26015e-05
0.333167 	-0.0021531 	-0.000617418 	-3.1874e-05
0.334667 	-0.00212422 	-0.000622155 	-3.12813e-05
0.336168 	-0.00209533 	-0.000626893 	-3.06886e-05
0.337669 	-0.00206645 	-0.00063163 	-3.00959e-05
0.33917 	-0.00203756 	-0.000636367 	-2.95032e-05
0.34067 	-0.00200867 	-0.000641105 	-2.89105e-05
0.342171 	-0.00197979 	-0.000645842 	-2.83178e-05
0.343672 	-0.0019509 	-0.000650579 	-2.77251e-05
0.345173 	-0.00192201 	-0.000655317 	-2.71324e-05
0.346673 	-0.00189313 	-0.000660054 	-2.65397e-05
0.348174 	-0.00186424 	-0.000664791 	-2.5947e-05
0.349675 	-0.00183536 	-0.000669529 	-2.53543e-05
0.351176 	-0.00180647 	-0.000674266 	-2.47616e-05
0.352676 	-0.00177758 	-0.000679003 	-2.41689e-05
0.354177 	-0.0017487 	-0.000683741 	-2.35762e-05
0.355678 	-0.00171981 	-0.000688478 	-2.29835e-05
0.357179 	-0.00169093 	-0.000693215 	-2.23908e-05
0.358679 	-0.00166204 	-0.000697953 	-2.17981e-05
0.36018 	-0.00163315 	-0.00070269 	-2.12054e-05
0.361681 	-0.00160427 	-0.000707427 	-2.06127e-05
0.363182 	-0.00157538 	-0.000712165 	-2.002e-05
0.364682 	-0.00154685 	-0.000716766 	-1.94974e-05
0.366183 	-0.00151861 	-0.000721012 	-1.92134e-05
0.367684 	-0.00148542 	-0.000726612 	-1.84688e-05
0.369185 	-0.00145446 	-0.000731403 	-1.82861e-05
0.370685 	-0.0014235 	-0.000736194 	-1.81033e-05
0.372186 	-0.00139254 	-0.000740986 	-1.79206e-05
0.373687 	-0.00136158 	-0.000745777 	-1.77378e-05
0.375188 	-0.00133062 	-0.000750568 	-1.75551e-05
0.376688 	-0.00129966 	-0.000755359 	-1.73723e-05
0.378189 	-0.0012687 	-0.00076015 	-1.71896e-05
0.37969 	-0.00123773 	-0.000764941 	-1.70068e-05
0.381191 	-0.00120677 	-0.000769732 	-1.68241e-05
0.382691 	-0.00117581 	-0.000774523 	-1.66413e-05
0.384192 	-0.00114485 	-0.000779314 	-1.64585e-05
0.385693 	-0.00111389 	-0.000784106 	-1.62758e-05
0.387194 	-0.00108293 	-0.000788897 	-1.6093e-05
0.388694 	-0.00105197 	-0.000793688 	-1.59103e-05
0.390195 	-0.00102101 	-0.000798479 	-1.57275e-05
0.391696 	-0.000990045 	-0.00080327 	-1.55448e-05
0.393197 	-0.000959084 	-0.000808061 	-1.5362e-05
0.394697 	-0.000928123 	-0.000812852 	-1.51793e-05
0.396198 	-0.000897162 	-0.000817643 	-1.49965e-05
0.397699 	-0.000866201 	-0.000822434 	-1.48138e-05
0.3992 	-0.00083524 	-0.000827226 	-1.4631e-05
0.4007 	-0.000808288 	-0.00083062 	-1.55624e-05
0.402201 	-0.00077474 	-0.000835784 	-1.55417e-05
0.403702 	-0.000737762 	-0.000841843 	-1.50656e-05
0.405203 	-0.00070462 	-0.000846666 	-1.54759e-05
0.406703 	-0.000671479 	-0.000851489 	-1.58862e-05
0.408204 	-0.000638337 	-0.000856313 	-1.62965e-05
0.409705 	-0.000605196 	-0.000861136 	-1.67068e-05
0.411206 	-0.000572054 	-0.000865959 	-1.71171e-05
0.412706 	-0.000538912 	-0.000870782 	-1.75274e-05
0.414207 	-0.000505771 	-0.000875605 	-1.79377e-05
0.415708 	-0.000472629 	-0.000880429 	-1.8348e-05
0.417209 	-0.000439487 	-0.000885252 	-1.87583e-05
0.418709 	-0.000406346 	-0.000890075 	-1.91686e-05
0.42021 	-0.000373204 	-0.000894898 	-1.95789e-05
0.421711 	-0.000340063 	-0.000899721 	-1.99892e-05
0.423212 	-0.000306921 	-0.000904545 	-2.03995e-05
0.424712 	-0.000273779 	-0.000909368 	-2.08098e-05
0.426213 	-0.000240638 	-0.000914191 	-2.12201e-05
0.427714 	-0.000207496 	-0.000919014 	-2.16304e-05
0.429215 	-0.000174354 	-0.000923838 	-2.20407e-05
0.430715 	-0.000141213 	-0.000928661 	-2.24509e-05
0.432216 	-0.000108071 	-0.000933484 	-2.28612e-05
0.433717 	-7.49295e-05 	-0.000938307 	-2.32715e-05
0.435218 	-4.17879e-05 	-0.00094313 	-2.36818e-05
0.436718 	-1.11479e-05 	-0.00094721 	-2.46428e-05
0.438219 	1.75216e-05 	-0.000950705 	-2.60376e-05
0.43972 	5.20965e-05 	-0.000955642 	-2.67614e-05
0.441221 	9.22333e-05 	-0.000961938 	-2.68532e-05
0.442721 	0.000130271 	-0.000967766 	-2.70851e-05
0.444222 	0.000161632 	-0.000972103 	-2.77625e-05
0.445723 	0.000192994 	-0.000976441 	-2.84399e-05
0.447224 	0.000224355 	-0.000980778 	-2.91172e-05
0.448724 	0.000255716 	-0.000985116 	-2.97946e-05
0.450225 	0.000287077 	-0.000989453 	-3.0472e-05
0.451726 	0.000318439 	-0.000993791 	-3.11493e-05
0.453227 	0.0003498 	-0.000998128 	-3.18267e-05
0.454727 	0.000381161 	-0.00100247 	-3.2504e-05
0.456228 	0.000412523 	-0.0010068 	-3.31814e-05
0.457729 	0.000443884 	-0.00101114 	-3.38588e-05
0.45923 	0.000475245 	-0.00101548 	-3.45361e-05
0.46073 	0.000506606 	-0.00101981 	-3.52135e-05
0.462231 	0.000537968 	-0.00102415 	-3.58909e-05
0.463732 	0.000569329 	-0.00102849 	-3.65682e-05
0.465233 	0.00060069 	-0.00103283 	-3.72456e-05
0.466733 	0.000632052 	-0.00103716 	-3.7923e-05
0.468234 	0.000663413 	-0.0010415 	-3.86003e-05
0.469735 	0.000694774 	-0.00104584 	-3.92777e-05
0.471236 	0.000726135 	-0.00105018 	-3.99551e-05
0.472736 	0.000757497 	-0.00105451 	-4.06324e-05
0.474237 	0.000788858 	-0.00105885 	-4.13098e-05
0.475738 	0.000813209 	-0.00106173 	-4.23648e-05
0.477239 	0.000835312 	-0.00106415 	-4.35409e-05
0.478739 	0.000857414 	-0.00106657 	-4.4717e-05
0.48024 	0.00087676 	-0.00106965 	-4.46098e-05
0.481741 	0.0008959 	-0.00107279 	-4.44066e-05
0.483242 	0.00091504 	-0.00107593 	-4.42035e-05
0.484742 	0.000945304 	-0.00108 	-4.46678e-05
0.486243 	0.000978679 	-0.00108434 	-4.53187e-05
0.487744 	0.00101205 	-0.00108868 	-4.59695e-05
0.489245 	0.00104543 	-0.00109303 	-4.66204e-05
0.490745 	0.0010788 	-0.00109737 	-4.72713e-05
0.492246 	0.00111218 	-0.00110171 	-4.79222e-05
0.493747 	0.00114555 	-0.00110605 	-4.8573e-05
0.495248 	0.00117893 	-0.00111039 	-4.92239e-05
0.496748 	0.0012123 	-0.00111473 	-4.98748e-05
0.498249 	0.00124568 	-0.00111907 	-5.05256e-05
0.49975 	0.00127905 	-0.00112341 	-5.11765e-05
0.501251 	0.00131243 	-0.00112775 	-5.18274e-05
0.502751 	0.0013458 	-0.00113209 	-5.24783e-05
0.504252 	0.00137918 	-0.00113643 	-5.31291e-05
0.505753 	0.00141255 	-0.00114077 	-5.378e-05
0.507254 	0.00144593 	-0.00114511 	-5.44309e-05
0.508754 	0.0014793 	-0.00114945 	-5.50817e-05
0.510255 	0.00151268 	-0.00115379 	-5.57326e-05
0.511756 	0.00154605 	-0.00115813 	-5.63835e-05
0.513257 	0.00157943 	-0.00116247 	-5.70344e-05
0.514757 	0.0016128 	-0.00116681 	-5.76852e-05
0.516258 	0.00165472 	-0.00117197 	-5.8782e-05
0.517759 	0.00170298 	-0.00117772 	-6.02093e-05
0.51926 	0.00175124 	-0.00118348 	-6.16367e-05
0.52076 	0.00179951 	-0.00118923 	-6.30641e-05
0.522261 	0.00183135 	-0.00119373 	-6.34066e-05
0.523762 	0.00186031 	-0.00119801 	-6.3558e-05
0.525263 	0.00188926 	-0.00120228 	-6.37095e-05
0.526763 	0.00191821 	-0.00120656 	-6.38609e-05
0.528264 	0.00195508 	-0.00121125 	-6.41858e-05
0.529765 	0.00199538 	-0.00121612 	-6.45857e-05
0.531266 	0.00203567 	-0.00122099 	-6.49857e-05
0.532766 	0.00207596 	-0.00122586 	-6.53856e-05
0.534267 	0.00211625 	-0.00123073 	-6.57855e-05
0.535768 	0.00215654 	-0.0012356 	-6.61854e-05
0.537269 	0.00219683 	-0.00124046 	-6.65854e-05
0.538769 	0.00223712 	-0.00124533 	-6.69853e-05
0.54027 	0.00227741 	-0.0012502 	-6.73852e-05
0.541771 	0.0023177 	-0.00125507 	-6.77851e-05
0.543272 	0.002358 	-0.00125994 	-6.81851e-05
0.544772 	0.00239829 	-0.00126481 	-6.8585e-05
0.546273 	0.00243858 	-0.00126968 	-6.89849e-05
0.547774 	0.00247887 	-0.00127455 	-6.93848e-05
0.549275 	0.00251916 	-0.00127942 	-6.97848e-05
0.550775 	0.00255945 	-0.00128428 	-7.01847e-05
0.552276 	0.00259974 	-0.00128915 	-7.05846e-05
0.553777 	0.00264003 	-0.00129402 	-7.09845e-05
0.555278 	0.00268032 	-0.00129889 	-7.13845e-05
0.556778 	0.00272062 	-0.00130376 	-7.17844e-05
0.558279 	0.00276092 	-0.00130863 	-7.21846e-05
0.55978 	0.00281335 	-0.00131435 	-7.28628e-05
0.561281 	0.00286578 	-0.00132007 	-7.35409e-05
0.562781 	0.00291821 	-0.00132579 	-7.42191e-05
0.564282 	0.00297064 	-0.0013315 	-7.48973e-05
0.565783 	0.00301779 	-0.00133684 	-7.54803e-05
0.567284 	0.00304969 	-0.00134106 	-7.5788e-05
0.568784 	0.00308159 	-0.00134528 	-7.60957e-05
0.570285 	0.00311349 	-0.0013495 	-7.64034e-05
0.571786 	0.00314539 	-0.00135372 	-7.67111e-05
0.573287 	0.00317729 	-0.00135794 	-7.70188e-05
0.574787 	0.00321621 	-0.0013623 	-7.70481e-05
0.576288 	0.00325539 	-0.00136666 	-7.70671e-05
0.577789 	0.00329457 	-0.00137102 	-7.70861e-05
0.57929 	0.00333375 	-0.00137538 	-7.71051e-05
0.58079 	0.00337293 	-0.00137975 	-7.71241e-05
0.582291 	0.0034121 	-0.00138411 	-7.71431e-05
0.583792 	0.00345128 	-0.00138847 	-7.71621e-05
0.585293 	0.00349046 	-0.00139283 	-7.71811e-05
0.586793 	0.00352964 	-0.00139719 	-7.72001e-05
0.588294 	0.00356882 	-0.00140156 	-7.72191e-05
0.589795 	0.003608 	-0.00140592 	-7.72381e-05
0.591296 	0.00364718 	-0.00141028 	-7.7257e-05
0.592796 	0.00368635 	-0.00141464 	-7.7276e-05
0.594297 	0.00372553 	-0.001419 	-7.7295e-05
0.595798 	0.00376471 	-0.00142336 	-7.7314e-05
0.597299 	0.00380389 	-0.00142773 	-7.7333e-05
0.598799 	0.00384307 	-0.00143209 	-7.7352e-05
0.6003 	0.00388225 	-0.00143645 	-7.7371e-05
0.601801 	0.00392143 	-0.00144081 	-7.739e-05
0.603302 	0.00396105 	-0.00144524 	-7.74013e-05
0.604802 	0.00401246 	-0.00145154 	-7.72071e-05
0.606303 	0.00406388 	-0.00145784 	-7.70129e-05
0.607804 	0.0041153 	-0.00146414 	-7.68187e-05
0.609305 	0.00416672 	-0.00147044 	-7.66245e-05
0.610805 	0.00421813 	-0.00147674 	-7.64303e-05
0.612306 	0.00426784 	-0.00148268 	-7.62799e-05
0.613807 	0.00430731 	-0.00148646 	-7.63924e-05
0.615308 	0.00434678 	-0.00149024 	-7.65048e-05
0.616808 	0.00438626 	-0.00149402 	-7.66172e-05
0.618309 	0.00442573 	-0.0014978 	-7.67297e-05
0.61981 	0.0044652 	-0.00150159 	-7.68421e-05
0.621311 	0.00450467 	-0.00150537 	-7.69545e-05
0.622811 	0.00454555 	-0.00150942 	-7.68579e-05
0.624312 	0.00458753 	-0.00151368 	-7.66005e-05
0.625813 	0.0046295 	-0.00151794 	-7.63432e-05
0.627314 	0.00467147 	-0.0015222 	-7.60859e-05
0.628814 	0.00471345 	-0.00152646 	-7.58286e-05
0.630315 	0.00475542 	-0.00153073 	-7.55713e-05
0.631816 	0.00479739 	-0.00153499 	-7.5314e-05
0.633317 	0.00483937 	-0.00153925 	-7.50566e-05
0.634817 	0.00488134 	-0.00154351 	-7.47993e-05
0.636318 	0.00492331 	-0.00154777 	-7.4542e-05
0.637819 	0.00496529 	-0.00155203 	-7.42847e-05
0.63932 	0.00500726 	-0.00155629 	-7.40274e-05
0.64082 	0.00504923 	-0.00156055 	-7.377e-05
0.642321 	0.0050912 	-0.00156481 	-7.35127e-05
0.643822 	0.00513318 	-0.00156907 	-7.32554e-05
0.645323 	0.00517515 	-0.00157334 	-7.29981e-05
0.646823 	0.00521712 	-0.0015776 	-7.27408e-05
0.648324 	0.0052591 	-0.00158186 	-7.24835e-05
0.649825 	0.00530107 	-0.00158612 	-7.22261e-05
0.651326 	0.00534408 	-0.00159147 	-7.17058e-05
0.652826 	0.00538756 	-0.00159732 	-7.10661e-05
0.654327 	0.00543104 	-0.00160318 	-7.04264e-05
0.655828 	0.00547453 	-0.00160903 	-6.97867e-05
0.657329 	0.00551801 	-0.00161488 	-6.91471e-05
0.658829 	0.00556149 	-0.00162073 	-6.85074e-05
0.66033 	0.00560497 	-0.00162658 	-6.78677e-05
0.661831 	0.00565304 	-0.0016314 	-6.73148e-05
0.663332 	0.00570548 	-0.00163522 	-6.68442e-05
0.664832 	0.00575792 	-0.00163905 	-6.63736e-05
0.666333 	0.00581036 	-0.00164288 	-6.59031e-05
0.667834 	0.0058628 	-0.00164671 	-6.54325e-05
0.669335 	0.00591524 	-0.00165054 	-6.4962e-05
0.670835 	0.00596767 	-0.00165437 	-6.44914e-05
0.672336 	0.00602011 	-0.00165819 	-6.40209e-05
0.673837 	0.00607063 	-0.00166233 	-6.35335e-05
0.675338 	0.00611924 	-0.00166677 	-6.30292e-05
0.676838 	0.00616785 	-0.00167121 	-6.2525e-05
0.678339 	0.00621646 	-0.00167565 	-6.20207e-05
0.67984 	0.00626506 	-0.00168009 	-6.15165e-05
0.681341 	0.00631367 	-0.00168452 	-6.10122e-05
0.682841 	0.00636228 	-0.00168896 	-6.0508e-05
0.684342 	0.00641089 	-0.0016934 	-6.00037e-05
0.685843 	0.00645949 	-0.00169784 	-5.94995e-05
0.687344 	0.0065081 	-0.00170228 	-5.89953e-05
0.688844 	0.00655671 	-0.00170672 	-5.8491e-05
0.690345 	0.00660532 	-0.00171116 	-5.79868e-05
0.691846 	0.00665392 	-0.0017156 	-5.74825e-05
0.693347 	0.00670253 	-0.00172004 	-5.69783e-05
0.694847 	0.00675114 	-0.00172448 	-5.6474e-05
0.696348 	0.00679975 	-0.00172892 	-5.59698e-05
0.697849 	0.00684835 	-0.00173336 	-5.54655e-05
0.69935 	0.00689696 	-0.0017378 	-5.49613e-05
0.70085 	0.00693663 	-0.00174255 	-5.42477e-05
0.702351 	0.00697606 	-0.00174731 	-5.35288e-05
0.703852 	0.0070155 	-0.00175207 	-5.28098e-05
0.705353 	0.00705493 	-0.00175682 	-5.20909e-05
0.706853 	0.00709436 	-0.00176158 	-5.13719e-05
0.708354 	0.0071338 	-0.00176634 	-5.0653e-05
0.709855 	0.00717323 	-0.0017711 	-4.99341e-05
0.711356 	0.00721267 	-0.00177586 	-4.92151e-05
0.712856 	0.00726012 	-0.00178034 	-4.83707e-05
0.714357 	0.00732058 	-0.00178437 	-4.7323e-05
0.715858 	0.00738104 	-0.00178839 	-4.62752e-05
0.717359 	0.0074415 	-0.00179242 	-4.52275e-05
0.718859 	0.00750196 	-0.00179645 	-4.41797e-05
0.72036 	0.00756241 	-0.00180047 	-4.31319e-05
0.721861 	0.00762287 	-0.0018045 	-4.20842e-05
0.723362 	0.00768333 	-0.00180853 	-4.10364e-05
0.724862 	0.00774379 	-0.00181255 	-3.99886e-05
0.726363 	0.00780425 	-0.00181658 	-3.89409e-05
0.727864 	0.00785712 	-0.0018206 	-3.82797e-05
0.729365 	0.00790789 	-0.00182461 	-3.7725e-05
0.730865 	0.00795867 	-0.00182862 	-3.71704e-05
0.732366 	0.00800945 	-0.00183263 	-3.66158e-05
0.733867 	0.00806022 	-0.00183664 	-3.60611e-05
0.735368 	0.008111 	-0.00184065 	-3.55065e-05
0.736868 	0.00816178 	-0.00184466 	-3.49519e-05
0.738369 	0.00821255 	-0.00184867 	-3.43973e-05
0.73987 	0.00826333 	-0.00185268 	-3.38426e-05
0.741371 	0.00831411 	-0.00185669 	-3.3288e-05
0.742871 	0.00836488 	-0.0018607 	-3.27334e-05
0.744372 	0.00841566 	-0.00186471 	-3.21788e-05
0.745873 	0.00846643 	-0.00186872 	-3.16241e-05
0.747374 	0.00851721 	-0.00187273 	-3.10695e-05
0.748874 	0.00856799 	-0.00187674 	-3.05149e-05
0.750375 	0.00861876 	-0.00188075 	-2.99603e-05
0.751876 	0.0086601 	-0.00188501 	-2.96873e-05
0.753377 	0.00870068 	-0.00188929 	-2.94368e-05
0.754877 	0.00874126 	-0.00189357 	-2.91862e-05
0.756378 	0.00878184 	-0.00189785 	-2.89357e-05
0.757879 	0.00882242 	-0.00190213 	-2.86851e-05
0.75938 	0.008863 	-0.00190641 	-2.84346e-05
0.76088 	0.00890358 	-0.00191069 	-2.8184e-05
0.762381 	0.00894416 	-0.00191497 	-2.79335e-05
0.763882 	0.00898474 	-0.00191925 	-2.7683e-05
0.765383 	0.00902533 	-0.00192353 	-2.74324e-05
0.766883 	0.00908368 	-0.00192729 	-2.67995e-05
0.768384 	0.0091471 	-0.00193091 	-2.60575e-05
0.769885 	0.00921053 	-0.00193453 	-2.53156e-05
0.771386 	0.00927395 	-0.00193814 	-2.45737e-05
0.772886 	0.00933737 	-0.00194176 	-2.38318e-05
0.774387 	0.00940079 	-0.00194537 	-2.30899e-05
0.775888 	0.00946422 	-0.00194899 	-2.23479e-05
0.777389 	0.00952764 	-0.00195261 	-2.1606e-05
0.778889 	0.00959106 	-0.00195622 	-2.08641e-05
0.78039 	0.00965448 	-0.00195984 	-2.01222e-05
0.781891 	0.0097179 	-0.00196346 	-1.93802e-05
0.783392 	0.00977657 	-0.00196701 	-1.87628e-05
0.784892 	0.00982926 	-0.00197048 	-1.83013e-05
0.786393 	0.00988196 	-0.00197395 	-1.78398e-05
0.787894 	0.00993465 	-0.00197742 	-1.73783e-05
0.789395 	0.00998735 	-0.00198089 	-1.69168e-05
0.790895 	0.01004 	-0.00198436 	-1.64553e-05
0.792396 	0.0100927 	-0.00198783 	-1.59938e-05
0.793897 	0.0101454 	-0.0019913 	-1.55323e-05
0.795398 	0.0101981 	-0.00199477 	-1.50708e-05
0.796898 	0.0102508 	-0.00199824 	-1.46093e-05
0.798399 	0.0103035 	-0.00200171 	-1.41478e-05
0.7999 	0.0103562 	-0.00200518 	-1.36863e-05
0.801401 	0.0104089 	-0.00200865 	-1.32248e-05
0.802901 	0.0104616 	-0.00201212 	-1.27633e-05
0.804402 	0.0105077 	-0.00201567 	-1.24649e-05
0.805903 	0.0105492 	-0.00201927 	-1.22835e-05
0.807404 	0.0105906 	-0.00202288 	-1.21021e-05
0.808904 	0.010632 	-0.00202649 	-1.19207e-05
0.810405 	0.0106735 	-0.0020301 	-1.17393e-05
0.811906 	0.0107149 	-0.0020337 	-1.15579e-05
0.813407 	0.0107563 	-0.00203731 	-1.13765e-05
0.814907 	0.0107978 	-0.00204092 	-1.11951e-05
0.816408 	0.0108392 	-0.00204452 	-1.10137e-05
0.817909 	0.0108806 	-0.00204813 	-1.08322e-05
0.81941 	0.0109221 	-0.00205174 	-1.06508e-05
0.82091 	0.0109635 	-0.00205535 	-1.04694e-05
0.822411 	0.0110235 	-0.00205849 	-1.00159e-05
0.823912 	0.0110898 	-0.00206148 	-9.46965e-06
0.825413 	0.0111561 	-0.00206447 	-8.92339e-06
0.826913 	0.0112224 	-0.00206745 	-8.37713e-06
0.828414 	0.0112887 	-0.00207044 	-7.83087e-06
0.829915 	0.011355 	-0.00207343 	-7.28462e-06
0.831416 	0.0114213 	-0.00207641 	-6.73836e-06
0.832916 	0.0114876 	-0.0020794 	-6.1921e-06
0.834417 	0.0115539 	-0.00208239 	-5.64584e-06
0.835918 	0.0116202 	-0.00208538 	-5.09958e-06
0.837419 	0.0116865 	-0.00208836 	-4.55332e-06
0.838919 	0.0117528 	-0.00209135 	-4.00706e-06
0.84042 	0.0118191 	-0.00209434 	-3.4608e-06
0.841921 	0.0118758 	-0.00209706 	-3.02917e-06
0.843422 	0.0119239 	-0.00209955 	-2.70025e-06
0.844922 	0.0119721 	-0.00210204 	-2.37133e-06
0.846423 	0.0120202 	-0.00210452 	-2.04242e-06
0.847924 	0.0120683 	-0.00210701 	-1.7135e-06
0.849425 	0.0121165 	-0.0021095 	-1.38458e-06
0.850925 	0.0121646 	-0.00211199 	-1.05566e-06
0.852426 	0.0122127 	-0.00211447 	-7.26742e-07
0.853927 	0.0122609 	-0.00211696 	-3.97824e-07
0.855428 	0.012309 	-0.00211945 	-6.89054e-08
0.856928 	0.0123572 	-0.00212193 	2.60013e-07
0.858429 	0.0124053 	-0.00212442 	5.88931e-07
0.85993 	0.0124346 	-0.00212668 	6.33542e-07
0.861431 	0.0124638 	-0.00212894 	6.76713e-07
0.862931 	0.012493 	-0.0021312 	7.19884e-07
0.864432 	0.0125222 	-0.00213346 	7.63055e-07
0.865933 	0.0125514 	-0.00213572 	8.06225e-07
0.867434 	0.0125806 	-0.00213798 	8.49396e-07
0.868934 	0.0126098 	-0.00214024 	8.92567e-07
0.870435 	0.012639 	-0.0021425 	9.35738e-07
0.871936 	0.0126682 	-0.00214476 	9.78909e-07
0.873437 	0.0126974 	-0.00214702 	1.02208e-06
0.874937 	0.0127265 	-0.00214928 	1.06525e-06
0.876438 	0.0127557 	-0.00215154 	1.10842e-06
0.877939 	0.0127849 	-0.0021538 	1.15159e-06
0.87944 	0.0128152 	-0.00215549 	1.27214e-06
0.88094 	0.0128475 	-0.00215606 	1.54198e-06
0.882441 	0.0128797 	-0.00215663 	1.81182e-06
0.883942 	0.012912 	-0.0021572 	2.08165e-06
0.885443 	0.0129443 	-0.00215778 	2.35149e-06
0.886943 	0.0129766 	-0.00215835 	2.62132e-06
0.888444 	0.0130088 	-0.00215892 	2.89116e-06
0.889945 	0.0130411 	-0.00215949 	3.161e-06
0.891446 	0.0130734 	-0.00216006 	3.43083e-06
0.892946 	0.0131057 	-0.00216064 	3.70067e-06
0.894447 	0.0131379 	-0.00216121 	3.9705e-06
0.895948 	0.0131702 	-0.00216178 	4.24034e-06
0.897449 	0.0132025 	-0.00216235 	4.51018e-06
0.898949 	0.0132348 	-0.00216292 	4.78001e-06
0.90045 	0.013267 	-0.0021635 	5.04985e-06
0.901951 	0.0133007 	-0.00216421 	5.28775e-06
0.903452 	0.0133469 	-0.00216622 	5.23706e-06
0.904952 	0.0133932 	-0.00216823 	5.18636e-06
0.906453 	0.0134394 	-0.00217023 	5.13566e-06
0.907954 	0.0134856 	-0.00217224 	5.08497e-06
0.909455 	0.0135318 	-0.00217425 	5.03427e-06
0.910955 	0.0135781 	-0.00217626 	4.98357e-06
0.912456 	0.0136243 	-0.00217826 	4.93288e-06
0.913957 	0.0136705 	-0.00218027 	4.88218e-06
0.915458 	0.0137203 	-0.0021827 	4.7539e-06
0.916958 	0.0137821 	-0.00218655 	4.36196e-06
0.918459 	0.0138439 	-0.0021904 	3.97001e-06
0.91996 	0.0139057 	-0.00219425 	3.57806e-06
0.921461 	0.0139675 	-0.0021981 	3.18611e-06
0.922961 	0.0140292 	-0.00220196 	2.79416e-06
0.924462 	0.014091 	-0.00220581 	2.40221e-06
0.925963 	0.0141528 	-0.00220966 	2.01026e-06
0.927464 	0.0142146 	-0.00221351 	1.61831e-06
0.928964 	0.0142764 	-0.00221736 	1.22637e-06
0.930465 	0.0143382 	-0.00222122 	8.34417e-07
0.931966 	0.0144 	-0.00222507 	4.42469e-07
0.933467 	0.0144618 	-0.00222892 	5.05198e-08
0.934967 	0.0145236 	-0.00223277 	-3.41429e-07
0.936468 	0.0145853 	-0.00223662 	-7.33378e-07
0.937969 	0.0146471 	-0.00224048 	-1.12533e-06
0.93947 	0.0146933 	-0.00224383 	-1.40982e-06
0.94097 	0.0147304 	-0.00224691 	-1.63309e-06
0.942471 	0.0147676 	-0.00224998 	-1.85635e-06
0.943972 	0.0148048 	-0.00225305 	-2.07962e-06
0.945473 	0.014842 	-0.00225613 	-2.30288e-06
0.946973 	0.0148792 	-0.0022592 	-2.52615e-06
0.948474 	0.0149164 	-0.00226227 	-2.74941e-06
0.949975 	0.0149536 	-0.00226535 	-2.97268e-06
0.951476 	0.0149907 	-0.00226842 	-3.19594e-06
0.952976 	0.0150279 	-0.00227149 	-3.41921e-06
0.954477 	0.0150651 	-0.00227457 	-3.64248e-06
0.955978 	0.0151023 	-0.00227764 	-3.86574e-06
0.957479 	0.0151395 	-0.00228072 	-4.08901e-06
0.958979 	0.0151767 	-0.00228379 	-4.31227e-06
0.96048 	0.0152139 	-0.00228686 	-4.53554e-06
0.961981 	0.0152511 	-0.00228994 	-4.7588e-06
0.963482 	0.0152882 	-0.00229301 	-4.98207e-06
0.964982 	0.0153276 	-0.00229567 	-5.23773e-06
0.966483 	0.0153737 	-0.00229705 	-5.59368e-06
0.967984 	0.0154197 	-0.00229842 	-5.94962e-06
0.969485 	0.0154658 	-0.0022998 	-6.30557e-06
0.970985 	0.0155119 	-0.00230118 	-6.66151e-06
0.972486 	0.015558 	-0.00230255 	-7.01745e-06
0.973987 	0.0156097 	-0.00230338 	-7.44959e-06
0.975488 	0.0156716 	-0.00230318 	-8.02066e-06
0.976988 	0.0157335 	-0.00230299 	-8.59173e-06
0.978489 	0.0157955 	-0.0023028 	-9.1628e-06
0.97999 	0.0158574 	-0.00230261 	-9.73387e-06
0.981491 	0.0159194 	-0.00230242 	-1.03049e-05
0.982991 	0.0159813 	-0.00230223 	-1.0876e-05
0.984492 	0.0160432 	-0.00230203 	-1.14471e-05
0.985993 	0.0161052 	-0.00230184 	-1.20182e-05
0.987494 	0.0161671 	-0.00230165 	-1.25892e-05
0.988994 	0.0162291 	-0.00230146 	-1.31603e-05
0.990495 	0.016291 	-0.00230127 	-1.37314e-05
0.991996 	0.016353 	-0.00230108 	-1.43024e-05
0.993497 	0.0164149 	-0.00230088 	-1.48735e-05
0.994997 	0.0164768 	-0.00230069 	-1.54446e-05
0.996498 	0.0165388 	-0.0023005 	-1.60156e-05
0.997999 	0.0166007 	-0.00230031 	-1.65867e-05
0.9995 	0.0166627 	-0.00230012 	-1.71578e-05
1.001 	0.0167117 	-0.00230099 	-1.76309e-05
1.0025 	0.0167557 	-0.00230228 	-1.80658e-05
1.004 	0.0167997 	-0.00230357 	-1.85007e-05
1.0055 	0.0168437 	-0.00230486 	-1.89356e-05
1.007 	0.0168877 	-0.00230615 	-1.93705e-05
1.0085 	0.0169317 	-0.00230744 	-1.98054e-05
1.01001 	0.0169757 	-0.00230873 	-2.02403e-05
1.01151 	0.0170198 	-0.00231002 	-2.06752e-05
1.01301 	0.0170638 	-0.00231131 	-2.11101e-05
1.01451 	0.0171078 	-0.0023126 	-2.1545e-05
1.01601 	0.0171518 	-0.00231389 	-2.19798e-05
1.01751 	0.0171958 	-0.00231518 	-2.24147e-05
1.01901 	0.0172398 	-0.00231647 	-2.28496e-05
1.02051 	0.0172838 	-0.00231776 	-2.32845e-05
1.02201 	0.0173278 	-0.00231905 	-2.37194e-05
1.02351 	0.0173718 	-0.00232034 	-2.41543e-05
1.02501 	0.0174158 	-0.00232163 	-2.45892e-05
1.02651 	0.0174598 	-0.00232292 	-2.50241e-05
1.02801 	0.0175038 	-0.00232421 	-2.5459e-05
1.02951 	0.0175479 	-0.00232541 	-2.58854e-05
1.03102 	0.0175934 	-0.00232531 	-2.61872e-05
1.03252 	0.0176389 	-0.00232521 	-2.64889e-05
1.03402 	0.017688 	-0.00232444 	-2.6781e-05
1.03552 	0.0177413 	-0.00232289 	-2.70619e-05
1.03702 	0.0177946 	-0.00232134 	-2.73428e-05
1.03852 	0.0178479 	-0.00231979 	-2.76237e-05
1.04002 	0.0179012 	-0.00231824 	-2.79045e-05
1.04152 	0.0179545 	-0.00231669 	-2.81854e-05
1.04302 	0.0180078 	-0.00231514 	-2.84663e-05
1.04452 	0.0180611 	-0.0023136 	-2.87471e-05
1.04602 	0.0181144 	-0.00231205 	-2.9028e-05
1.04752 	0.0181677 	-0.0023105 	-2.93089e-05
1.04902 	0.018221 	-0.00230895 	-2.95897e-05
1.05053 	0.0182743 	-0.0023074 	-2.98706e-05
1.05203 	0.0183276 	-0.00230585 	-3.01515e-05
1.05353 	0.0183809 	-0.0023043 	-3.04323e-05
1.05503 	0.0184342 	-0.00230276 	-3.07132e-05
1.05653 	0.0184875 	-0.00230121 	-3.09941e-05
1.05803 	0.0185408 	-0.00229966 	-3.12749e-05
1.05953 	0.0185941 	-0.00229811 	-3.15558e-05
1.06103 	0.0186474 	-0.00229656 	-3.18367e-05
1.06253 	0.0187007 	-0.00229501 	-3.21175e-05
1.06403 	0.0187494 	-0.00229465 	-3.23077e-05
1.06553 	0.018796 	-0.00229482 	-3.24573e-05
1.06703 	0.0188426 	-0.00229499 	-3.26068e-05
1.06853 	0.0188892 	-0.00229517 	-3.27563e-05
1.07004 	0.0189358 	-0.00229534 	-3.29059e-05
1.07154 	0.0189824 	-0.00229551 	-3.30554e-05
1.07304 	0.019029 	-0.00229568 	-3.3205e-05
1.07454 	0.0190756 	-0.00229585 	-3.33545e-05
1.07604 	0.0191223 	-0.00229603 	-3.3504e-05
1.07754 	0.0191689 	-0.0022962 	-3.36536e-05
1.07904 	0.0192155 	-0.00229637 	-3.38031e-05
1.08054 	0.0192621 	-0.00229654 	-3.39527e-05
1.08204 	0.0193087 	-0.00229671 	-3.41022e-05
1.08354 	0.0193553 	-0.00229689 	-3.42517e-05
1.08504 	0.0194019 	-0.00229706 	-3.44013e-05
1.08654 	0.0194485 	-0.00229723 	-3.45508e-05
1.08804 	0.0194952 	-0.0022974 	-3.47004e-05
1.08954 	0.0195418 	-0.00229757 	-3.48499e-05
1.09105 	0.0195884 	-0.00229774 	-3.49994e-05
1.09255 	0.019635 	-0.00229792 	-3.5149e-05
1.09405 	0.0196816 	-0.00229809 	-3.52985e-05
1.09555 	0.0197285 	-0.00229732 	-3.5393e-05
1.09705 	0.0197756 	-0.00229514 	-3.53874e-05
1.09855 	0.0198229 	-0.00229256 	-3.53491e-05
1.10005 	0.0198702 	-0.00228998 	-3.53107e-05
1.10155 	0.0199174 	-0.00228739 	-3.52724e-05
1.10305 	0.0199647 	-0.00228481 	-3.52341e-05
1.10455 	0.0200119 	-0.00228222 	-3.51958e-05
1.10605 	0.0200592 	-0.00227964 	-3.51574e-05
1.10755 	0.0201065 	-0.00227706 	-3.51191e-05
1.10905 	0.0201537 	-0.00227447 	-3.50808e-05
1.11056 	0.020201 	-0.00227189 	-3.50425e-05
1.11206 	0.0202482 	-0.00226931 	-3.50041e-05
1.11356 	0.0202955 	-0.00226672 	-3.49658e-05
1.11506 	0.0203428 	-0.00226414 	-3.49275e-05
1.11656 	0.02039 	-0.00226155 	-3.48891e-05
1.11806 	0.0204373 	-0.00225897 	-3.48508e-05
1.11956 	0.0204845 	-0.00225639 	-3.48125e-05
1.12106 	0.0205318 	-0.0022538 	-3.47742e-05
1.12256 	0.020579 	-0.00225122 	-3.47358e-05
1.12406 	0.0206263 	-0.00224863 	-3.46975e-05
1.12556 	0.0206736 	-0.00224605 	-3.46592e-05
1.12706 	0.0207208 	-0.00224347 	-3.46209e-05
1.12856 	0.020764 	-0.00224203 	-3.44732e-05
1.13007 	0.0208053 	-0.00224117 	-3.42707e-05
1.13157 	0.0208465 	-0.00224031 	-3.40682e-05
1.13307 	0.0208877 	-0.00223945 	-3.38657e-05
1.13457 	0.0209289 	-0.00223859 	-3.36631e-05
1.13607 	0.0209701 	-0.00223772 	-3.34606e-05
1.13757 	0.0210113 	-0.00223686 	-3.32581e-05
1.13907 	0.0210525 	-0.002236 	-3.30556e-05
1.14057 	0.0210937 	-0.00223514 	-3.2853e-05
1.14207 	0.0211349 	-0.00223428 	-3.26505e-05
1.14357 	0.0211761 	-0.00223342 	-3.2448e-05
1.14507 	0.0212173 	-0.00223256 	-3.22455e-05
1.14657 	0.0212585 	-0.0022317 	-3.20429e-05
1.14807 	0.0212997 	-0.00223084 	-3.18404e-05
1.14957 	0.0213409 	-0.00222997 	-3.16379e-05
1.15108 	0.0213821 	-0.00222911 	-3.14354e-05
1.15258 	0.0214233 	-0.00222825 	-3.12329e-05
1.15408 	0.0214645 	-0.00222739 	-3.10303e-05
1.15558 	0.0215057 	-0.00222653 	-3.08278e-05
1.15708 	0.0215468 	-0.00222566 	-3.06249e-05
1.15858 	0.021584 	-0.00222374 	-3.03639e-05
1.16008 	0.0216211 	-0.00222182 	-3.01029e-05
1.16158 	0.0216582 	-0.00221991 	-2.98419e-05
1.16308 	0.0216953 	-0.00221799 	-2.9581e-05
1.16458 	0.021732 	-0.00221589 	-2.92919e-05
1.16608 	0.0217672 	-0.00221321 	-2.89086e-05
1.16758 	0.0218024 	-0.00221053 	-2.85253e-05
1.16908 	0.0218376 	-0.00220785 	-2.81419e-05
1.17059 	0.0218728 	-0.00220517 	-2.77586e-05
1.17209 	0.021908 	-0.00220248 	-2.73753e-05
1.17359 	0.0219433 	-0.0021998 	-2.6992e-05
1.17509 	0.0219785 	-0.00219712 	-2.66087e-05
1.17659 	0.0220137 	-0.00219444 	-2.62253e-05
1.17809 	0.0220489 	-0.00219176 	-2.5842e-05
1.17959 	0.0220841 	-0.00218908 	-2.54587e-05
1.18109 	0.0221193 	-0.00218639 	-2.50754e-05
1.18259 	0.0221545 	-0.00218371 	-2.46921e-05
1.18409 	0.0221898 	-0.00218103 	-2.43088e-05
1.18559 	0.022225 	-0.00217835 	-2.39254e-05
1.18709 	0.0222602 	-0.00217567 	-2.35421e-05
1.18859 	0.0222954 	-0.00217299 	-2.31588e-05
1.1901 	0.0223306 	-0.0021703 	-2.27755e-05
1.1916 	0.0223658 	-0.00216762 	-2.23922e-05
1.1931 	0.022401 	-0.00216494 	-2.20088e-05
1.1946 	0.0224385 	-0.00216267 	-2.14665e-05
1.1961 	0.0224765 	-0.00216052 	-2.08776e-05
1.1976 	0.0225146 	-0.00215837 	-2.02887e-05
1.1991 	0.0225526 	-0.00215622 	-1.96998e-05
1.2006 	0.0225907 	-0.00215407 	-1.91109e-05
1.2021 	0.0226288 	-0.00215192 	-1.85221e-05
1.2036 	0.0226668 	-0.00214977 	-1.79332e-05
1.2051 	0.0227049 	-0.00214762 	-1.73443e-05
1.2066 	0.022743 	-0.00214547 	-1.67554e-05
1.2081 	0.022781 	-0.00214332 	-1.61665e-05
1.2096 	0.0228191 	-0.00214117 	-1.55776e-05
1.21111 	0.0228572 	-0.00213902 	-1.49887e-05
1.21261 	0.0228952 	-0.00213687 	-1.43998e-05
1.21411 	0.0229333 	-0.00213472 	-1.38109e-05
1.21561 	0.0229713 	-0.00213257 	-1.3222e-05
1.21711 	0.0230094 	-0.00213042 	-1.26331e-05
1.21861 	0.0230475 	-0.00212827 	-1.20442e-05
1.22011 	0.0230855 	-0.00212612 	-1.14553e-05
1.22161 	0.0231181 	-0.00212378 	-1.09679e-05
1.22311 	0.0231478 	-0.00212135 	-1.0531e-05
1.22461 	0.0231776 	-0.00211891 	-1.00942e-05
1.22611 	0.0232074 	-0.00211648 	-9.6574e-06
1.22761 	0.0232372 	-0.00211405 	-9.22059e-06
1.22911 	0.023267 	-0.00211162 	-8.78377e-06
1.23062 	0.0232967 	-0.00210918 	-8.34695e-06
1.23212 	0.0233265 	-0.00210675 	-7.91013e-06
1.23362 	0.0233563 	-0.00210432 	-7.47331e-06
1.23512 	0.0233806 	-0.00210181 	-7.14307e-06
1.23662 	0.0234041 	-0.00209929 	-6.82843e-06
1.23812 	0.0234276 	-0.00209677 	-6.5138e-06
1.23962 	0.0234511 	-0.00209425 	-6.19917e-06
1.24112 	0.0234746 	-0.00209173 	-5.88453e-06
1.24262 	0.0234981 	-0.00208921 	-5.5699e-06
1.24412 	0.0235216 	-0.00208669 	-5.25527e-06
1.24562 	0.0235451 	-0.00208417 	-4.94063e-06
1.24712 	0.0235686 	-0.00208164 	-4.626e-06
1.24862 	0.0235921 	-0.00207912 	-4.31137e-06
1.25013 	0.0236156 	-0.0020766 	-3.99673e-06
1.25163 	0.0236391 	-0.00207408 	-3.6821e-06
1.25313 	0.0236626 	-0.00207156 	-3.36747e-06
1.25463 	0.0236861 	-0.00206904 	-3.05283e-06
1.25613 	0.0237096 	-0.00206652 	-2.7382e-06
1.25763 	0.0237331 	-0.002064 	-2.42357e-06
1.25913 	0.0237567 	-0.00206148 	-2.10893e-06
1.26063 	0.0237817 	-0.00205886 	-1.77245e-06
1.26213 	0.0238149 	-0.00205565 	-1.31583e-06
1.26363 	0.0238481 	-0.00205245 	-8.59209e-07
1.26513 	0.0238814 	-0.00204925 	-4.02589e-07
1.26663 	0.0239146 	-0.00204605 	5.40323e-08
1.26813 	0.0239478 	-0.00204284 	5.10653e-07
1.26963 	0.0239811 	-0.00203964 	9.67274e-07
1.27114 	0.0240143 	-0.00203644 	1.42389e-06
1.27264 	0.0240475 	-0.00203324 	1.88052e-06
1.27414 	0.0240808 	-0.00203003 	2.33714e-06
1.27564 	0.024114 	-0.00202683 	2.79376e-06
1.27714 	0.0241472 	-0.00202363 	3.25038e-06
1.27864 	0.0241805 	-0.00202043 	3.707e-06
1.28014 	0.0242137 	-0.00201722 	4.16362e-06
1.28164 	0.024247 	-0.00201402 	4.62024e-06
1.28314 	0.0242802 	-0.00201082 	5.07686e-06
1.28464 	0.0243134 	-0.00200762 	5.53348e-06
1.28614 	0.0243406 	-0.00200467 	5.85113e-06
1.28764 	0.0243658 	-0.00200181 	6.12187e-06
1.28914 	0.0243909 	-0.00199896 	6.3926e-06
1.29065 	0.0244161 	-0.0019961 	6.66334e-06
1.29215 	0.0244412 	-0.00199324 	6.93408e-06
1.29365 	0.0244664 	-0.00199039 	7.20481e-06
1.29515 	0.0244916 	-0.00198753 	7.47555e-06
1.29665 	0.0245167 	-0.00198467 	7.74628e-06
1.29815 	0.0245419 	-0.00198181 	8.01702e-06
1.29965 	0.024567 	-0.00197896 	8.28776e-06
1.30115 	0.0245922 	-0.0019761 	8.55849e-06
1.30265 	0.0246173 	-0.00197324 	8.82923e-06
1.30415 	0.0246425 	-0.00197038 	9.09997e-06
1.30565 	0.0246616 	-0.00196773 	9.10031e-06
1.30715 	0.0246789 	-0.00196512 	9.02408e-06
1.30865 	0.0246963 	-0.00196252 	8.94786e-06
1.31016 	0.0247137 	-0.00195991 	8.87164e-06
1.31166 	0.024731 	-0.00195731 	8.79542e-06
1.31316 	0.0247484 	-0.00195471 	8.7192e-06
1.31466 	0.0247658 	-0.0019521 	8.64297e-06
1.31616 	0.0247831 	-0.0019495 	8.56675e-06
1.31766 	0.0248005 	-0.0019469 	8.49053e-06
1.31916 	0.0248179 	-0.00194429 	8.41431e-06
1.32066 	0.0248352 	-0.00194169 	8.33809e-06
1.32216 	0.0248526 	-0.00193909 	8.26187e-06
1.32366 	0.02487 	-0.00193648 	8.18564e-06
1.32516 	0.0248873 	-0.00193388 	8.10942e-06
1.32666 	0.0249047 	-0.00193128 	8.0332e-06
1.32816 	0.024922 	-0.00192867 	7.95698e-06
1.32966 	0.0249462 	-0.00192538 	7.84555e-06
1.33117 	0.0249707 	-0.00192205 	7.73256e-06
1.33267 	0.0249951 	-0.00191872 	7.61957e-06
1.33417 	0.0250196 	-0.00191539 	7.50658e-06
1.33567 	0.0250441 	-0.00191206 	7.39359e-06
1.33717 	0.0250686 	-0.00190873 	7.28061e-06
1.33867 	0.025093 	-0.00190541 	7.16762e-06
1.34017 	0.0251175 	-0.00190208 	7.05463e-06
1.34167 	0.025142 	-0.00189875 	6.94164e-06
1.34317 	0.0251664 	-0.00189542 	6.82865e-06
1.34467 	0.0251909 	-0.00189209 	6.71567e-06
1.34617 	0.0252154 	-0.00188877 	6.60268e-06
1.34767 	0.0252398 	-0.00188544 	6.48969e-06
1.34917 	0.0252643 	-0.00188211 	6.3767e-06
1.35068 	0.025286 	-0.00187906 	6.32649e-06
1.35218 	0.025303 	-0.00187649 	6.37986e-06
1.35368 	0.0253201 	-0.00187391 	6.43324e-06
1.35518 	0.0253371 	-0.00187133 	6.48661e-06
1.35668 	0.0253541 	-0.00186876 	6.53998e-06
1.35818 	0.0253712 	-0.00186618 	6.59336e-06
1.35968 	0.0253882 	-0.0018636 	6.64673e-06
1.36118 	0.0254053 	-0.00186102 	6.70011e-06
1.36268 	0.0254223 	-0.00185845 	6.75348e-06
1.36418 	0.0254394 	-0.00185587 	6.80685e-06
1.36568 	0.0254564 	-0.00185329 	6.86023e-06
1.36718 	0.0254735 	-0.00185071 	6.9136e-06
1.36868 	0.0254905 	-0.00184814 	6.96697e-06
1.37019 	0.0255075 	-0.00184556 	7.02035e-06
1.37169 	0.0255246 	-0.00184298 	7.07372e-06
1.37319 	0.0255416 	-0.00184041 	7.1271e-06
1.37469 	0.0255587 	-0.00183783 	7.18047e-06
1.37619 	0.0255748 	-0.00183533 	7.23839e-06
1.37769 	0.0255849 	-0.00183337 	7.32548e-06
1.37919 	0.0255951 	-0.0018314 	7.41256e-06
1.38069 	0.0256053 	-0.00182944 	7.49964e-06
1.38219 	0.0256154 	-0.00182747 	7.58672e-06
1.38369 	0.0256256 	-0.00182551 	7.67381e-06
1.38519 	0.0256358 	-0.00182354 	7.76089e-06
1.38669 	0.0256459 	-0.00182158 	7.84797e-06
1.38819 	0.0256561 	-0.00181961 	7.93506e-06
1.38969 	0.0256662 	-0.00181765 	8.02214e-06
1.3912 	0.0256764 	-0.00181568 	8.10922e-06
1.3927 	0.0256866 	-0.00181372 	8.1963e-06
1.3942 	0.0256967 	-0.00181175 	8.28339e-06
1.3957 	0.0257069 	-0.00180979 	8.37047e-06
1.3972 	0.0257172 	-0.00180789 	8.4198e-06
1.3987 	0.0257278 	-0.00180613 	8.39701e-06
1.4002 	0.0257384 	-0.00180436 	8.37422e-06
1.4017 	0.0257489 	-0.0018026 	8.35143e-06
1.4032 	0.0257595 	-0.00180083 	8.32864e-06
1.4047 	0.0257701 	-0.00179907 	8.30585e-06
1.4062 	0.0257807 	-0.0017973 	8.28306e-06
1.4077 	0.0257913 	-0.00179554 	8.26027e-06
1.4092 	0.0258018 	-0.00179377 	8.23748e-06
1.41071 	0.0258124 	-0.00179201 	8.21469e-06
1.41221 	0.025823 	-0.00179024 	8.19189e-06
1.41371 	0.0258336 	-0.00178848 	8.1691e-06
1.41521 	0.0258442 	-0.00178671 	8.14631e-06
1.41671 	0.0258561 	-0.0017845 	8.23445e-06
1.41821 	0.0258687 	-0.00178208 	8.37221e-06
1.41971 	0.0258813 	-0.00177967 	8.50998e-06
1.42121 	0.0258939 	-0.00177725 	8.64775e-06
1.42271 	0.0259065 	-0.00177484 	8.78552e-06
1.42421 	0.025919 	-0.00177242 	8.92329e-06
1.42571 	0.0259316 	-0.00177001 	9.06105e-06
1.42721 	0.0259442 	-0.00176759 	9.19882e-06
1.42871 	0.0259568 	-0.00176518 	9.33659e-06
1.43022 	0.0259694 	-0.00176276 	9.47436e-06
1.43172 	0.025982 	-0.00176035 	9.61212e-06
1.43322 	0.0259945 	-0.00175793 	9.74989e-06
1.43472 	0.0260071 	-0.00175552 	9.88766e-06
1.43622 	0.0260197 	-0.0017531 	1.00254e-05
1.43772 	0.0260323 	-0.00175068 	1.01632e-05
1.43922 	0.0260449 	-0.00174827 	1.0301e-05
1.44072 	0.0260575 	-0.00174585 	1.04387e-05
1.44222 	0.0260701 	-0.00174344 	1.05765e-05
1.44372 	0.0260826 	-0.00174102 	1.07143e-05
1.44522 	0.0260952 	-0.00173861 	1.0852e-05
1.44672 	0.0261078 	-0.00173619 	1.09898e-05
1.44822 	0.0261205 	-0.00173372 	1.11468e-05
1.44972 	0.0261341 	-0.00173084 	1.14293e-05
1.45123 	0.0261477 	-0.00172796 	1.17118e-05
1.45273 	0.0261612 	-0.00172508 	1.19943e-05
1.45423 	0.0261748 	-0.0017222 	1.22767e-05
1.45573 	0.0261884 	-0.00171932 	1.25592e-05
1.45723 	0.026202 	-0.00171644 	1.28417e-05
1.45873 	0.0262155 	-0.00171356 	1.31242e-05
1.46023 	0.0262291 	-0.00171068 	1.34067e-05
1.46173 	0.0262427 	-0.0017078 	1.36892e-05
1.46323 	0.0262563 	-0.00170493 	1.39716e-05
1.46473 	0.0262698 	-0.00170205 	1.42541e-05
1.46623 	0.0262822 	-0.00169946 	1.451e-05
1.46773 	0.0262934 	-0.00169721 	1.47366e-05
1.46923 	0.0263045 	-0.00169495 	1.49633e-05
1.47074 	0.0263156 	-0.0016927 	1.51899e-05
1.47224 	0.0263268 	-0.00169044 	1.54165e-05
1.47374 	0.0263379 	-0.00168819 	1.56431e-05
1.47524 	0.0263491 	-0.00168593 	1.58698e-05
1.47674 	0.0263602 	-0.00168367 	1.60964e-05
1.47824 	0.0263713 	-0.00168142 	1.6323e-05
1.47974 	0.0263825 	-0.00167916 	1.65496e-05
1.48124 	0.0263936 	-0.00167691 	1.67763e-05
1.48274 	0.0264041 	-0.00167458 	1.69779e-05
1.48424 	0.0264145 	-0.00167225 	1.71742e-05
1.48574 	0.0264249 	-0.00166991 	1.73706e-05
1.48724 	0.0264352 	-0.00166757 	1.75669e-05
1.48874 	0.0264456 	-0.00166524 	1.77633e-05
1.49025 	0.026456 	-0.0016629 	1.79596e-05
1.49175 	0.0264664 	-0.00166056 	1.8156e-05
1.49325 	0.0264767 	-0.00165823 	1.83524e-05
1.49475 	0.0264871 	-0.00165589 	1.85487e-05
1.49625 	0.0264975 	-0.00165355 	1.87451e-05
1.49775 	0.0265079 	-0.00165122 	1.89414e-05
1.49925 	0.0265183 	-0.00164888 	1.91378e-05
1.50075 	0.0265286 	-0.00164654 	1.93341e-05
1.50225 	0.026539 	-0.00164421 	1.95305e-05
1.50375 	0.0265494 	-0.00164187 	1.97268e-05
1.50525 	0.0265598 	-0.00163953 	1.99232e-05
1.50675 	0.0265701 	-0.0016372 	2.01195e-05
1.50825 	0.0265805 	-0.00163486 	2.03159e-05
1.50975 	0.0265909 	-0.00163252 	2.05123e-05
1.51126 	0.0266013 	-0.00163019 	2.07086e-05
1.51276 	0.0266117 	-0.00162785 	2.0905e-05
1.51426 	0.026622 	-0.00162551 	2.11013e-05
1.51576 	0.0266324 	-0.00162318 	2.12977e-05
1.51726 	0.0266428 	-0.00162084 	2.1494e-05
1.51876 	0.0266532 	-0.0016185 	2.16904e-05
1.52026 	0.0266636 	-0.00161617 	2.18867e-05
1.52176 	0.0266727 	-0.00161386 	2.20715e-05
1.52326 	0.0266818 	-0.00161155 	2.2256e-05
1.52476 	0.026691 	-0.00160925 	2.24404e-05
1.52626 	0.0267001 	-0.00160694 	2.26249e-05
1.52776 	0.0267092 	-0.00160463 	2.28094e-05
1.52926 	0.0267184 	-0.00160233 	2.29938e-05
1.53077 	0.0267275 	-0.00160002 	2.31783e-05
1.53227 	0.0267366 	-0.00159771 	2.33628e-05
1.53377 	0.0267457 	-0.00159541 	2.35472e-05
1.53527 	0.026755 	-0.00159316 	2.37348e-05
1.53677 	0.0267643 	-0.00159096 	2.3925e-05
1.53827 	0.0267737 	-0.00158877 	2.41153e-05
1.53977 	0.026783 	-0.00158657 	2.43056e-05
1.54127 	0.0267924 	-0.00158438 	2.44959e-05
1.54277 	0.0268017 	-0.00158218 	2.46862e-05
1.54427 	0.0268111 	-0.00157999 	2.48765e-05
1.54577 	0.0268204 	-0.00157779 	2.50668e-05
1.54727 	0.0268298 	-0.0015756 	2.52571e-05
1.54877 	0.0268377 	-0.00157357 	2.54522e-05
1.55028 	0.0268454 	-0.00157156 	2.56477e-05
1.55178 	0.0268531 	-0.00156955 	2.58433e-05
1.55328 	0.0268609 	-0.00156753 	2.60388e-05
1.55478 	0.0268686 	-0.00156552 	2.62344e-05
1.55628 	0.0268764 	-0.00156351 	2.64299e-05
1.55778 	0.0268841 	-0.00156149 	2.66255e-05
1.55928 	0.0268918 	-0.00155948 	2.6821e-05
1.56078 	0.0268996 	-0.00155747 	2.70165e-05
1.56228 	0.0269073 	-0.00155545 	2.72121e-05
1.56378 	0.0269151 	-0.00155344 	2.74076e-05
1.56528 	0.0269228 	-0.00155143 	2.76032e-05
1.56678 	0.0269305 	-0.00154941 	2.77987e-05
1.56828 	0.0269383 	-0.0015474 	2.79942e-05
1.56978 	0.026946 	-0.00154538 	2.81898e-05
1.57129 	0.0269538 	-0.00154337 	2.83853e-05
1.57279 	0.0269615 	-0.00154136 	2.85809e-05
1.57429 	0.0269692 	-0.00153934 	2.87764e-05
1.57579 	0.026977 	-0.00153733 	2.89719e-05
1.57729 	0.0269847 	-0.00153532 	2.91675e-05
1.57879 	0.0269924 	-0.0015333 	2.9363e-05
1.58029 	0.0270002 	-0.00153129 	2.95586e-05
1.58179 	0.0270079 	-0.00152928 	2.97541e-05
1.58329 	0.0270157 	-0.00152726 	2.99497e-05
1.58479 	0.0270234 	-0.00152525 	3.01452e-05
1.58629 	0.0270311 	-0.00152324 	3.03407e-05
1.58779 	0.0270389 	-0.00152122 	3.05363e-05
1.58929 	0.0270466 	-0.00151921 	3.07318e-05
1.5908 	0.0270544 	-0.0015172 	3.09274e-05
1.5923 	0.0270621 	-0.00151518 	3.11229e-05
1.5938 	0.0270691 	-0.00151317 	3.13332e-05
1.5953 	0.0270761 	-0.00151116 	3.1546e-05
1.5968 	0.027083 	-0.00150916 	3.17587e-05
1.5983 	0.0270899 	-0.00150715 	3.19715e-05
1.5998 	0.0270968 	-0.00150514 	3.21842e-05
1.6013 	0.0271037 	-0.00150313 	3.2397e-05
1.6028 	0.0271106 	-0.00150112 	3.26097e-05
1.6043 	0.0271177 	-0.00149918 	3.28321e-05
1.6058 	0.0271248 	-0.00149728 	3.30595e-05
1.6073 	0.0271319 	-0.00149537 	3.32869e-05
1.6088 	0.0271391 	-0.00149347 	3.35143e-05
1.61031 	0.0271462 	-0.00149157 	3.37417e-05
1.61181 	0.0271533 	-0.00148967 	3.3969e-05
1.61331 	0.0271604 	-0.00148778 	3.41861e-05
1.61481 	0.0271666 	-0.001486 	3.43294e-05
1.61631 	0.0271728 	-0.00148423 	3.44727e-05
1.61781 	0.027179 	-0.00148245 	3.4616e-05
1.61931 	0.0271852 	-0.00148067 	3.47593e-05
1.62081 	0.0271914 	-0.00147889 	3.49026e-05
1.62231 	0.0271976 	-0.00147711 	3.50459e-05
1.62381 	0.0272038 	-0.00147533 	3.51892e-05
1.62531 	0.02721 	-0.00147355 	3.53325e-05
1.62681 	0.0272162 	-0.00147178 	3.54757e-05
1.62831 	0.0272224 	-0.00147 	3.5619e-05
1.62981 	0.0272286 	-0.00146822 	3.57623e-05
1.63132 	0.0272348 	-0.00146644 	3.59056e-05
1.63282 	0.027241 	-0.00146466 	3.60489e-05
1.63432 	0.0272472 	-0.00146288 	3.61922e-05
1.63582 	0.0272534 	-0.0014611 	3.63355e-05
1.63732 	0.0272596 	-0.00145933 	3.64788e-05
1.63882 	0.0272658 	-0.00145755 	3.66221e-05
1.64032 	0.027272 	-0.00145577 	3.67654e-05
1.64182 	0.0272782 	-0.00145399 	3.69087e-05
1.64332 	0.0272844 	-0.00145221 	3.7052e-05
1.64482 	0.0272906 	-0.00145043 	3.71953e-05
1.64632 	0.0272968 	-0.00144865 	3.73386e-05
1.64782 	0.027303 	-0.00144688 	3.74819e-05
1.64932 	0.0273092 	-0.0014451 	3.76252e-05
1.65083 	0.0273154 	-0.00144332 	3.77685e-05
1.65233 	0.0273216 	-0.00144154 	3.79118e-05
1.65383 	0.0273278 	-0.00143976 	3.80551e-05
1.65533 	0.027334 	-0.00143798 	3.81984e-05
1.65683 	0.0273402 	-0.0014362 	3.83417e-05
1.65833 	0.0273464 	-0.00143443 	3.8485e-05
1.65983 	0.0273526 	-0.00143265 	3.86283e-05
1.66133 	0.0273588 	-0.00143087 	3.87716e-05
1.66283 	0.027365 	-0.00142909 	3.89149e-05
1.66433 	0.0273712 	-0.00142731 	3.90582e-05
1.66583 	0.0273769 	-0.0014255 	3.91535e-05
1.66733 	0.0273827 	-0.00142368 	3.92485e-05
1.66883 	0.0273885 	-0.00142186 	3.93435e-05
1.67034 	0.0273942 	-0.00142005 	3.94385e-05
1.67184 	0.0274 	-0.00141823 	3.95344e-05
1.67334 	0.0274061 	-0.00141649 	3.96484e-05
1.67484 	0.0274122 	-0.00141474 	3.97625e-05
1.67634 	0.0274183 	-0.00141299 	3.98766e-05
1.67784 	0.0274244 	-0.00141124 	3.99907e-05
1.67934 	0.0274299 	-0.00140962 	4.00806e-05
1.68084 	0.027435 	-0.00140809 	4.0152e-05
1.68234 	0.0274401 	-0.00140655 	4.02233e-05
1.68384 	0.0274451 	-0.00140502 	4.02947e-05
1.68534 	0.0274502 	-0.00140349 	4.0366e-05
1.68684 	0.0274553 	-0.00140196 	4.04374e-05
1.68834 	0.0274604 	-0.00140043 	4.05087e-05
1.68984 	0.0274655 	-0.0013989 	4.05801e-05
1.69135 	0.0274705 	-0.00139737 	4.06514e-05
1.69285 	0.0274756 	-0.00139584 	4.07228e-05
1.69435 	0.0274807 	-0.00139431 	4.07941e-05
1.69585 	0.0274858 	-0.00139278 	4.08654e-05
1.69735 	0.0274909 	-0.00139125 	4.09368e-05
1.69885 	0.0274959 	-0.00138972 	4.10081e-05
1.70035 	0.027501 	-0.00138819 	4.10795e-05
1.70185 	0.0275061 	-0.00138666 	4.11508e-05
1.70335 	0.0275112 	-0.00138513 	4.12222e-05
1.70485 	0.0275163 	-0.0013836 	4.12935e-05
1.70635 	0.0275213 	-0.00138207 	4.13649e-05
1.70785 	0.0275264 	-0.00138054 	4.14362e-05
1.70935 	0.0275315 	-0.00137901 	4.15076e-05
1.71086 	0.0275366 	-0.00137748 	4.15789e-05
1.71236 	0.0275417 	-0.00137595 	4.16503e-05
1.71386 	0.0275467 	-0.00137442 	4.17216e-05
1.71536 	0.0275518 	-0.00137289 	4.1793e-05
1.71686 	0.0275569 	-0.00137135 	4.18643e-05
1.71836 	0.027562 	-0.00136982 	4.19356e-05
1.71986 	0.0275671 	-0.00136829 	4.2007e-05
1.72136 	0.0275721 	-0.00136676 	4.20783e-05
1.72286 	0.0275772 	-0.00136523 	4.21497e-05
1.72436 	0.0275823 	-0.0013637 	4.2221e-05
1.72586 	0.0275874 	-0.00136217 	4.22924e-05
1.72736 	0.0275925 	-0.00136064 	4.23637e-05
1.72886 	0.0275975 	-0.00135911 	4.24351e-05
1.73037 	0.0276026 	-0.00135758 	4.25064e-05
1.73187 	0.0276077 	-0.00135605 	4.25778e-05
1.73337 	0.0276128 	-0.00135452 	4.26491e-05
1.73487 	0.0276179 	-0.00135299 	4.27205e-05
1.73637 	0.0276228 	-0.00135144 	4.2804e-05
1.73787 	0.0276275 	-0.00134988 	4.28964e-05
1.73937 	0.0276323 	-0.00134833 	4.29888e-05
1.74087 	0.0276379 	-0.00134662 	4.30929e-05
1.74237 	0.0276437 	-0.0013449 	4.31991e-05
1.74387 	0.0276489 	-0.00134332 	4.32703e-05
1.74537 	0.0276531 	-0.00134199 	4.32852e-05
1.74687 	0.0276574 	-0.00134066 	4.33002e-05
1.74837 	0.0276617 	-0.00133933 	4.33151e-05
1.74987 	0.027666 	-0.001338 	4.33301e-05
1.75138 	0.0276703 	-0.00133667 	4.3345e-05
1.75288 	0.0276746 	-0.00133534 	4.336e-05
1.75438 	0.0276788 	-0.001334 	4.33749e-05
1.75588 	0.0276831 	-0.00133267 	4.33899e-05
1.75738 	0.0276874 	-0.00133134 	4.34048e-05
1.75888 	0.0276917 	-0.00133001 	4.34198e-05
1.76038 	0.027696 	-0.00132868 	4.34347e-05
1.76188 	0.0277003 	-0.00132735 	4.34496e-05
1.76338 	0.0277045 	-0.00132602 	4.34646e-05
1.76488 	0.0277088 	-0.00132469 	4.34795e-05
1.76638 	0.0277131 	-0.00132336 	4.34945e-05
1.76788 	0.0277174 	-0.00132203 	4.35094e-05
1.76938 	0.0277217 	-0.0013207 	4.35244e-05
1.77089 	0.027726 	-0.00131937 	4.35393e-05
1.77239 	0.0277302 	-0.00131803 	4.35543e-05
1.77389 	0.0277345 	-0.0013167 	4.35692e-05
1.77539 	0.0277388 	-0.00131537 	4.35842e-05
1.77689 	0.0277431 	-0.00131404 	4.35991e-05
1.77839 	0.0277474 	-0.00131271 	4.36141e-05
1.77989 	0.0277517 	-0.00131138 	4.3629e-05
1.78139 	0.0277559 	-0.00131005 	4.3644e-05
1.78289 	0.0277602 	-0.00130872 	4.36589e-05
1.78439 	0.0277645 	-0.00130739 	4.36739e-05
1.78589 	0.0277688 	-0.00130606 	4.36888e-05
1.78739 	0.0277731 	-0.00130473 	4.37038e-05
1.78889 	0.0277774 	-0.0013034 	4.37187e-05
1.7904 	0.0277816 	-0.00130206 	4.37337e-05
1.7919 	0.0277859 	-0.00130073 	4.37486e-05
1.7934 	0.0277902 	-0.0012994 	4.37636e-05
1.7949 	0.0277945 	-0.00129807 	4.37785e-05
1.7964 	0.0277988 	-0.00129674 	4.37935e-05
1.7979 	0.0278031 	-0.00129541 	4.38084e-05
1.7994 	0.0278073 	-0.00129408 	4.38234e-05
1.8009 	0.0278116 	-0.00129275 	4.38383e-05
1.8024 	0.0278159 	-0.00129142 	4.38533e-05
1.8039 	0.0278202 	-0.00129009 	4.38682e-05
1.8054 	0.0278245 	-0.00128876 	4.38832e-05
1.8069 	0.0278281 	-0.00128757 	4.38574e-05
1.8084 	0.0278324 	-0.00128625 	4.37686e-05
1.8099 	0.027837 	-0.00128485 	4.36497e-05
1.81141 	0.0278416 	-0.00128344 	4.35307e-05
1.81291 	0.0278462 	-0.00128204 	4.34118e-05
1.81441 	0.0278508 	-0.00128064 	4.32929e-05
1.81591 	0.0278554 	-0.00127923 	4.3174e-05
1.81741 	0.0278601 	-0.00127783 	4.3055e-05
1.81891 	0.0278647 	-0.00127643 	4.29361e-05
1.82041 	0.0278693 	-0.00127502 	4.28172e-05
1.82191 	0.0278739 	-0.00127362 	4.26983e-05
1.82341 	0.0278785 	-0.00127221 	4.25794e-05
1.82491 	0.0278831 	-0.00127081 	4.24624e-05
1.82641 	0.0278877 	-0.00126941 	4.23504e-05
1.82791 	0.0278923 	-0.00126802 	4.22384e-05
1.82941 	0.0278968 	-0.00126662 	4.21265e-05
1.83092 	0.0279014 	-0.00126522 	4.20145e-05
1.83242 	0.027906 	-0.00126383 	4.19025e-05
1.83392 	0.0279106 	-0.00126243 	4.17906e-05
1.83542 	0.0279152 	-0.00126103 	4.16786e-05
1.83692 	0.0279197 	-0.00125963 	4.15666e-05
1.83842 	0.0279243 	-0.00125824 	4.14547e-05
1.83992 	0.0279289 	-0.00125684 	4.13427e-05
1.84142 	0.0279335 	-0.00125544 	4.12307e-05
1.84292 	0.027938 	-0.00125405 	4.11188e-05
1.84442 	0.0279426 	-0.00125265 	4.10068e-05
1.84592 	0.0279472 	-0.00125125 	4.08948e-05
1.84742 	0.0279518 	-0.00124985 	4.07829e-05
1.84892 	0.0279564 	-0.00124846 	4.06709e-05
1.85043 	0.0279609 	-0.00124706 	4.05589e-05
1.85193 	0.0279655 	-0.00124566 	4.0447e-05
1.85343 	0.0279701 	-0.00124426 	4.0335e-05
1.85493 	0.0279747 	-0.00124287 	4.0223e-05
1.85643 	0.0279792 	-0.00124147 	4.01111e-05
1.85793 	0.0279838 	-0.00124007 	3.99991e-05
1.85943 	0.0279884 	-0.00123868 	3.98871e-05
1.86093 	0.027993 	-0.00123728 	3.97752e-05
1.86243 	0.0279976 	-0.00123588 	3.96632e-05
1.86393 	0.0280021 	-0.00123448 	3.95512e-05
1.86543 	0.0280067 	-0.00123309 	3.94393e-05
1.86693 	0.0280113 	-0.00123169 	3.93273e-05
1.86843 	0.0280159 	-0.00123029 	3.92153e-05
1.86993 	0.0280204 	-0.00122889 	3.91034e-05
1.87144 	0.0280253 	-0.00122745 	3.89345e-05
1.87294 	0.0280303 	-0.001226 	3.87427e-05
1.87444 	0.0280354 	-0.00122457 	3.85494e-05
1.87594 	0.0280405 	-0.00122309 	3.83641e-05
1.87744 	0.0280455 	-0.00122161 	3.81802e-05
1.87894 	0.0280506 	-0.00122013 	3.79964e-05
1.88044 	0.0280556 	-0.00121865 	3.78125e-05
1.88194 	0.0280607 	-0.00121717 	3.76286e-05
1.88344 	0.0280657 	-0.00121568 	3.74447e-05
1.88494 	0.0280708 	-0.0012142 	3.72608e-05
1.88644 	0.0280758 	-0.00121272 	3.70769e-05
1.88794 	0.0280809 	-0.00121124 	3.68931e-05
1.88944 	0.0280859 	-0.00120976 	3.67092e-05
1.89095 	0.028091 	-0.00120828 	3.65253e-05
1.89245 	0.028096 	-0.00120679 	3.63414e-05
1.89395 	0.0281011 	-0.00120531 	3.61575e-05
1.89545 	0.0281061 	-0.00120383 	3.59736e-05
1.89695 	0.0281112 	-0.00120235 	3.57898e-05
1.89845 	0.0281162 	-0.00120087 	3.56059e-05
1.89995 	0.0281213 	-0.00119939 	3.5422e-05
1.90145 	0.0281263 	-0.00119791 	3.52381e-05
1.90295 	0.0281314 	-0.00119642 	3.50542e-05
1.90445 	0.0281364 	-0.00119494 	3.48704e-05
1.90595 	0.0281415 	-0.00119346 	3.46865e-05
1.90745 	0.0281465 	-0.00119198 	3.45026e-05
1.90895 	0.0281516 	-0.0011905 	3.43187e-05
1.91046 	0.0281566 	-0.00118902 	3.41348e-05
1.91196 	0.0281617 	-0.00118754 	3.39509e-05
1.91346 	0.0281667 	-0.00118605 	3.37671e-05
1.91496 	0.0281718 	-0.00118457 	3.35832e-05
1.91646 	0.0281768 	-0.00118309 	3.33993e-05
1.91796 	0.0281819 	-0.00118161 	3.32154e-05
1.91946 	0.0281869 	-0.00118013 	3.30315e-05
1.92096 	0.028192 	-0.00117865 	3.28476e-05
1.92246 	0.028197 	-0.00117716 	3.26638e-05
1.92396 	0.0282021 	-0.00117568 	3.24799e-05
1.92546 	0.0282071 	-0.0011742 	3.2296e-05
1.92696 	0.0282122 	-0.00117272 	3.21121e-05
1.92846 	0.0282172 	-0.00117124 	3.19282e-05
1.92996 	0.0282223 	-0.00116976 	3.17443e-05
1.93147 	0.0282273 	-0.00116828 	3.15605e-05
1.93297 	0.0282323 	-0.00116682 	3.13965e-05
1.93447 	0.0282373 	-0.00116538 	3.12522e-05
1.93597 	0.0282423 	-0.00116395 	3.1108e-05
1.93747 	0.0282474 	-0.00116252 	3.09622e-05
1.93897 	0.0282525 	-0.0011611 	3.08131e-05
1.94047 	0.0282577 	-0.00115967 	3.06639e-05
1.94197 	0.0282628 	-0.00115825 	3.05148e-05
1.94347 	0.0282679 	-0.00115678 	3.03723e-05
1.94497 	0.0282728 	-0.0011553 	3.02305e-05
1.94647 	0.0282778 	-0.00115382 	3.00887e-05
1.94797 	0.0282828 	-0.00115234 	2.99469e-05
1.94947 	0.0282878 	-0.00115087 	2.98051e-05
1.95098 	0.0282928 	-0.00114939 	2.96633e-05
1.95248 	0.0282978 	-0.00114791 	2.95216e-05
1.95398 	0.0283028 	-0.00114643 	2.93798e-05
1.95548 	0.0283078 	-0.00114495 	2.9238e-05
1.95698 	0.0283128 	-0.00114347 	2.90962e-05
1.95848 	0.0283178 	-0.00114199 	2.89544e-05
1.95998 	0.0283228 	-0.00114052 	2.88127e-05
1.96148 	0.0283278 	-0.00113904 	2.86709e-05
1.96298 	0.0283328 	-0.00113756 	2.85291e-05
1.96448 	0.0283378 	-0.00113608 	2.83873e-05
1.96598 	0.0283428 	-0.0011346 	2.82455e-05
1.96748 	0.0283478 	-0.00113312 	2.81038e-05
1.96898 	0.0283528 	-0.00113164 	2.7962e-05
1.97049 	0.0283578 	-0.00113017 	2.78202e-05
1.97199 	0.0283628 	-0.00112869 	2.76784e-05
1.97349 	0.0283677 	-0.00112721 	2.75366e-05
1.97499 	0.0283727 	-0.00112573 	2.73949e-05
1.97649 	0.0283777 	-0.00112425 	2.72531e-05
1.97799 	0.0283827 	-0.00112277 	2.71113e-05
1.97949 	0.0283877 	-0.00112129 	2.69695e-05
1.98099 	0.0283927 	-0.00111982 	2.68277e-05
1.98249 	0.0283977 	-0.00111834 	2.6686e-05
1.98399 	0.0284027 	-0.00111686 	2.65442e-05
1.98549 	0.0284077 	-0.00111538 	2.64024e-05
1.98699 	0.0284127 	-0.0011139 	2.62606e-05
1.98849 	0.0284177 	-0.00111242 	2.61188e-05
1.98999 	0.0284227 	-0.00111094 	2.59771e-05
1.9915 	0.0284277 	-0.00110947 	2.58353e-05
1.993 	0.0284327 	-0.00110799 	2.57e-05
1.9945 	0.0284375 	-0.00110655 	2.55994e-05
1.996 	0.0284423 	-0.0011051 	2.54988e-05
1.9975 	0.0284471 	-0.00110365 	2.53982e-05
1.999 	0.0284519 	-0.00110221 	2.52976e-05
2.0005 	0.0284568 	-0.00110076 	2.51965e-05
2.002 	0.0284617 	-0.00109933 	2.50942e-05
2.0035 	0.0284667 	-0.00109789 	2.4992e-05
2.005 	0.0284716 	-0.00109646 	2.48897e-05
2.0065 	0.0284766 	-0.00109503 	2.47874e-05
2.008 	0.0284815 	-0.00109359 	2.46917e-05
2.0095 	0.0284862 	-0.00109211 	2.4654e-05
2.01101 	0.0284909 	-0.00109063 	2.46164e-05
2.01251 	0.0284956 	-0.00108915 	2.45787e-05
2.01401 	0.0285003 	-0.00108767 	2.45411e-05
2.01551 	0.028505 	-0.00108619 	2.45034e-05
2.01701 	0.0285097 	-0.00108471 	2.44658e-05
2.01851 	0.0285144 	-0.00108323 	2.44281e-05
2.02001 	0.0285191 	-0.00108175 	2.43905e-05
2.02151 	0.0285238 	-0.00108026 	2.43528e-05
2.02301 	0.0285285 	-0.00107878 	2.43152e-05
2.02451 	0.0285332 	-0.0010773 	2.42775e-05
2.02601 	0.0285379 	-0.00107582 	2.42399e-05
2.02751 	0.0285426 	-0.00107434 	2.42022e-05
2.02901 	0.0285473 	-0.00107286 	2.41646e-05
2.03052 	0.028552 	-0.00107138 	2.41269e-05
2.03202 	0.0285566 	-0.0010699 	2.40892e-05
2.03352 	0.0285613 	-0.00106842 	2.40516e-05
2.03502 	0.028566 	-0.00106694 	2.40139e-05
2.03652 	0.0285707 	-0.00106546 	2.39763e-05
2.03802 	0.0285754 	-0.00106398 	2.39386e-05
2.03952 	0.0285801 	-0.0010625 	2.3901e-05
2.04102 	0.0285848 	-0.00106102 	2.38633e-05
2.04252 	0.0285895 	-0.00105954 	2.38257e-05
2.04402 	0.0285942 	-0.00105806 	2.3788e-05
2.04552 	0.0285989 	-0.00105658 	2.37504e-05
2.04702 	0.0286036 	-0.0010551 	2.37127e-05
2.04852 	0.0286083 	-0.00105362 	2.36751e-05
2.05003 	0.028613 	-0.00105214 	2.36374e-05
2.05153 	0.0286177 	-0.00105066 	2.35998e-05
2.05303 	0.0286214 	-0.00104949 	2.36106e-05
2.05453 	0.0286249 	-0.00104841 	2.36346e-05
2.05603 	0.0286284 	-0.00104733 	2.36586e-05
2.05753 	0.0286319 	-0.00104625 	2.36826e-05
2.05903 	0.0286354 	-0.00104517 	2.37066e-05
2.06053 	0.0286389 	-0.0010441 	2.37306e-05
2.06203 	0.0286431 	-0.00104276 	2.37619e-05
2.06353 	0.0286485 	-0.00104096 	2.38058e-05
2.06503 	0.0286539 	-0.00103916 	2.38498e-05
2.06653 	0.0286594 	-0.00103737 	2.38937e-05
2.06803 	0.0286648 	-0.00103557 	2.39377e-05
2.06953 	0.0286702 	-0.00103378 	2.39816e-05
2.07104 	0.0286757 	-0.00103198 	2.40256e-05
2.07254 	0.02868 	-0.00103052 	2.4076e-05
2.07404 	0.0286836 	-0.00102931 	2.4131e-05
2.07554 	0.0286872 	-0.00102809 	2.41861e-05
2.07704 	0.0286908 	-0.00102687 	2.42412e-05
2.07854 	0.0286944 	-0.00102566 	2.42962e-05
2.08004 	0.028698 	-0.00102444 	2.43513e-05
2.08154 	0.0287016 	-0.00102322 	2.44064e-05
2.08304 	0.0287052 	-0.00102201 	2.44614e-05
2.08454 	0.0287088 	-0.00102079 	2.45165e-05
2.08604 	0.0287124 	-0.00101957 	2.45715e-05
2.08754 	0.028716 	-0.00101836 	2.46266e-05
2.08904 	0.0287196 	-0.00101714 	2.46817e-05
2.09055 	0.0287231 	-0.00101593 	2.47367e-05
2.09205 	0.0287267 	-0.00101471 	2.47918e-05
2.09355 	0.0287303 	-0.00101349 	2.48469e-05
2.09505 	0.0287339 	-0.00101228 	2.49019e-05
2.09655 	0.0287375 	-0.00101106 	2.4957e-05
2.09805 	0.0287411 	-0.00100984 	2.50121e-05
2.09955 	0.0287447 	-0.00100863 	2.50671e-05
2.10105 	0.0287483 	-0.00100741 	2.51222e-05
2.10255 	0.0287519 	-0.0010062 	2.51773e-05
2.10405 	0.0287555 	-0.00100498 	2.52323e-05
2.10555 	0.0287591 	-0.00100376 	2.52874e-05
2.10705 	0.0287627 	-0.00100255 	2.53425e-05
2.10855 	0.0287663 	-0.00100133 	2.53975e-05
2.11006 	0.0287687 	-0.00100055 	2.54518e-05
2.11156 	0.0287697 	-0.00100026 	2.55052e-05
2.11306 	0.0287708 	-0.000999962 	2.55586e-05
2.11456 	0.0287719 	-0.000999667 	2.5612e-05
2.11606 	0.028773 	-0.000999372 	2.56654e-05
2.11756 	0.0287741 	-0.000999076 	2.57188e-05
2.11906 	0.0287751 	-0.000998781 	2.57722e-05
2.12056 	0.0287762 	-0.000998485 	2.58256e-05
2.12206 	0.0287791 	-0.000997465 	2.58932e-05
2.12356 	0.0287829 	-0.000996069 	2.59683e-05
2.12506 	0.0287867 	-0.000994673 	2.60433e-05
2.12656 	0.0287905 	-0.000993276 	2.61183e-05
2.12806 	0.0287944 	-0.00099188 	2.61934e-05
2.12956 	0.0287982 	-0.000990484 	2.62684e-05
2.13107 	0.028802 	-0.000989087 	2.63434e-05
2.13257 	0.0288058 	-0.000987691 	2.64184e-05
2.13407 	0.0288093 	-0.000986387 	2.65226e-05
2.13557 	0.0288125 	-0.000985195 	2.66624e-05
2.13707 	0.0288157 	-0.000984004 	2.68022e-05
2.13857 	0.0288189 	-0.000982813 	2.6942e-05
2.14007 	0.0288221 	-0.000981621 	2.70818e-05
2.14157 	0.0288253 	-0.00098043 	2.72216e-05
2.14307 	0.0288284 	-0.000979239 	2.73614e-05
2.14457 	0.0288316 	-0.000978047 	2.75012e-05
2.14607 	0.0288348 	-0.000976856 	2.7641e-05
2.14757 	0.028838 	-0.000975664 	2.77808e-05
2.14907 	0.0288412 	-0.000974473 	2.79206e-05
2.15058 	0.0288443 	-0.000973282 	2.80604e-05
2.15208 	0.0288475 	-0.00097209 	2.82002e-05
2.15358 	0.0288507 	-0.000970899 	2.834e-05
2.15508 	0.0288539 	-0.000969707 	2.84798e-05
2.15658 	0.0288571 	-0.000968516 	2.86196e-05
2.15808 	0.0288602 	-0.000967325 	2.87594e-05
2.15958 	0.0288634 	-0.000966133 	2.88992e-05
2.16108 	0.0288666 	-0.000964942 	2.9039e-05
2.16258 	0.0288698 	-0.000963751 	2.91788e-05
2.16408 	0.028873 	-0.000962559 	2.93186e-05
2.16558 	0.0288761 	-0.000961407 	2.94821e-05
2.16708 	0.028879 	-0.000960342 	2.96988e-05
2.16858 	0.0288819 	-0.000959278 	2.99154e-05
2.17009 	0.0288848 	-0.000958213 	3.0132e-05
2.17159 	0.0288877 	-0.000957149 	3.03487e-05
2.17309 	0.0288906 	-0.000956084 	3.05653e-05
2.17459 	0.0288935 	-0.00095502 	3.0782e-05
2.17609 	0.0288964 	-0.000953956 	3.09986e-05
2.17759 	0.0288993 	-0.000952891 	3.12153e-05
2.17909 	0.0289027 	-0.000951629 	3.14339e-05
2.18059 	0.0289074 	-0.000949784 	3.16586e-05
2.18209 	0.0289122 	-0.00094794 	3.18832e-05
2.18359 	0.028917 	-0.000946096 	3.21079e-05
2.18509 	0.0289217 	-0.000944252 	3.23325e-05
2.18659 	0.0289265 	-0.000942408 	3.25571e-05
2.18809 	0.0289313 	-0.000940564 	3.27818e-05
2.18959 	0.0289361 	-0.00093872 	3.30064e-05
2.1911 	0.0289408 	-0.000936876 	3.3231e-05
2.1926 	0.0289456 	-0.000935031 	3.34557e-05
2.1941 	0.0289491 	-0.000933587 	3.3714e-05
2.1956 	0.0289523 	-0.00093224 	3.39805e-05
2.1971 	0.0289556 	-0.000930893 	3.4247e-05
2.1986 	0.0289588 	-0.000929546 	3.45135e-05
2.2001 	0.028962 	-0.0009282 	3.478e-05
2.2016 	0.0289653 	-0.000926853 	3.50465e-05
2.2031 	0.0289685 	-0.000925506 	3.5313e-05
2.2046 	0.0289717 	-0.000924159 	3.55796e-05
2.2061 	0.0289749 	-0.000922812 	3.58461e-05
2.2076 	0.0289782 	-0.000921466 	3.61126e-05
2.2091 	0.0289814 	-0.000920119 	3.63791e-05
2.21061 	0.0289846 	-0.000918772 	3.66456e-05
2.21211 	0.0289878 	-0.000917425 	3.69121e-05
2.21361 	0.0289911 	-0.000916078 	3.71786e-05
2.21511 	0.0289943 	-0.000914731 	3.74452e-05
2.21661 	0.0289975 	-0.000913385 	3.77117e-05
2.21811 	0.0290008 	-0.000912038 	3.79782e-05
2.21961 	0.0290034 	-0.00091089 	3.82621e-05
2.22111 	0.029005 	-0.000910115 	3.85787e-05
2.22261 	0.0290066 	-0.000909341 	3.88954e-05
2.22411 	0.0290082 	-0.000908567 	3.9212e-05
2.22561 	0.0290098 	-0.000907792 	3.95286e-05
2.22711 	0.0290114 	-0.000907018 	3.98453e-05
2.22861 	0.029013 	-0.000906243 	4.01619e-05
2.23012 	0.0290146 	-0.000905469 	4.04785e-05
2.23162 	0.0290162 	-0.000904694 	4.07951e-05
2.23312 	0.0290178 	-0.00090392 	4.11118e-05
2.23462 	0.0290194 	-0.000903136 	4.14305e-05
2.23612 	0.0290211 	-0.000902319 	4.17566e-05
2.23762 	0.0290227 	-0.000901502 	4.20827e-05
2.23912 	0.0290244 	-0.000900685 	4.24089e-05
2.24062 	0.0290261 	-0.000899868 	4.2735e-05
2.24212 	0.0290277 	-0.000899051 	4.30611e-05
2.24362 	0.0290294 	-0.000898234 	4.33873e-05
2.24512 	0.0290311 	-0.000897417 	4.37134e-05
2.24662 	0.0290327 	-0.000896599 	4.40395e-05
2.24812 	0.0290344 	-0.000895782 	4.43656e-05
2.24962 	0.0290361 	-0.000894965 	4.46918e-05
2.25113 	0.0290385 	-0.000893765 	4.50342e-05
2.25263 	0.0290413 	-0.00089241 	4.53831e-05
2.25413 	0.0290441 	-0.000891056 	4.5732e-05
2.25563 	0.0290469 	-0.000889702 	4.6081e-05
2.25713 	0.0290497 	-0.000888347 	4.64299e-05
2.25863 	0.0290526 	-0.000886993 	4.67788e-05
2.26013 	0.0290554 	-0.000885639 	4.71278e-05
2.26163 	0.0290582 	-0.000884284 	4.74767e-05
2.26313 	0.029061 	-0.00088293 	4.78257e-05
2.26463 	0.0290638 	-0.000881576 	4.81746e-05
2.26613 	0.0290666 	-0.000880221 	4.85235e-05
2.26763 	0.0290694 	-0.000878867 	4.88725e-05
2.26913 	0.0290722 	-0.000877513 	4.92214e-05
2.27064 	0.029075 	-0.000876158 	4.95703e-05
2.27214 	0.0290785 	-0.000874462 	4.99362e-05
2.27364 	0.0290825 	-0.000872582 	5.03111e-05
2.27514 	0.0290865 	-0.000870702 	5.0686e-05
2.27664 	0.0290905 	-0.000868822 	5.10609e-05
2.27814 	0.0290945 	-0.000866941 	5.14359e-05
2.27964 	0.0290985 	-0.000865061 	5.18108e-05
2.28114 	0.0291025 	-0.000863181 	5.21857e-05
2.28264 	0.0291065 	-0.000861301 	5.25606e-05
2.28414 	0.0291105 	-0.000859421 	5.29356e-05
2.28564 	0.0291145 	-0.000857541 	5.33105e-05
2.28714 	0.0291185 	-0.000855661 	5.36854e-05
2.28864 	0.0291214 	-0.00085418 	5.40662e-05
2.29015 	0.0291237 	-0.000852945 	5.44506e-05
2.29165 	0.0291259 	-0.000851711 	5.4835e-05
2.29315 	0.0291282 	-0.000850477 	5.52194e-05
2.29465 	0.0291304 	-0.000849242 	5.56038e-05
2.29615 	0.0291327 	-0.000848008 	5.59882e-05
2.29765 	0.0291349 	-0.000846774 	5.63726e-05
2.29915 	0.0291372 	-0.000845539 	5.6757e-05
2.30065 	0.0291394 	-0.000844305 	5.71415e-05
2.30215 	0.0291417 	-0.00084307 	5.75259e-05
2.30365 	0.029144 	-0.000841836 	5.79103e-05
2.30515 	0.0291463 	-0.000840561 	5.82936e-05
2.30665 	0.0291489 	-0.000839154 	5.86736e-05
2.30815 	0.0291515 	-0.000837747 	5.90536e-05
2.30965 	0.0291541 	-0.00083634 	5.94336e-05
2.31116 	0.0291567 	-0.000834933 	5.98136e-05
2.31266 	0.0291592 	-0.000833526 	6.01936e-05
2.31416 	0.0291618 	-0.000832119 	6.05736e-05
2.31566 	0.0291644 	-0.000830712 	6.09535e-05
2.31716 	0.029167 	-0.000829305 	6.13335e-05
2.31866 	0.0291696 	-0.000827898 	6.17135e-05
2.32016 	0.0291722 	-0.000826491 	6.20935e-05
2.32166 	0.0291748 	-0.000825087 	6.24582e-05
2.32316 	0.0291775 	-0.000823691 	6.278e-05
2.32466 	0.0291802 	-0.000822294 	6.31018e-05
2.32616 	0.0291829 	-0.000820898 	6.34235e-05
2.32766 	0.0291856 	-0.000819501 	6.37453e-05
2.32916 	0.0291883 	-0.000818104 	6.4067e-05
2.33067 	0.029191 	-0.000816708 	6.43888e-05
2.33217 	0.0291937 	-0.000815311 	6.47106e-05
2.33367 	0.0291964 	-0.000813915 	6.50323e-05
2.33517 	0.0291991 	-0.000812518 	6.53541e-05
2.33667 	0.0292018 	-0.000811122 	6.56758e-05
2.33817 	0.0292045 	-0.000809725 	6.59976e-05
2.33967 	0.029206 	-0.000808833 	6.62539e-05
2.34117 	0.0292063 	-0.000808473 	6.64412e-05
2.34267 	0.0292066 	-0.000808113 	6.66285e-05
2.34417 	0.0292069 	-0.000807753 	6.68159e-05
2.34567 	0.0292072 	-0.000807393 	6.70032e-05
2.34717 	0.0292075 	-0.000807033 	6.71905e-05
2.34867 	0.0292077 	-0.000806673 	6.73778e-05
2.35018 	0.029208 	-0.000806313 	6.75651e-05
2.35168 	0.0292083 	-0.000805953 	6.77525e-05
2.35318 	0.0292086 	-0.000805593 	6.79398e-05
2.35468 	0.0292089 	-0.000805233 	6.81271e-05
2.35618 	0.0292092 	-0.000804873 	6.83144e-05
2.35768 	0.02921 	-0.000804158 	6.86052e-05
2.35918 	0.0292118 	-0.000802933 	6.90448e-05
2.36068 	0.0292135 	-0.000801708 	6.94845e-05
2.36218 	0.0292153 	-0.000800482 	6.99241e-05
2.36368 	0.029217 	-0.000799257 	7.03637e-05
2.36518 	0.0292188 	-0.000798032 	7.08033e-05
2.36668 	0.0292205 	-0.000796807 	7.12429e-05
2.36818 	0.0292223 	-0.000795582 	7.16825e-05
2.36968 	0.0292244 	-0.000794163 	7.21814e-05
2.37119 	0.0292277 	-0.000792041 	7.28952e-05
2.37269 	0.029231 	-0.00078992 	7.3609e-05
2.37419 	0.0292343 	-0.000787799 	7.43229e-05
2.37569 	0.0292376 	-0.000785678 	7.50367e-05
2.37719 	0.0292409 	-0.000783556 	7.57505e-05
2.37869 	0.0292442 	-0.000781435 	7.64644e-05
2.38019 	0.0292475 	-0.000779314 	7.71782e-05
2.38169 	0.0292508 	-0.000777193 	7.7892e-05
2.38319 	0.0292542 	-0.000775071 	7.86058e-05
2.38469 	0.0292575 	-0.00077295 	7.93197e-05
2.38619 	0.0292608 	-0.000770829 	8.00335e-05
2.38769 	0.0292641 	-0.000768708 	8.07473e-05
2.38919 	0.0292652 	-0.000767481 	8.13495e-05
2.3907 	0.029266 	-0.000766405 	8.1933e-05
2.3922 	0.0292667 	-0.000765329 	8.25165e-05
2.3937 	0.0292675 	-0.000764252 	8.31e-05
2.3952 	0.0292682 	-0.000763176 	8.36835e-05
2.3967 	0.029269 	-0.0007621 	8.4267e-05
2.3982 	0.0292697 	-0.000761023 	8.48505e-05
2.3997 	0.0292705 	-0.000759947 	8.54339e-05
2.4012 	0.0292712 	-0.000758871 	8.60174e-05
2.4027 	0.029272 	-0.000757794 	8.66009e-05
2.4042 	0.0292727 	-0.000756718 	8.71844e-05
2.4057 	0.0292735 	-0.000755642 	8.77679e-05
2.4072 	0.0292744 	-0.000754476 	8.83492e-05
2.4087 	0.0292757 	-0.000753046 	8.89243e-05
2.41021 	0.0292769 	-0.000751617 	8.94993e-05
2.41171 	0.0292782 	-0.000750188 	9.00743e-05
2.41321 	0.0292795 	-0.000748758 	9.06494e-05
2.41471 	0.0292807 	-0.000747329 	9.12244e-05
2.41621 	0.0292824 	-0.000745629 	9.18211e-05
2.41771 	0.0292845 	-0.000743695 	9.24367e-05
2.41921 	0.0292866 	-0.00074176 	9.30522e-05
2.42071 	0.0292886 	-0.000739826 	9.36678e-05
2.42221 	0.0292907 	-0.000737892 	9.42833e-05
2.42371 	0.0292927 	-0.000735958 	9.48989e-05
2.42521 	0.0292948 	-0.000734024 	9.55144e-05
2.42671 	0.0292968 	-0.00073209 	9.613e-05
2.42821 	0.0292989 	-0.000730156 	9.67455e-05
2.42971 	0.029301 	-0.000728222 	9.73611e-05
2.43122 	0.029303 	-0.000726288 	9.79766e-05
2.43272 	0.0293051 	-0.000724354 	9.85921e-05
2.43422 	0.0293071 	-0.000722419 	9.92077e-05
2.43572 	0.0293076 	-0.000720954 	9.98462e-05
2.43722 	0.0293075 	-0.00071965 	0.000100493
2.43872 	0.0293075 	-0.000718346 	0.000101139
2.44022 	0.0293074 	-0.000717043 	0.000101786
2.44172 	0.0293073 	-0.000715739 	0.000102432
2.44322 	0.0293072 	-0.000714435 	0.000103079
2.44472 	0.0293071 	-0.000713132 	0.000103725
2.44622 	0.0293071 	-0.000711828 	0.000104372
2.44772 	0.029307 	-0.000710524 	0.000105018
2.44922 	0.0293069 	-0.000709221 	0.000105665
2.45073 	0.0293068 	-0.000707917 	0.000106311
2.45223 	0.0293068 	-0.000706613 	0.000106958
2.45373 	0.0293067 	-0.00070531 	0.000107604
2.45523 	0.0293066 	-0.00070386 	0.000108179
2.45673 	0.0293066 	-0.000702366 	0.000108733
2.45823 	0.0293065 	-0.000700872 	0.000109286
2.45973 	0.0293066 	-0.000699314 	0.000109808
2.46123 	0.0293071 	-0.000697545 	0.000110229
2.46273 	0.0293076 	-0.000695777 	0.00011065
2.46423 	0.0293081 	-0.000694008 	0.000111071
2.46573 	0.0293086 	-0.00069224 	0.000111491
2.46723 	0.029309 	-0.000690471 	0.000111912
2.46873 	0.0293095 	-0.000688702 	0.000112333
2.47024 	0.02931 	-0.000686934 	0.000112754
2.47174 	0.0293105 	-0.000685165 	0.000113174
2.47324 	0.029311 	-0.000683397 	0.000113595
2.47474 	0.0293115 	-0.000681628 	0.000114016
2.47624 	0.029312 	-0.000679859 	0.000114437
2.47774 	0.0293125 	-0.000678091 	0.000114857
2.47924 	0.0293128 	-0.000676366 	0.000115283
2.48074 	0.0293122 	-0.000674888 	0.00011574
2.48224 	0.0293115 	-0.000673411 	0.000116196
2.48374 	0.0293108 	-0.000671934 	0.000116653
2.48524 	0.0293101 	-0.000670457 	0.000117109
2.48674 	0.0293095 	-0.00066898 	0.000117566
2.48824 	0.0293088 	-0.000667502 	0.000118022
2.48974 	0.0293081 	-0.000666025 	0.000118479
2.49125 	0.0293074 	-0.000664548 	0.000118935
2.49275 	0.0293068 	-0.000663071 	0.000119392
2.49425 	0.0293061 	-0.000661594 	0.000119848
2.49575 	0.0293054 	-0.000660116 	0.000120305
2.49725 	0.0293047 	-0.000658639 	0.000120761
2.49875 	0.0293041 	-0.000657162 	0.000121218
2.50025 	0.029303 	-0.000655811 	0.000121559
2.50175 	0.0293021 	-0.000654526 	0.000121843
2.50325 	0.0293015 	-0.000653372 	0.000122014
2.50475 	0.0293008 	-0.000652217 	0.000122186
2.50625 	0.0293001 	-0.000651063 	0.000122357
2.50775 	0.0292995 	-0.000649908 	0.000122528
2.50925 	0.0292988 	-0.000648754 	0.0001227
2.51076 	0.0292981 	-0.000647599 	0.000122871
2.51226 	0.0292974 	-0.000646445 	0.000123043
2.51376 	0.0292968 	-0.000645291 	0.000123214
2.51526 	0.0292961 	-0.000644136 	0.000123385
2.51676 	0.0292954 	-0.000642982 	0.000123557
2.51826 	0.0292947 	-0.000641827 	0.000123728
2.51976 	0.0292941 	-0.000640673 	0.0001239
2.52126 	0.0292934 	-0.000639545 	0.000124069
2.52276 	0.0292931 	-0.000638776 	0.000124212
2.52426 	0.0292927 	-0.000638007 	0.000124355
2.52576 	0.0292923 	-0.000637238 	0.000124498
2.52726 	0.0292919 	-0.000636468 	0.000124642
2.52876 	0.0292916 	-0.000635699 	0.000124785
2.53027 	0.0292912 	-0.00063493 	0.000124928
2.53177 	0.0292908 	-0.000634161 	0.000125071
2.53327 	0.0292904 	-0.000633392 	0.000125214
2.53477 	0.0292901 	-0.000632623 	0.000125357
2.53627 	0.0292897 	-0.000631854 	0.0001255
2.53777 	0.0292893 	-0.000631084 	0.000125643
2.53927 	0.0292889 	-0.000630315 	0.000125786
2.54077 	0.0292886 	-0.000629546 	0.00012593
2.54227 	0.0292869 	-0.000627946 	0.000126084
2.54377 	0.0292849 	-0.00062611 	0.000126243
2.54527 	0.0292829 	-0.000624275 	0.000126401
2.54677 	0.0292808 	-0.000622439 	0.000126559
2.54827 	0.0292788 	-0.000620603 	0.000126718
2.54977 	0.0292768 	-0.000618767 	0.000126876
2.55128 	0.0292748 	-0.000616932 	0.000127034
2.55278 	0.0292727 	-0.000615096 	0.000127193
2.55428 	0.0292707 	-0.00061326 	0.000127351
2.55578 	0.0292687 	-0.000611424 	0.000127509
2.55728 	0.0292667 	-0.000609589 	0.000127667
2.55878 	0.0292647 	-0.000607753 	0.000127826
2.56028 	0.0292626 	-0.000605917 	0.000127984
2.56178 	0.0292607 	-0.000604269 	0.000128125
2.56328 	0.0292589 	-0.00060282 	0.000128248
2.56478 	0.0292571 	-0.000601371 	0.00012837
2.56628 	0.0292554 	-0.000599922 	0.000128493
2.56778 	0.0292536 	-0.000598474 	0.000128616
2.56928 	0.0292518 	-0.000597025 	0.000128738
2.57079 	0.02925 	-0.000595576 	0.000128861
2.57229 	0.0292482 	-0.000594127 	0.000128984
2.57379 	0.0292464 	-0.000592679 	0.000129106
2.57529 	0.0292446 	-0.00059123 	0.000129229
2.57679 	0.0292428 	-0.000589781 	0.000129352
2.57829 	0.029241 	-0.000588332 	0.000129474
2.57979 	0.0292388 	-0.000586801 	0.000129581
2.58129 	0.0292362 	-0.000585206 	0.000129666
2.58279 	0.0292333 	-0.000583588 	0.000129708
2.58429 	0.0292303 	-0.000581969 	0.000129751
2.58579 	0.0292274 	-0.000580351 	0.000129793
2.58729 	0.0292244 	-0.000578732 	0.000129835
2.58879 	0.0292214 	-0.000577113 	0.000129878
2.5903 	0.0292185 	-0.000575495 	0.00012992
2.5918 	0.0292155 	-0.000573876 	0.000129963
2.5933 	0.0292126 	-0.000572258 	0.000130005
2.5948 	0.0292096 	-0.000570639 	0.000130048
2.5963 	0.0292066 	-0.00056902 	0.00013009
2.5978 	0.0292037 	-0.000567402 	0.000130132
2.5993 	0.0292006 	-0.000565772 	0.000130178
2.6008 	0.0291974 	-0.000564123 	0.00013023
2.6023 	0.0291942 	-0.000562474 	0.000130282
2.6038 	0.029191 	-0.000560825 	0.000130333
2.6053 	0.0291878 	-0.000559176 	0.000130385
2.6068 	0.0291846 	-0.000557527 	0.000130437
2.6083 	0.0291813 	-0.000555878 	0.000130488
2.6098 	0.0291781 	-0.000554229 	0.00013054
2.61131 	0.0291749 	-0.00055258 	0.000130591
2.61281 	0.0291717 	-0.000550931 	0.000130643
2.61431 	0.0291685 	-0.000549282 	0.000130695
2.61581 	0.0291655 	-0.000547897 	0.000130731
2.61731 	0.0291627 	-0.000546593 	0.000130762
2.61881 	0.0291598 	-0.000545316 	0.000130783
2.62031 	0.0291568 	-0.000544126 	0.000130776
2.62181 	0.0291538 	-0.000542935 	0.000130769
2.62331 	0.0291508 	-0.000541745 	0.000130762
2.62481 	0.0291478 	-0.000540555 	0.000130755
2.62631 	0.0291449 	-0.000539364 	0.000130748
2.62781 	0.0291419 	-0.000538174 	0.000130741
2.62931 	0.0291389 	-0.000536983 	0.000130734
2.63082 	0.0291359 	-0.000535793 	0.000130727
2.63232 	0.0291329 	-0.000534602 	0.00013072
2.63382 	0.02913 	-0.000533412 	0.000130713
2.63532 	0.0291276 	-0.00053248 	0.000130718
2.63682 	0.0291255 	-0.000531664 	0.00013073
2.63832 	0.0291234 	-0.000530847 	0.000130741
2.63982 	0.0291213 	-0.00053003 	0.000130753
2.64132 	0.0291192 	-0.000529214 	0.000130764
2.64282 	0.0291171 	-0.000528397 	0.000130776
2.64432 	0.029115 	-0.000527581 	0.000130787
2.64582 	0.0291129 	-0.000526764 	0.000130798
2.64732 	0.0291108 	-0.000525947 	0.00013081
2.64882 	0.0291082 	-0.000525008 	0.00013081
2.65033 	0.0291041 	-0.000523695 	0.000130776
2.65183 	0.0291 	-0.000522382 	0.000130742
2.65333 	0.0290959 	-0.000521069 	0.000130708
2.65483 	0.0290904 	-0.000519357 	0.000130627
2.65633 	0.0290845 	-0.000517528 	0.000130532
2.65783 	0.0290785 	-0.0005157 	0.000130438
2.65933 	0.0290726 	-0.000513872 	0.000130343
2.66083 	0.0290667 	-0.000512043 	0.000130249
2.66233 	0.0290608 	-0.000510215 	0.000130154
2.66383 	0.0290548 	-0.000508387 	0.00013006
2.66533 	0.0290489 	-0.000506559 	0.000129965
2.66683 	0.029043 	-0.00050473 	0.000129871
2.66833 	0.0290374 	-0.000503049 	0.000129777
2.66983 	0.0290322 	-0.000501579 	0.000129685
2.67134 	0.029027 	-0.000500109 	0.000129593
2.67284 	0.0290218 	-0.000498639 	0.000129501
2.67434 	0.0290166 	-0.000497169 	0.000129409
2.67584 	0.0290114 	-0.000495699 	0.000129316
2.67734 	0.0290063 	-0.000494229 	0.000129224
2.67884 	0.0290011 	-0.000492759 	0.000129132
2.68034 	0.0289959 	-0.000491287 	0.000129039
2.68184 	0.0289896 	-0.000489689 	0.000128856
2.68334 	0.0289832 	-0.000488091 	0.000128672
2.68484 	0.0289769 	-0.000486493 	0.000128489
2.68634 	0.0289706 	-0.000484895 	0.000128306
2.68784 	0.0289638 	-0.000483266 	0.00012805
2.68934 	0.0289568 	-0.000481628 	0.000127775
2.69085 	0.0289499 	-0.00047999 	0.000127499
2.69235 	0.0289429 	-0.000478352 	0.000127224
2.69385 	0.0289359 	-0.000476714 	0.000126948
2.69535 	0.028929 	-0.000475076 	0.000126673
2.69685 	0.028922 	-0.000473438 	0.000126397
2.69835 	0.028915 	-0.0004718 	0.000126122
2.69985 	0.0289078 	-0.000470143 	0.000125833
2.70135 	0.0289003 	-0.000468464 	0.00012553
2.70285 	0.0288928 	-0.000466786 	0.000125227
2.70435 	0.0288853 	-0.000465108 	0.000124924
2.70585 	0.0288778 	-0.00046343 	0.000124621
2.70735 	0.0288702 	-0.000461752 	0.000124318
2.70885 	0.0288627 	-0.000460074 	0.000124015
2.71036 	0.0288552 	-0.000458404 	0.000123713
2.71186 	0.0288488 	-0.000457064 	0.000123452
2.71336 	0.0288423 	-0.000455724 	0.00012319
2.71486 	0.0288359 	-0.000454384 	0.000122929
2.71636 	0.0288294 	-0.000453043 	0.000122668
2.71786 	0.0288232 	-0.00045176 	0.000122416
2.71936 	0.0288179 	-0.00045069 	0.000122197
2.72086 	0.0288125 	-0.00044962 	0.000121978
2.72236 	0.0288072 	-0.00044855 	0.000121759
2.72386 	0.0288018 	-0.00044748 	0.000121541
2.72536 	0.0287965 	-0.00044641 	0.000121322
2.72686 	0.0287911 	-0.00044534 	0.000121103
2.72836 	0.0287858 	-0.00044427 	0.000120884
2.72986 	0.0287799 	-0.000443168 	0.000120641
2.73137 	0.0287739 	-0.00044206 	0.000120395
2.73287 	0.028768 	-0.000440952 	0.000120148
2.73437 	0.028762 	-0.000439844 	0.000119902
2.73587 	0.028756 	-0.000438737 	0.000119655
2.73737 	0.02875 	-0.000437629 	0.000119409
2.73887 	0.0287435 	-0.000436457 	0.000119158
2.74037 	0.0287353 	-0.00043509 	0.000118897
2.74187 	0.0287272 	-0.000433723 	0.000118636
2.74337 	0.028719 	-0.000432355 	0.000118375
2.74487 	0.0287108 	-0.000430988 	0.000118113
2.74637 	0.0287026 	-0.000429621 	0.000117852
2.74787 	0.0286924 	-0.000427956 	0.000117583
2.74937 	0.0286822 	-0.000426288 	0.000117314
2.75088 	0.028672 	-0.000424621 	0.000117045
2.75238 	0.0286617 	-0.000422953 	0.000116776
2.75388 	0.0286515 	-0.000421285 	0.000116507
2.75538 	0.0286413 	-0.000419617 	0.000116238
2.75688 	0.0286306 	-0.000417906 	0.000115955
2.75838 	0.0286193 	-0.000416147 	0.000115656
2.75988 	0.0286081 	-0.000414388 	0.000115357
2.76138 	0.0285969 	-0.000412629 	0.000115058
2.76288 	0.0285856 	-0.00041087 	0.000114759
2.76438 	0.0285744 	-0.000409111 	0.00011446
2.76588 	0.0285626 	-0.000407402 	0.000114208
2.76738 	0.0285505 	-0.000405722 	0.000113985
2.76888 	0.0285384 	-0.000404042 	0.000113761
2.77039 	0.0285263 	-0.000402362 	0.000113538
2.77189 	0.0285142 	-0.000400682 	0.000113314
2.77339 	0.028502 	-0.000398999 	0.000113095
2.77489 	0.0284887 	-0.000397262 	0.000112947
2.77639 	0.0284754 	-0.000395525 	0.0001128
2.77789 	0.0284621 	-0.000393787 	0.000112652
2.77939 	0.0284487 	-0.00039205 	0.000112504
2.78089 	0.0284354 	-0.000390313 	0.000112357
2.78239 	0.028422 	-0.000388577 	0.000112207
2.78389 	0.0284082 	-0.000386844 	0.000112054
2.78539 	0.0283945 	-0.00038511 	0.000111901
2.78689 	0.0283807 	-0.000383377 	0.000111748
2.78839 	0.028367 	-0.000381643 	0.000111594
2.78989 	0.0283534 	-0.000379946 	0.000111445
2.7914 	0.0283411 	-0.000378515 	0.000111321
2.7929 	0.0283288 	-0.000377083 	0.000111197
2.7944 	0.0283165 	-0.000375652 	0.000111073
2.7959 	0.0283042 	-0.00037422 	0.000110949
2.7974 	0.0282919 	-0.000372789 	0.000110825
2.7989 	0.0282801 	-0.000371433 	0.000110713
2.8004 	0.0282691 	-0.000370217 	0.000110622
2.8019 	0.0282581 	-0.000369 	0.000110531
2.8034 	0.0282471 	-0.000367784 	0.00011044
2.8049 	0.0282362 	-0.000366568 	0.000110349
2.8064 	0.0282251 	-0.000365356 	0.000110259
2.8079 	0.0282137 	-0.000364156 	0.000110172
2.8094 	0.0282022 	-0.000362955 	0.000110085
2.81091 	0.0281908 	-0.000361754 	0.000109998
2.81241 	0.0281794 	-0.000360554 	0.000109911
2.81391 	0.0281647 	-0.000359134 	0.000109769
2.81541 	0.0281484 	-0.000357611 	0.000109603
2.81691 	0.0281321 	-0.000356088 	0.000109436
2.81841 	0.0281159 	-0.000354565 	0.000109269
2.81991 	0.0280996 	-0.000353042 	0.000109103
2.82141 	0.0280833 	-0.000351519 	0.000108936
2.82291 	0.0280631 	-0.000349685 	0.000108703
2.82441 	0.028042 	-0.000347775 	0.000108454
2.82591 	0.0280209 	-0.000345865 	0.000108205
2.82741 	0.0279997 	-0.000343956 	0.000107956
2.82891 	0.0279783 	-0.000342031 	0.000107706
2.83042 	0.0279563 	-0.000340075 	0.000107454
2.83192 	0.0279343 	-0.000338118 	0.000107202
2.83342 	0.0279122 	-0.000336161 	0.00010695
2.83492 	0.0278908 	-0.000334297 	0.000106703
2.83642 	0.0278712 	-0.000332694 	0.000106471
2.83792 	0.0278516 	-0.000331092 	0.000106239
2.83942 	0.0278319 	-0.000329489 	0.000106008
2.84092 	0.0278123 	-0.000327887 	0.000105776
2.84242 	0.0277927 	-0.000326284 	0.000105544
2.84392 	0.0277737 	-0.000324769 	0.000105315
2.84542 	0.027756 	-0.000323411 	0.000105092
2.84692 	0.0277384 	-0.000322053 	0.000104868
2.84842 	0.0277207 	-0.000320695 	0.000104644
2.84992 	0.0277026 	-0.000319322 	0.000104413
2.85143 	0.0276839 	-0.000317927 	0.000104168
2.85293 	0.0276651 	-0.000316532 	0.000103924
2.85443 	0.0276464 	-0.000315137 	0.00010368
2.85593 	0.0276211 	-0.000313433 	0.000103423
2.85743 	0.0275943 	-0.000311653 	0.000103164
2.85893 	0.0275674 	-0.000309874 	0.000102905
2.86043 	0.0275406 	-0.000308095 	0.000102645
2.86193 	0.0275137 	-0.000306316 	0.000102386
2.86343 	0.0274869 	-0.000304537 	0.000102127
2.86493 	0.0274522 	-0.000302318 	0.000101838
2.86643 	0.027417 	-0.00030007 	0.000101547
2.86793 	0.0273818 	-0.000297822 	0.000101256
2.86943 	0.0273458 	-0.000295524 	0.000100946
2.87094 	0.0273086 	-0.00029316 	0.000100611
2.87244 	0.0272714 	-0.000290796 	0.000100277
2.87394 	0.0272353 	-0.000288552 	9.99785e-05
2.87544 	0.0272025 	-0.000286632 	9.97785e-05
2.87694 	0.0271696 	-0.000284712 	9.95786e-05
2.87844 	0.0271367 	-0.000282792 	9.93786e-05
2.87994 	0.0271038 	-0.000280872 	9.91786e-05
2.88144 	0.0270709 	-0.000278952 	9.89787e-05
2.88294 	0.0270397 	-0.00027719 	9.88343e-05
2.88444 	0.0270102 	-0.000275591 	9.87469e-05
2.88594 	0.0269806 	-0.000273992 	9.86595e-05
2.88744 	0.0269504 	-0.000272365 	9.85649e-05
2.88894 	0.0269192 	-0.000270699 	9.84593e-05
2.89045 	0.026888 	-0.000269032 	9.83538e-05
2.89195 	0.0268477 	-0.000267059 	9.82644e-05
2.89345 	0.0268013 	-0.000264882 	9.81857e-05
2.89495 	0.026755 	-0.000262705 	9.8107e-05
2.89645 	0.0267086 	-0.000260528 	9.80283e-05
2.89795 	0.0266623 	-0.00025835 	9.79497e-05
2.89945 	0.0266159 	-0.000256173 	9.7871e-05
2.90095 	0.0265547 	-0.000253421 	9.78074e-05
2.90245 	0.0264928 	-0.000250645 	9.77445e-05
2.90395 	0.0264304 	-0.000247846 	9.76806e-05
2.90545 	0.0263662 	-0.000244966 	9.76129e-05
2.90695 	0.026302 	-0.000242086 	9.75452e-05
2.90845 	0.0262424 	-0.000239573 	9.7482e-05
2.90995 	0.0261842 	-0.000237182 	9.74203e-05
2.91146 	0.0261261 	-0.000234791 	9.73586e-05
2.91296 	0.0260679 	-0.0002324 	9.72969e-05
2.91446 	0.0260098 	-0.000230009 	9.72353e-05
2.91596 	0.0259529 	-0.000227718 	9.71732e-05
2.91746 	0.0258994 	-0.000225689 	9.71101e-05
2.91896 	0.0258459 	-0.00022366 	9.70469e-05
2.92046 	0.0257915 	-0.000221622 	9.69855e-05
2.92196 	0.0257369 	-0.000219583 	9.69243e-05
2.92346 	0.0256625 	-0.000217082 	9.68053e-05
2.92496 	0.0255785 	-0.000214358 	9.66584e-05
2.92646 	0.0254945 	-0.000211633 	9.65115e-05
2.92796 	0.0254105 	-0.000208909 	9.63646e-05
2.92946 	0.0253265 	-0.000206185 	9.62177e-05
2.93097 	0.0252307 	-0.000203157 	9.60322e-05
2.93247 	0.025117 	-0.000199663 	9.57877e-05
2.93397 	0.0250038 	-0.00019618 	9.55449e-05
2.93547 	0.0248918 	-0.000192725 	9.53072e-05
2.93697 	0.0247811 	-0.000189412 	9.50639e-05
2.93847 	0.0246731 	-0.000186397 	9.48089e-05
2.93997 	0.0245651 	-0.000183382 	9.45538e-05
2.94147 	0.0244571 	-0.000180367 	9.42988e-05
2.94297 	0.0243492 	-0.000177352 	9.40437e-05
2.94447 	0.0242418 	-0.00017442 	9.37793e-05
2.94597 	0.0241364 	-0.000171731 	9.34878e-05
2.94747 	0.0240333 	-0.000169121 	9.32003e-05
2.94897 	0.0239343 	-0.000166648 	9.29197e-05
2.95048 	0.0238285 	-0.000164171 	9.26102e-05
2.95198 	0.023719 	-0.000161692 	9.22849e-05
2.95348 	0.0236095 	-0.000159212 	9.19597e-05
2.95498 	0.0235 	-0.000156733 	9.16344e-05
2.95648 	0.0233905 	-0.000154253 	9.13092e-05
2.95798 	0.0232703 	-0.000151675 	9.09415e-05
2.95948 	0.0231453 	-0.000149038 	9.05571e-05
2.96098 	0.0230069 	-0.000146168 	9.01301e-05
2.96248 	0.022825 	-0.000142795 	8.95356e-05
2.96398 	0.0226159 	-0.000139108 	8.88364e-05
2.96548 	0.0224069 	-0.000135421 	8.81372e-05
2.96698 	0.0221978 	-0.000131733 	8.7438e-05
2.96848 	0.0219881 	-0.000128038 	8.67365e-05
2.96998 	0.0217101 	-0.000123494 	8.58013e-05
2.97149 	0.0214237 	-0.000118807 	8.48417e-05
2.97299 	0.0211342 	-0.00011415 	8.38684e-05
2.97449 	0.0208657 	-0.000110225 	8.2933e-05
2.97599 	0.0205972 	-0.0001063 	8.19976e-05
2.97749 	0.0203287 	-0.000102375 	8.10621e-05
2.97899 	0.0200602 	-9.84494e-05 	8.01267e-05
2.98049 	0.0198124 	-9.52105e-05 	7.92615e-05
2.98199 	0.0195701 	-9.21747e-05 	7.84183e-05
2.98349 	0.0193216 	-8.92013e-05 	7.75492e-05
2.98499 	0.019057 	-8.62751e-05 	7.66047e-05
2.98649 	0.0187924 	-8.33489e-05 	7.56602e-05
2.98799 	0.0185279 	-8.04227e-05 	7.47157e-05
2.98949 	0.0182588 	-7.74966e-05 	7.37553e-05
2.991 	0.0179671 	-7.45713e-05 	7.27154e-05
2.9925 	0.0176473 	-7.14278e-05 	7.1586e-05
2.994 	0.014811 	-5.95308e-05 	6.01263e-05
2.9955 	0.0117918 	-4.69978e-05 	4.79161e-05
2.997 	0.00877269 	-3.44648e-05 	3.57058e-05
2.9985 	0.00564989 	-2.15756e-05 	2.30678e-05
3 	0 	0 	0
