0 	0 	0 	0
0.00150075 	-0.000331185 	-1.4911e-06 	-1.26965e-05
0.0030015 	-0.000636302 	-3.23715e-06 	-2.45736e-05
0.00450225 	-0.000898743 	-5.40061e-06 	-3.51093e-05
0.006003 	-0.00116118 	-7.56408e-06 	-4.5645e-05
0.00750375 	-0.00136289 	-1.02713e-05 	-5.51609e-05
0.0090045 	-0.00152657 	-1.332e-05 	-6.40397e-05
0.0105053 	-0.00168068 	-1.68537e-05 	-7.31437e-05
0.012006 	-0.00182335 	-2.02835e-05 	-8.16058e-05
0.0135068 	-0.00193474 	-2.34293e-05 	-8.83127e-05
0.0150075 	-0.00204612 	-2.65752e-05 	-9.50196e-05
0.0165083 	-0.00214416 	-2.96834e-05 	-0.000101201
0.018009 	-0.00219799 	-3.26671e-05 	-0.000105641
0.0195098 	-0.00225149 	-3.62577e-05 	-0.000110759
0.0210105 	-0.00230466 	-4.04387e-05 	-0.000116536
0.0225113 	-0.00235177 	-4.51287e-05 	-0.000121948
0.024012 	-0.00239565 	-5.00903e-05 	-0.000127165
0.0255128 	-0.00243953 	-5.50518e-05 	-0.000132382
0.0270135 	-0.00247775 	-6.03144e-05 	-0.000137373
0.0285143 	-0.00250373 	-6.6228e-05 	-0.000141876
0.030015 	-0.00252995 	-7.28388e-05 	-0.000147309
0.0315158 	-0.00255644 	-8.02243e-05 	-0.000153776
0.0330165 	-0.00257682 	-8.68174e-05 	-0.00015896
0.0345173 	-0.00259099 	-9.26016e-05 	-0.000162837
0.036018 	-0.00260515 	-9.83859e-05 	-0.000166714
0.0375188 	-0.00261932 	-0.00010417 	-0.00017059
0.0390195 	-0.00261883 	-0.000108689 	-0.000172208
0.0405203 	-0.00261529 	-0.000112944 	-0.000173357
0.042021 	-0.00261297 	-0.000118722 	-0.000176559
0.0435218 	-0.00261083 	-0.000124741 	-0.000180087
0.0450225 	-0.00260608 	-0.000130296 	-0.000182496
0.0465233 	-0.0026005 	-0.000135701 	-0.000184545
0.048024 	-0.00259491 	-0.000141105 	-0.000186594
0.0495248 	-0.00258932 	-0.00014651 	-0.000188642
0.0510255 	-0.00257949 	-0.000151396 	-0.000189633
0.0525263 	-0.00256805 	-0.000156084 	-0.000190219
0.054027 	-0.00255709 	-0.000161738 	-0.000192053
0.0555278 	-0.00254641 	-0.000167951 	-0.00019461
0.0570285 	-0.00253502 	-0.000173991 	-0.00019673
0.0585293 	-0.00252255 	-0.000179767 	-0.000198184
0.06003 	-0.00251007 	-0.000185542 	-0.000199637
0.0615308 	-0.0024976 	-0.000191318 	-0.00020109
0.0630315 	-0.00248513 	-0.000197094 	-0.000202544
0.0645323 	-0.00246948 	-0.000202242 	-0.000203059
0.066033 	-0.00245368 	-0.000207362 	-0.000203534
0.0675338 	-0.00243793 	-0.000213249 	-0.000204937
0.0690345 	-0.00242219 	-0.000219405 	-0.000206666
0.0705353 	-0.0024053 	-0.000225782 	-0.000208184
0.072036 	-0.00238642 	-0.000232541 	-0.000209339
0.0735368 	-0.00236755 	-0.000239299 	-0.000210495
0.0750375 	-0.00234868 	-0.000246058 	-0.00021165
0.0765383 	-0.0023298 	-0.000252816 	-0.000212805
0.078039 	-0.00230782 	-0.000260092 	-0.000213828
0.0795398 	-0.00228252 	-0.000267918 	-0.000214709
0.0810405 	-0.00225657 	-0.000275954 	-0.000215673
0.0825413 	-0.00222648 	-0.000285325 	-0.000217159
0.084042 	-0.0021964 	-0.000294695 	-0.000218645
0.0855428 	-0.00217041 	-0.000303086 	-0.000219701
0.0870435 	-0.00214685 	-0.000310898 	-0.000220503
0.0885443 	-0.00212329 	-0.00031871 	-0.000221305
0.090045 	-0.00209973 	-0.000326522 	-0.000222106
0.0915458 	-0.00207617 	-0.000334333 	-0.000222908
0.0930465 	-0.00205415 	-0.000341664 	-0.000223596
0.0945473 	-0.00203675 	-0.000347563 	-0.000223945
0.096048 	-0.00201934 	-0.000353461 	-0.000224295
0.0975488 	-0.00199771 	-0.000359844 	-0.00022488
0.0990495 	-0.00197485 	-0.000366369 	-0.000225535
0.10055 	-0.00195203 	-0.000373002 	-0.000226138
0.102051 	-0.00192952 	-0.000380359 	-0.00022639
0.103552 	-0.00190702 	-0.000387715 	-0.000226641
0.105053 	-0.00188452 	-0.000395072 	-0.000226892
0.106553 	-0.00186202 	-0.000402428 	-0.000227144
0.108054 	-0.00183952 	-0.000409785 	-0.000227395
0.109555 	-0.00181753 	-0.000417114 	-0.000227589
0.111056 	-0.00179748 	-0.000424336 	-0.000227562
0.112556 	-0.00177744 	-0.000431559 	-0.000227536
0.114057 	-0.00175693 	-0.000437903 	-0.00022778
0.115558 	-0.00173611 	-0.000443657 	-0.000228205
0.117059 	-0.00171529 	-0.000449412 	-0.00022863
0.118559 	-0.0016946 	-0.00045594 	-0.00022865
0.12006 	-0.00167394 	-0.000462637 	-0.000228581
0.121561 	-0.00165328 	-0.000469333 	-0.000228513
0.123062 	-0.00163262 	-0.000476029 	-0.000228445
0.124562 	-0.00161196 	-0.000482725 	-0.000228376
0.126063 	-0.0015913 	-0.000489422 	-0.000228308
0.127564 	-0.00157073 	-0.000496341 	-0.000228131
0.129065 	-0.00155035 	-0.000503783 	-0.000227698
0.130565 	-0.00152998 	-0.000511225 	-0.000227265
0.132066 	-0.00150956 	-0.000517718 	-0.000227356
0.133567 	-0.0014891 	-0.000523474 	-0.000227855
0.135068 	-0.00146865 	-0.00052923 	-0.000228353
0.136568 	-0.00144799 	-0.000535611 	-0.000228421
0.138069 	-0.00142722 	-0.00054232 	-0.000228264
0.13957 	-0.00140645 	-0.000549029 	-0.000228107
0.141071 	-0.00138568 	-0.000555738 	-0.00022795
0.142571 	-0.00136491 	-0.000562447 	-0.000227792
0.144072 	-0.00134414 	-0.000569155 	-0.000227635
0.145573 	-0.00132337 	-0.000575864 	-0.000227478
0.147074 	-0.00130253 	-0.000582934 	-0.000226985
0.148574 	-0.00128163 	-0.000590413 	-0.000226109
0.150075 	-0.00126072 	-0.000597892 	-0.000225234
0.151576 	-0.00124024 	-0.000604364 	-0.000225099
0.153077 	-0.00122003 	-0.000610193 	-0.000225437
0.154577 	-0.00119982 	-0.000616022 	-0.000225776
0.156078 	-0.0011792 	-0.00062236 	-0.000225733
0.157579 	-0.00115827 	-0.000629066 	-0.000225413
0.15908 	-0.00113734 	-0.000635772 	-0.000225093
0.16058 	-0.00111641 	-0.000642479 	-0.000224773
0.162081 	-0.00109548 	-0.000649185 	-0.000224453
0.163582 	-0.00107455 	-0.000655891 	-0.000224133
0.165083 	-0.00105362 	-0.000662597 	-0.000223814
0.166583 	-0.00103269 	-0.000669304 	-0.000223494
0.168084 	-0.00101141 	-0.000676487 	-0.000222605
0.169585 	-0.000989946 	-0.000683919 	-0.000221419
0.171086 	-0.00096848 	-0.00069135 	-0.000220234
0.172586 	-0.000947891 	-0.000697813 	-0.000219774
0.174087 	-0.000927704 	-0.000703832 	-0.000219646
0.175588 	-0.000907517 	-0.000709851 	-0.000219518
0.177089 	-0.000886812 	-0.00071624 	-0.000219204
0.178589 	-0.000865667 	-0.000722944 	-0.000218732
0.18009 	-0.000844522 	-0.000729648 	-0.000218259
0.181591 	-0.000823377 	-0.000736352 	-0.000217787
0.183092 	-0.000802232 	-0.000743056 	-0.000217315
0.184592 	-0.000781087 	-0.00074976 	-0.000216842
0.186093 	-0.000759941 	-0.000756464 	-0.00021637
0.187594 	-0.000738796 	-0.000763168 	-0.000215898
0.189095 	-0.000717651 	-0.000769872 	-0.000215426
0.190595 	-0.000695969 	-0.000777084 	-0.000214468
0.192096 	-0.00067416 	-0.000784416 	-0.000213396
0.193597 	-0.000652352 	-0.000791747 	-0.000212324
0.195098 	-0.000631816 	-0.000798388 	-0.000211766
0.196598 	-0.000611744 	-0.000804776 	-0.000211395
0.198099 	-0.000591673 	-0.000811165 	-0.000211024
0.1996 	-0.000570889 	-0.000817699 	-0.000210581
0.201101 	-0.000549351 	-0.000824387 	-0.00021006
0.202601 	-0.000527813 	-0.000831074 	-0.00020954
0.204102 	-0.000506274 	-0.000837762 	-0.00020902
0.205603 	-0.000484736 	-0.00084445 	-0.0002085
0.207104 	-0.000463198 	-0.000851138 	-0.00020798
0.208604 	-0.00044166 	-0.000857825 	-0.000207459
0.210105 	-0.000420122 	-0.000864513 	-0.000206939
0.211606 	-0.000398583 	-0.000871201 	-0.000206419
0.213107 	-0.000377045 	-0.000877889 	-0.000205899
0.214607 	-0.00035469 	-0.00088486 	-0.000204982
0.216108 	-0.000332206 	-0.000891876 	-0.000204002
0.217609 	-0.000309721 	-0.000898892 	-0.000203023
0.21911 	-0.000288678 	-0.000905757 	-0.000202391
0.22061 	-0.000268264 	-0.000912555 	-0.000201912
0.222111 	-0.000247851 	-0.000919354 	-0.000201433
0.223612 	-0.000226775 	-0.000926078 	-0.00020092
0.225113 	-0.00020453 	-0.000932672 	-0.000200346
0.226613 	-0.000182284 	-0.000939265 	-0.000199772
0.228114 	-0.000160039 	-0.000945859 	-0.000199198
0.229615 	-0.000137794 	-0.000952452 	-0.000198624
0.231116 	-0.000115548 	-0.000959046 	-0.00019805
0.232616 	-9.33028e-05 	-0.000965639 	-0.000197476
0.234117 	-7.10574e-05 	-0.000972232 	-0.000196901
0.235618 	-4.88121e-05 	-0.000978826 	-0.000196327
0.237119 	-2.65667e-05 	-0.000985419 	-0.000195753
0.238619 	-4.32132e-06 	-0.000992013 	-0.000195179
0.24012 	1.86738e-05 	-0.000998473 	-0.000194276
0.241621 	4.19098e-05 	-0.00100489 	-0.000193267
0.243122 	6.51458e-05 	-0.00101131 	-0.000192258
0.244622 	8.73016e-05 	-0.00101803 	-0.000191404
0.246123 	0.000108452 	-0.00102503 	-0.000190694
0.247624 	0.000129603 	-0.00103202 	-0.000189983
0.249125 	0.000150983 	-0.00103896 	-0.000189287
0.250625 	0.000174106 	-0.00104541 	-0.000188695
0.252126 	0.000197229 	-0.00105185 	-0.000188103
0.253627 	0.000220352 	-0.0010583 	-0.000187511
0.255128 	0.000243475 	-0.00106475 	-0.000186919
0.256628 	0.000266598 	-0.00107119 	-0.000186327
0.258129 	0.000289721 	-0.00107764 	-0.000185735
0.25963 	0.000312844 	-0.00108409 	-0.000185143
0.261131 	0.000335967 	-0.00109054 	-0.00018455
0.262631 	0.00035909 	-0.00109698 	-0.000183958
0.264132 	0.000382213 	-0.00110343 	-0.000183366
0.265633 	0.000405336 	-0.00110988 	-0.000182774
0.267134 	0.000428822 	-0.00111607 	-0.000182093
0.268634 	0.000452784 	-0.00112194 	-0.000181295
0.270135 	0.000476746 	-0.0011278 	-0.000180497
0.271636 	0.000500451 	-0.00113381 	-0.000179708
0.273137 	0.000522621 	-0.00114066 	-0.00017898
0.274637 	0.00054479 	-0.00114751 	-0.000178251
0.276138 	0.00056696 	-0.00115436 	-0.000177522
0.277639 	0.000590346 	-0.00116083 	-0.00017682
0.27914 	0.000614258 	-0.00116713 	-0.00017613
0.28064 	0.00063817 	-0.00117343 	-0.000175439
0.282141 	0.000662082 	-0.00117973 	-0.000174749
0.283642 	0.000685995 	-0.00118603 	-0.000174059
0.285143 	0.000709907 	-0.00119233 	-0.000173368
0.286643 	0.000733819 	-0.00119863 	-0.000172678
0.288144 	0.000757731 	-0.00120494 	-0.000171988
0.289645 	0.000781643 	-0.00121124 	-0.000171298
0.291146 	0.000805555 	-0.00121754 	-0.000170607
0.292646 	0.000829467 	-0.00122384 	-0.000169917
0.294147 	0.000853379 	-0.00123014 	-0.000169227
0.295648 	0.000877291 	-0.00123644 	-0.000168536
0.297149 	0.000901673 	-0.00124218 	-0.000167736
0.298649 	0.000926152 	-0.0012478 	-0.000166912
0.30015 	0.000950631 	-0.00125342 	-0.000166089
0.301651 	0.000974359 	-0.0012594 	-0.000165321
0.303152 	0.000997387 	-0.00126572 	-0.000164604
0.304652 	0.00102041 	-0.00127204 	-0.000163888
0.306153 	0.00104355 	-0.00127835 	-0.000163168
0.307654 	0.00106833 	-0.00128448 	-0.000162396
0.309155 	0.00109312 	-0.00129061 	-0.000161623
0.310655 	0.00111791 	-0.00129674 	-0.00016085
0.312156 	0.0011427 	-0.00130287 	-0.000160077
0.313657 	0.00116749 	-0.001309 	-0.000159304
0.315158 	0.00119228 	-0.00131513 	-0.000158532
0.316658 	0.00121707 	-0.00132126 	-0.000157759
0.318159 	0.00124185 	-0.00132739 	-0.000156986
0.31966 	0.00126664 	-0.00133352 	-0.000156213
0.321161 	0.00129143 	-0.00133964 	-0.000155441
0.322661 	0.00131622 	-0.00134577 	-0.000154668
0.324162 	0.00134101 	-0.0013519 	-0.000153895
0.325663 	0.0013658 	-0.00135803 	-0.000153122
0.327164 	0.00139059 	-0.00136416 	-0.00015235
0.328664 	0.00141603 	-0.00136992 	-0.000151603
0.330165 	0.00144155 	-0.00137563 	-0.00015086
0.331666 	0.00146707 	-0.00138135 	-0.000150116
0.333167 	0.00149178 	-0.0013871 	-0.000149532
0.334667 	0.00151593 	-0.00139287 	-0.00014906
0.336168 	0.00154008 	-0.00139865 	-0.000148588
0.337669 	0.00156402 	-0.00140434 	-0.000148088
0.33917 	0.00158682 	-0.00140953 	-0.000147433
0.34067 	0.00160962 	-0.00141473 	-0.000146778
0.342171 	0.00163242 	-0.00141993 	-0.000146124
0.343672 	0.00165522 	-0.00142513 	-0.000145469
0.345173 	0.00167802 	-0.00143033 	-0.000144814
0.346673 	0.00170081 	-0.00143553 	-0.000144159
0.348174 	0.00172361 	-0.00144072 	-0.000143504
0.349675 	0.00174641 	-0.00144592 	-0.00014285
0.351176 	0.00176921 	-0.00145112 	-0.000142195
0.352676 	0.00179201 	-0.00145632 	-0.00014154
0.354177 	0.00181481 	-0.00146152 	-0.000140885
0.355678 	0.0018376 	-0.00146672 	-0.00014023
0.357179 	0.0018604 	-0.00147191 	-0.000139576
0.358679 	0.0018832 	-0.00147711 	-0.000138921
0.36018 	0.001906 	-0.00148231 	-0.000138266
0.361681 	0.00192938 	-0.00148747 	-0.000137611
0.363182 	0.00195321 	-0.00149259 	-0.000136956
0.364682 	0.00197704 	-0.00149772 	-0.0001363
0.366183 	0.00200227 	-0.0015031 	-0.000135633
0.367684 	0.00203065 	-0.00150908 	-0.000134937
0.369185 	0.00205904 	-0.00151505 	-0.000134242
0.370685 	0.00208742 	-0.00152103 	-0.000133547
0.372186 	0.00210891 	-0.00152548 	-0.000132934
0.373687 	0.00212987 	-0.00152983 	-0.000132327
0.375188 	0.00215084 	-0.00153417 	-0.00013172
0.376688 	0.0021718 	-0.00153851 	-0.000131113
0.378189 	0.00219276 	-0.00154285 	-0.000130506
0.37969 	0.00221373 	-0.00154719 	-0.000129899
0.381191 	0.00223469 	-0.00155153 	-0.000129292
0.382691 	0.00225565 	-0.00155588 	-0.000128686
0.384192 	0.00227662 	-0.00156022 	-0.000128079
0.385693 	0.00229758 	-0.00156456 	-0.000127472
0.387194 	0.00231854 	-0.0015689 	-0.000126865
0.388694 	0.0023395 	-0.00157324 	-0.000126258
0.390195 	0.00236047 	-0.00157759 	-0.000125651
0.391696 	0.00238143 	-0.00158193 	-0.000125044
0.393197 	0.00240239 	-0.00158627 	-0.000124438
0.394697 	0.00242336 	-0.00159061 	-0.000123831
0.396198 	0.00244432 	-0.00159495 	-0.000123224
0.397699 	0.00246169 	-0.00159856 	-0.000122864
0.3992 	0.00247813 	-0.00160198 	-0.000122567
0.4007 	0.00249457 	-0.00160539 	-0.000122271
0.402201 	0.00251001 	-0.0016085 	-0.00012174
0.403702 	0.00252485 	-0.00161143 	-0.000121071
0.405203 	0.00253969 	-0.00161436 	-0.000120402
0.406703 	0.00255836 	-0.00161795 	-0.000119711
0.408204 	0.00258392 	-0.00162273 	-0.000118982
0.409705 	0.00260947 	-0.00162752 	-0.000118253
0.411206 	0.00263503 	-0.0016323 	-0.000117523
0.412706 	0.00266059 	-0.00163708 	-0.000116794
0.414207 	0.00268615 	-0.00164187 	-0.000116065
0.415708 	0.0027117 	-0.00164665 	-0.000115335
0.417209 	0.00273726 	-0.00165143 	-0.000114606
0.418709 	0.00276282 	-0.00165622 	-0.000113877
0.42021 	0.00278838 	-0.001661 	-0.000113147
0.421711 	0.00281393 	-0.00166578 	-0.000112418
0.423212 	0.00283949 	-0.00167056 	-0.000111689
0.424712 	0.00286505 	-0.00167535 	-0.00011096
0.426213 	0.00289061 	-0.00168013 	-0.00011023
0.427714 	0.00291616 	-0.00168491 	-0.000109501
0.429215 	0.00294172 	-0.0016897 	-0.000108772
0.430715 	0.00296728 	-0.00169448 	-0.000108042
0.432216 	0.00299283 	-0.00169926 	-0.000107313
0.433717 	0.00301839 	-0.00170405 	-0.000106584
0.435218 	0.00304807 	-0.00170966 	-0.000105952
0.436718 	0.00308129 	-0.001716 	-0.000105404
0.438219 	0.0031145 	-0.00172234 	-0.000104856
0.43972 	0.00314343 	-0.00172781 	-0.000103989
0.441221 	0.0031683 	-0.00173247 	-0.000102822
0.442721 	0.00319318 	-0.00173712 	-0.000101654
0.444222 	0.00322038 	-0.00174198 	-0.000100584
0.445723 	0.00325107 	-0.00174714 	-9.96591e-05
0.447224 	0.00328177 	-0.0017523 	-9.87345e-05
0.448724 	0.00331246 	-0.00175746 	-9.78099e-05
0.450225 	0.00334315 	-0.00176262 	-9.68853e-05
0.451726 	0.00337385 	-0.00176778 	-9.59606e-05
0.453227 	0.00340454 	-0.00177294 	-9.5036e-05
0.454727 	0.00343523 	-0.0017781 	-9.41114e-05
0.456228 	0.00346592 	-0.00178326 	-9.31868e-05
0.457729 	0.00349662 	-0.00178842 	-9.22621e-05
0.45923 	0.00352731 	-0.00179358 	-9.13375e-05
0.46073 	0.003558 	-0.00179874 	-9.04129e-05
0.462231 	0.00358869 	-0.0018039 	-8.94883e-05
0.463732 	0.00361939 	-0.00180906 	-8.85636e-05
0.465233 	0.00365008 	-0.00181422 	-8.7639e-05
0.466733 	0.00368077 	-0.00181938 	-8.67144e-05
0.468234 	0.00371147 	-0.00182454 	-8.57898e-05
0.469735 	0.00374216 	-0.0018297 	-8.48651e-05
0.471236 	0.00377285 	-0.00183486 	-8.39405e-05
0.472736 	0.00380354 	-0.00184002 	-8.30159e-05
0.474237 	0.00383424 	-0.00184518 	-8.20913e-05
0.475738 	0.00386681 	-0.0018506 	-8.1415e-05
0.477239 	0.0039 	-0.00185611 	-8.08187e-05
0.478739 	0.00393318 	-0.00186162 	-8.02225e-05
0.48024 	0.00396376 	-0.00186695 	-7.87783e-05
0.481741 	0.00399415 	-0.00187227 	-7.72707e-05
0.483242 	0.00402462 	-0.00187757 	-7.57691e-05
0.484742 	0.00405784 	-0.00188263 	-7.44653e-05
0.486243 	0.00409106 	-0.00188768 	-7.31614e-05
0.487744 	0.00412428 	-0.00189274 	-7.18576e-05
0.489245 	0.0041575 	-0.00189779 	-7.05537e-05
0.490745 	0.00419071 	-0.00190285 	-6.92499e-05
0.492246 	0.00422393 	-0.0019079 	-6.7946e-05
0.493747 	0.00425715 	-0.00191296 	-6.66422e-05
0.495248 	0.00429037 	-0.00191801 	-6.53383e-05
0.496748 	0.00432359 	-0.00192307 	-6.40345e-05
0.498249 	0.0043568 	-0.00192812 	-6.27306e-05
0.49975 	0.00439002 	-0.00193318 	-6.14268e-05
0.501251 	0.00442324 	-0.00193823 	-6.01229e-05
0.502751 	0.00445646 	-0.00194329 	-5.88191e-05
0.504252 	0.00448968 	-0.00194834 	-5.75152e-05
0.505753 	0.00452289 	-0.0019534 	-5.62114e-05
0.507254 	0.00455611 	-0.00195845 	-5.49075e-05
0.508754 	0.00458933 	-0.00196351 	-5.36037e-05
0.510255 	0.00462255 	-0.00196856 	-5.22998e-05
0.511756 	0.00465577 	-0.00197362 	-5.0996e-05
0.513257 	0.00468898 	-0.00197867 	-4.96921e-05
0.514757 	0.0047222 	-0.00198373 	-4.83883e-05
0.516258 	0.00475542 	-0.00198878 	-4.70844e-05
0.517759 	0.00478941 	-0.00199383 	-4.58827e-05
0.51926 	0.00482451 	-0.00199887 	-4.48249e-05
0.52076 	0.0048596 	-0.00200391 	-4.37671e-05
0.522261 	0.00489264 	-0.0020092 	-4.19498e-05
0.523762 	0.00492532 	-0.00201454 	-3.99986e-05
0.525263 	0.00495865 	-0.00201976 	-3.81311e-05
0.526763 	0.00499422 	-0.00202462 	-3.6549e-05
0.528264 	0.00502978 	-0.00202948 	-3.4967e-05
0.529765 	0.00506535 	-0.00203434 	-3.3385e-05
0.531266 	0.00510092 	-0.00203919 	-3.1803e-05
0.532766 	0.00513648 	-0.00204405 	-3.0221e-05
0.534267 	0.00517205 	-0.00204891 	-2.86389e-05
0.535768 	0.00520762 	-0.00205377 	-2.70569e-05
0.537269 	0.00524318 	-0.00205863 	-2.54749e-05
0.538769 	0.00527875 	-0.00206349 	-2.38929e-05
0.54027 	0.00531431 	-0.00206834 	-2.23109e-05
0.541771 	0.00534988 	-0.0020732 	-2.07288e-05
0.543272 	0.00538545 	-0.00207806 	-1.91468e-05
0.544772 	0.00542101 	-0.00208292 	-1.75648e-05
0.546273 	0.00545658 	-0.00208778 	-1.59828e-05
0.547774 	0.00549215 	-0.00209264 	-1.44008e-05
0.549275 	0.00552771 	-0.00209749 	-1.28187e-05
0.550775 	0.00556328 	-0.00210235 	-1.12367e-05
0.552276 	0.00559884 	-0.00210721 	-9.65469e-06
0.553777 	0.00563441 	-0.00211207 	-8.07267e-06
0.555278 	0.00566998 	-0.00211693 	-6.49065e-06
0.556778 	0.00570554 	-0.00212178 	-4.90863e-06
0.558279 	0.00574111 	-0.00212664 	-3.32661e-06
0.55978 	0.00577668 	-0.0021315 	-1.74459e-06
0.561281 	0.00581224 	-0.00213636 	-1.62569e-07
0.562781 	0.00584858 	-0.00214099 	1.1877e-06
0.564282 	0.00588573 	-0.00214539 	2.29897e-06
0.565783 	0.00592233 	-0.00214996 	3.69548e-06
0.567284 	0.00595739 	-0.00215501 	5.91736e-06
0.568784 	0.00599244 	-0.00216006 	8.13923e-06
0.570285 	0.00603014 	-0.00216452 	9.40446e-06
0.571786 	0.0060679 	-0.00216896 	1.06497e-05
0.573287 	0.00610565 	-0.00217341 	1.18949e-05
0.574787 	0.00614341 	-0.00217785 	1.31401e-05
0.576288 	0.00618117 	-0.0021823 	1.43853e-05
0.577789 	0.00621892 	-0.00218674 	1.56305e-05
0.57929 	0.00625668 	-0.00219119 	1.68758e-05
0.58079 	0.00629444 	-0.00219563 	1.8121e-05
0.582291 	0.00633219 	-0.00220008 	1.93662e-05
0.583792 	0.00636995 	-0.00220452 	2.06114e-05
0.585293 	0.00640771 	-0.00220897 	2.18566e-05
0.586793 	0.00644546 	-0.00221341 	2.31018e-05
0.588294 	0.00648322 	-0.00221786 	2.43471e-05
0.589795 	0.00652098 	-0.0022223 	2.55923e-05
0.591296 	0.00655873 	-0.00222675 	2.68375e-05
0.592796 	0.00659649 	-0.00223119 	2.80827e-05
0.594297 	0.00663425 	-0.00223564 	2.93279e-05
0.595798 	0.006672 	-0.00224008 	3.05731e-05
0.597299 	0.00670976 	-0.00224453 	3.18184e-05
0.598799 	0.00674752 	-0.00224897 	3.30636e-05
0.6003 	0.00678527 	-0.00225342 	3.43088e-05
0.601801 	0.00682303 	-0.00225786 	3.5554e-05
0.603302 	0.00686079 	-0.00226231 	3.67992e-05
0.604802 	0.00689854 	-0.00226675 	3.80444e-05
0.606303 	0.0069363 	-0.0022712 	3.92897e-05
0.607804 	0.00697406 	-0.00227564 	4.05349e-05
0.609305 	0.00701181 	-0.00228009 	4.17801e-05
0.610805 	0.00705079 	-0.00228384 	4.20939e-05
0.612306 	0.00708953 	-0.00228768 	4.26147e-05
0.613807 	0.00712663 	-0.00229219 	4.4521e-05
0.615308 	0.00716301 	-0.00229642 	4.60157e-05
0.616808 	0.00719757 	-0.00229991 	4.64789e-05
0.618309 	0.00723214 	-0.0023034 	4.69421e-05
0.61981 	0.0072667 	-0.00230689 	4.74053e-05
0.621311 	0.00730127 	-0.00231038 	4.78685e-05
0.622811 	0.00733583 	-0.00231388 	4.83317e-05
0.624312 	0.0073704 	-0.00231737 	4.87949e-05
0.625813 	0.00740496 	-0.00232086 	4.92581e-05
0.627314 	0.00743953 	-0.00232435 	4.97213e-05
0.628814 	0.00747409 	-0.00232785 	5.01845e-05
0.630315 	0.00750866 	-0.00233134 	5.06477e-05
0.631816 	0.00754322 	-0.00233483 	5.11109e-05
0.633317 	0.00757779 	-0.00233832 	5.15741e-05
0.634817 	0.00761236 	-0.00234181 	5.20373e-05
0.636318 	0.00764692 	-0.00234531 	5.25005e-05
0.637819 	0.00768149 	-0.0023488 	5.29637e-05
0.63932 	0.00771605 	-0.00235229 	5.34269e-05
0.64082 	0.00775062 	-0.00235578 	5.38901e-05
0.642321 	0.00778518 	-0.00235927 	5.43533e-05
0.643822 	0.00781975 	-0.00236277 	5.48165e-05
0.645323 	0.00785431 	-0.00236626 	5.52797e-05
0.646823 	0.00788888 	-0.00236975 	5.57429e-05
0.648324 	0.00792344 	-0.00237324 	5.62061e-05
0.649825 	0.00795801 	-0.00237673 	5.66693e-05
0.651326 	0.00799258 	-0.00238023 	5.71325e-05
0.652826 	0.00802714 	-0.00238372 	5.75957e-05
0.654327 	0.00806171 	-0.00238721 	5.80589e-05
0.655828 	0.00809627 	-0.0023907 	5.85221e-05
0.657329 	0.00813084 	-0.00239419 	5.89853e-05
0.658829 	0.0081654 	-0.00239769 	5.94485e-05
0.66033 	0.00820058 	-0.00240055 	5.87749e-05
0.661831 	0.00823944 	-0.00240409 	5.8683e-05
0.663332 	0.00828001 	-0.00240811 	5.92086e-05
0.664832 	0.00831097 	-0.00241077 	5.91127e-05
0.666333 	0.00834193 	-0.00241344 	5.90167e-05
0.667834 	0.00837289 	-0.0024161 	5.89208e-05
0.669335 	0.00840385 	-0.00241877 	5.88249e-05
0.670835 	0.00843481 	-0.00242143 	5.8729e-05
0.672336 	0.00846576 	-0.0024241 	5.86331e-05
0.673837 	0.00849672 	-0.00242676 	5.85371e-05
0.675338 	0.00852768 	-0.00242943 	5.84412e-05
0.676838 	0.00855864 	-0.00243209 	5.83453e-05
0.678339 	0.0085896 	-0.00243475 	5.82494e-05
0.67984 	0.00862056 	-0.00243742 	5.81534e-05
0.681341 	0.00865152 	-0.00244008 	5.80575e-05
0.682841 	0.00868248 	-0.00244275 	5.79616e-05
0.684342 	0.00871343 	-0.00244541 	5.78657e-05
0.685843 	0.00874439 	-0.00244808 	5.77697e-05
0.687344 	0.00877535 	-0.00245074 	5.76738e-05
0.688844 	0.00880631 	-0.00245341 	5.75779e-05
0.690345 	0.00883727 	-0.00245607 	5.7482e-05
0.691846 	0.00886823 	-0.00245874 	5.73861e-05
0.693347 	0.00889919 	-0.0024614 	5.72901e-05
0.694847 	0.00893014 	-0.00246406 	5.71942e-05
0.696348 	0.0089611 	-0.00246673 	5.70983e-05
0.697849 	0.00899206 	-0.00246939 	5.70024e-05
0.69935 	0.00902302 	-0.00247206 	5.69064e-05
0.70085 	0.00905398 	-0.00247472 	5.68105e-05
0.702351 	0.00908494 	-0.00247739 	5.67146e-05
0.703852 	0.0091159 	-0.00248005 	5.66187e-05
0.705353 	0.00914686 	-0.00248272 	5.65228e-05
0.706853 	0.00917781 	-0.00248538 	5.64268e-05
0.708354 	0.00920877 	-0.00248805 	5.63309e-05
0.709855 	0.00923973 	-0.00249071 	5.6235e-05
0.711356 	0.00926945 	-0.00249316 	5.60412e-05
0.712856 	0.00929247 	-0.00249484 	5.55675e-05
0.714357 	0.00932343 	-0.00249727 	5.54202e-05
0.715858 	0.00936 	-0.00249987 	5.52417e-05
0.717359 	0.00939657 	-0.00250247 	5.50632e-05
0.718859 	0.00943314 	-0.00250506 	5.48847e-05
0.72036 	0.00946971 	-0.00250766 	5.47062e-05
0.721861 	0.00950628 	-0.00251026 	5.45277e-05
0.723362 	0.00954285 	-0.00251286 	5.43492e-05
0.724862 	0.00957943 	-0.00251545 	5.41708e-05
0.726363 	0.009616 	-0.00251805 	5.39923e-05
0.727864 	0.00965257 	-0.00252065 	5.38138e-05
0.729365 	0.00968914 	-0.00252325 	5.36353e-05
0.730865 	0.00972571 	-0.00252584 	5.34568e-05
0.732366 	0.00976228 	-0.00252844 	5.32783e-05
0.733867 	0.00979885 	-0.00253104 	5.30998e-05
0.735368 	0.00983543 	-0.00253364 	5.29214e-05
0.736868 	0.009872 	-0.00253623 	5.27429e-05
0.738369 	0.00990857 	-0.00253883 	5.25644e-05
0.73987 	0.00994514 	-0.00254143 	5.23859e-05
0.741371 	0.00998171 	-0.00254403 	5.22074e-05
0.742871 	0.0100183 	-0.00254662 	5.20289e-05
0.744372 	0.0100549 	-0.00254922 	5.18504e-05
0.745873 	0.0100914 	-0.00255182 	5.1672e-05
0.747374 	0.010128 	-0.00255442 	5.14935e-05
0.748874 	0.0101646 	-0.00255701 	5.1315e-05
0.750375 	0.0102011 	-0.00255961 	5.11365e-05
0.751876 	0.0102377 	-0.00256221 	5.0958e-05
0.753377 	0.0102743 	-0.00256481 	5.07795e-05
0.754877 	0.0103109 	-0.0025674 	5.0601e-05
0.756378 	0.0103474 	-0.00257 	5.04226e-05
0.757879 	0.010384 	-0.0025726 	5.02441e-05
0.75938 	0.0104206 	-0.0025752 	5.00656e-05
0.76088 	0.0104571 	-0.00257779 	4.98871e-05
0.762381 	0.0104937 	-0.00258039 	4.97086e-05
0.763882 	0.0105303 	-0.00258299 	4.95301e-05
0.765383 	0.0105669 	-0.00258559 	4.93516e-05
0.766883 	0.0106078 	-0.00258797 	4.91793e-05
0.768384 	0.0106494 	-0.00259025 	4.90012e-05
0.769885 	0.0106911 	-0.00259253 	4.88231e-05
0.771386 	0.0107328 	-0.00259481 	4.8645e-05
0.772886 	0.0107744 	-0.00259709 	4.84669e-05
0.774387 	0.0108161 	-0.00259936 	4.82888e-05
0.775888 	0.0108578 	-0.00260165 	4.81114e-05
0.777389 	0.0108994 	-0.00260394 	4.79354e-05
0.778889 	0.010941 	-0.00260623 	4.77594e-05
0.78039 	0.0109827 	-0.00260852 	4.75834e-05
0.781891 	0.0110243 	-0.00261082 	4.74074e-05
0.783392 	0.0110659 	-0.00261311 	4.72314e-05
0.784892 	0.0111075 	-0.0026154 	4.70554e-05
0.786393 	0.0111492 	-0.00261769 	4.68795e-05
0.787894 	0.0111908 	-0.00261999 	4.67035e-05
0.789395 	0.0112324 	-0.00262228 	4.65275e-05
0.790895 	0.0112741 	-0.00262457 	4.63515e-05
0.792396 	0.0113157 	-0.00262686 	4.61755e-05
0.793897 	0.0113573 	-0.00262915 	4.59995e-05
0.795398 	0.0113989 	-0.00263145 	4.58235e-05
0.796898 	0.0114406 	-0.00263374 	4.56475e-05
0.798399 	0.0114822 	-0.00263603 	4.54715e-05
0.7999 	0.0115238 	-0.00263832 	4.52955e-05
0.801401 	0.0115655 	-0.00264061 	4.51196e-05
0.802901 	0.0116071 	-0.00264291 	4.49436e-05
0.804402 	0.0116487 	-0.0026452 	4.47676e-05
0.805903 	0.0116903 	-0.00264749 	4.45916e-05
0.807404 	0.011732 	-0.00264978 	4.44156e-05
0.808904 	0.0117736 	-0.00265208 	4.42396e-05
0.810405 	0.0118152 	-0.00265437 	4.40636e-05
0.811906 	0.0118569 	-0.00265666 	4.38876e-05
0.813407 	0.0118985 	-0.00265895 	4.37116e-05
0.814907 	0.0119401 	-0.00266124 	4.35357e-05
0.816408 	0.0119817 	-0.00266354 	4.33597e-05
0.817909 	0.0120234 	-0.00266583 	4.31837e-05
0.81941 	0.012065 	-0.00266812 	4.30077e-05
0.82091 	0.0121073 	-0.0026703 	4.28241e-05
0.822411 	0.0121497 	-0.00267225 	4.25709e-05
0.823912 	0.0121918 	-0.0026738 	4.24344e-05
0.825413 	0.0122339 	-0.00267535 	4.22979e-05
0.826913 	0.012276 	-0.0026769 	4.21614e-05
0.828414 	0.0123181 	-0.00267845 	4.20248e-05
0.829915 	0.0123602 	-0.00267999 	4.18883e-05
0.831416 	0.0124023 	-0.00268154 	4.17518e-05
0.832916 	0.0124444 	-0.00268309 	4.16153e-05
0.834417 	0.0124865 	-0.00268464 	4.14788e-05
0.835918 	0.0125286 	-0.00268619 	4.13423e-05
0.837419 	0.0125707 	-0.00268773 	4.12058e-05
0.838919 	0.0126128 	-0.00268928 	4.10693e-05
0.84042 	0.0126549 	-0.00269083 	4.09328e-05
0.841921 	0.012697 	-0.00269238 	4.07963e-05
0.843422 	0.0127391 	-0.00269393 	4.06598e-05
0.844922 	0.0127812 	-0.00269548 	4.05233e-05
0.846423 	0.0128233 	-0.00269702 	4.03867e-05
0.847924 	0.0128654 	-0.00269857 	4.02502e-05
0.849425 	0.0129075 	-0.00270012 	4.01137e-05
0.850925 	0.0129497 	-0.00270167 	3.99772e-05
0.852426 	0.0129918 	-0.00270322 	3.98407e-05
0.853927 	0.0130339 	-0.00270476 	3.97042e-05
0.855428 	0.013076 	-0.00270631 	3.95677e-05
0.856928 	0.0131181 	-0.00270786 	3.94312e-05
0.858429 	0.0131602 	-0.00270941 	3.92947e-05
0.85993 	0.0132023 	-0.00271096 	3.91582e-05
0.861431 	0.0132444 	-0.00271251 	3.90217e-05
0.862931 	0.0132865 	-0.00271405 	3.88852e-05
0.864432 	0.0133286 	-0.0027156 	3.87487e-05
0.865933 	0.0133707 	-0.00271715 	3.86121e-05
0.867434 	0.0134128 	-0.0027187 	3.84756e-05
0.868934 	0.0134549 	-0.00272025 	3.83391e-05
0.870435 	0.013497 	-0.00272179 	3.82026e-05
0.871936 	0.0135391 	-0.00272334 	3.80661e-05
0.873437 	0.0135812 	-0.00272489 	3.79296e-05
0.874937 	0.0136233 	-0.00272644 	3.77931e-05
0.876438 	0.0136654 	-0.00272799 	3.76566e-05
0.877939 	0.0137085 	-0.0027292 	3.75905e-05
0.87944 	0.0137515 	-0.00273036 	3.75318e-05
0.88094 	0.0137939 	-0.00273162 	3.74389e-05
0.882441 	0.0138357 	-0.00273244 	3.73857e-05
0.883942 	0.0138774 	-0.00273318 	3.73405e-05
0.885443 	0.0139192 	-0.00273391 	3.72952e-05
0.886943 	0.0139609 	-0.00273464 	3.725e-05
0.888444 	0.0140026 	-0.00273538 	3.72047e-05
0.889945 	0.0140444 	-0.00273611 	3.71595e-05
0.891446 	0.0140861 	-0.00273684 	3.71142e-05
0.892946 	0.0141278 	-0.00273757 	3.7069e-05
0.894447 	0.0141696 	-0.00273831 	3.70237e-05
0.895948 	0.0142113 	-0.00273904 	3.69785e-05
0.897449 	0.014253 	-0.00273977 	3.69333e-05
0.898949 	0.0142948 	-0.0027405 	3.6888e-05
0.90045 	0.0143365 	-0.00274124 	3.68428e-05
0.901951 	0.0143782 	-0.00274197 	3.67975e-05
0.903452 	0.0144199 	-0.0027427 	3.67523e-05
0.904952 	0.0144617 	-0.00274343 	3.6707e-05
0.906453 	0.0145034 	-0.00274417 	3.66618e-05
0.907954 	0.0145451 	-0.0027449 	3.66165e-05
0.909455 	0.0145869 	-0.00274563 	3.65713e-05
0.910955 	0.0146286 	-0.00274637 	3.6526e-05
0.912456 	0.0146703 	-0.0027471 	3.64808e-05
0.913957 	0.0147121 	-0.00274783 	3.64355e-05
0.915458 	0.0147538 	-0.00274856 	3.63903e-05
0.916958 	0.0147955 	-0.0027493 	3.6345e-05
0.918459 	0.0148373 	-0.00275003 	3.62998e-05
0.91996 	0.014879 	-0.00275076 	3.62546e-05
0.921461 	0.0149207 	-0.00275149 	3.62093e-05
0.922961 	0.0149624 	-0.00275223 	3.61641e-05
0.924462 	0.0150042 	-0.00275296 	3.61188e-05
0.925963 	0.0150459 	-0.00275369 	3.60736e-05
0.927464 	0.0150876 	-0.00275442 	3.60283e-05
0.928964 	0.0151294 	-0.00275516 	3.59831e-05
0.930465 	0.0151711 	-0.00275589 	3.59378e-05
0.931966 	0.0152128 	-0.00275662 	3.58926e-05
0.933467 	0.0152546 	-0.00275736 	3.58473e-05
0.934967 	0.0152963 	-0.00275809 	3.58021e-05
0.936468 	0.0153382 	-0.00275835 	3.56971e-05
0.937969 	0.0153802 	-0.00275856 	3.55864e-05
0.93947 	0.0154222 	-0.00275892 	3.54156e-05
0.94097 	0.0154643 	-0.00275936 	3.52106e-05
0.942471 	0.0155053 	-0.00275971 	3.50241e-05
0.943972 	0.0155414 	-0.00275965 	3.49209e-05
0.945473 	0.0155776 	-0.0027596 	3.48176e-05
0.946973 	0.0156137 	-0.00275954 	3.47144e-05
0.948474 	0.0156498 	-0.00275948 	3.46112e-05
0.949975 	0.015686 	-0.00275943 	3.45079e-05
0.951476 	0.0157221 	-0.00275937 	3.44047e-05
0.952976 	0.0157582 	-0.00275931 	3.43015e-05
0.954477 	0.0157944 	-0.00275925 	3.41982e-05
0.955978 	0.0158305 	-0.0027592 	3.4095e-05
0.957479 	0.0158667 	-0.00275914 	3.39917e-05
0.958979 	0.0159028 	-0.00275908 	3.38885e-05
0.96048 	0.0159389 	-0.00275903 	3.37853e-05
0.961981 	0.0159751 	-0.00275897 	3.3682e-05
0.963482 	0.0160112 	-0.00275891 	3.35788e-05
0.964982 	0.0160474 	-0.00275885 	3.34756e-05
0.966483 	0.0160835 	-0.0027588 	3.33723e-05
0.967984 	0.0161196 	-0.00275874 	3.32691e-05
0.969485 	0.0161558 	-0.00275868 	3.31658e-05
0.970985 	0.0161919 	-0.00275862 	3.30626e-05
0.972486 	0.0162281 	-0.00275857 	3.29594e-05
0.973987 	0.0162642 	-0.00275851 	3.28561e-05
0.975488 	0.0163003 	-0.00275845 	3.27529e-05
0.976988 	0.0163365 	-0.0027584 	3.26497e-05
0.978489 	0.0163726 	-0.00275834 	3.25464e-05
0.97999 	0.0164088 	-0.00275828 	3.24432e-05
0.981491 	0.0164449 	-0.00275822 	3.23399e-05
0.982991 	0.016481 	-0.00275817 	3.22367e-05
0.984492 	0.0165172 	-0.00275811 	3.21335e-05
0.985993 	0.0165533 	-0.00275805 	3.20302e-05
0.987494 	0.0165894 	-0.00275799 	3.1927e-05
0.988994 	0.0166256 	-0.00275794 	3.18238e-05
0.990495 	0.0166617 	-0.00275788 	3.17205e-05
0.991996 	0.0166979 	-0.00275782 	3.16173e-05
0.993497 	0.016734 	-0.00275777 	3.1514e-05
0.994997 	0.0167701 	-0.00275771 	3.14108e-05
0.996498 	0.0167969 	-0.00275727 	3.1312e-05
0.997999 	0.0168233 	-0.00275682 	3.12134e-05
0.9995 	0.0168496 	-0.00275637 	3.11148e-05
1.001 	0.0168709 	-0.00275624 	3.08801e-05
1.0025 	0.0168902 	-0.00275625 	3.05922e-05
1.004 	0.0169095 	-0.00275625 	3.03044e-05
1.0055 	0.0169313 	-0.00275608 	3.00622e-05
1.007 	0.0169607 	-0.00275541 	2.99621e-05
1.0085 	0.0169902 	-0.00275473 	2.9862e-05
1.01001 	0.0170197 	-0.00275405 	2.97619e-05
1.01151 	0.0170492 	-0.00275337 	2.96618e-05
1.01301 	0.0170786 	-0.00275269 	2.95617e-05
1.01451 	0.0171081 	-0.00275201 	2.94616e-05
1.01601 	0.0171376 	-0.00275133 	2.93615e-05
1.01751 	0.0171671 	-0.00275065 	2.92614e-05
1.01901 	0.0171965 	-0.00274997 	2.91613e-05
1.02051 	0.017226 	-0.00274929 	2.90612e-05
1.02201 	0.0172555 	-0.00274862 	2.89611e-05
1.02351 	0.017285 	-0.00274794 	2.8861e-05
1.02501 	0.0173145 	-0.00274726 	2.87609e-05
1.02651 	0.0173439 	-0.00274658 	2.86608e-05
1.02801 	0.0173734 	-0.0027459 	2.85607e-05
1.02951 	0.0174029 	-0.00274522 	2.84606e-05
1.03102 	0.0174324 	-0.00274454 	2.83605e-05
1.03252 	0.0174618 	-0.00274386 	2.82604e-05
1.03402 	0.0174913 	-0.00274318 	2.81603e-05
1.03552 	0.0175208 	-0.00274251 	2.80602e-05
1.03702 	0.0175503 	-0.00274183 	2.79601e-05
1.03852 	0.0175798 	-0.00274115 	2.786e-05
1.04002 	0.0176092 	-0.00274047 	2.77599e-05
1.04152 	0.0176387 	-0.00273979 	2.76598e-05
1.04302 	0.0176682 	-0.00273911 	2.75597e-05
1.04452 	0.0176977 	-0.00273843 	2.74596e-05
1.04602 	0.0177271 	-0.00273775 	2.73595e-05
1.04752 	0.0177566 	-0.00273707 	2.72594e-05
1.04902 	0.0177861 	-0.0027364 	2.71593e-05
1.05053 	0.0178156 	-0.00273572 	2.70592e-05
1.05203 	0.017845 	-0.00273504 	2.69591e-05
1.05353 	0.0178745 	-0.00273436 	2.6859e-05
1.05503 	0.017904 	-0.00273368 	2.6759e-05
1.05653 	0.0179335 	-0.002733 	2.66589e-05
1.05803 	0.0179735 	-0.00273165 	2.67457e-05
1.05953 	0.018014 	-0.00273026 	2.68427e-05
1.06103 	0.0180546 	-0.00272887 	2.69397e-05
1.06253 	0.0180952 	-0.00272748 	2.70367e-05
1.06403 	0.0181291 	-0.00272629 	2.71606e-05
1.06553 	0.0181601 	-0.00272519 	2.72965e-05
1.06703 	0.0181912 	-0.00272409 	2.74324e-05
1.06853 	0.0182222 	-0.00272299 	2.75683e-05
1.07004 	0.0182532 	-0.00272186 	2.7647e-05
1.07154 	0.0182846 	-0.00272053 	2.73148e-05
1.07304 	0.0183159 	-0.00271921 	2.69827e-05
1.07454 	0.0183472 	-0.00271788 	2.66505e-05
1.07604 	0.0183786 	-0.00271656 	2.63183e-05
1.07754 	0.0184099 	-0.00271523 	2.59861e-05
1.07904 	0.0184412 	-0.00271391 	2.5654e-05
1.08054 	0.0184726 	-0.00271258 	2.53218e-05
1.08204 	0.0185039 	-0.00271126 	2.49896e-05
1.08354 	0.0185352 	-0.00270993 	2.46575e-05
1.08504 	0.0185666 	-0.00270861 	2.43253e-05
1.08654 	0.0185979 	-0.00270728 	2.39931e-05
1.08804 	0.0186292 	-0.00270596 	2.36609e-05
1.08954 	0.0186606 	-0.00270463 	2.33288e-05
1.09105 	0.0186919 	-0.0027033 	2.29966e-05
1.09255 	0.0187232 	-0.00270198 	2.26644e-05
1.09405 	0.0187546 	-0.00270065 	2.23322e-05
1.09555 	0.0187859 	-0.00269933 	2.20001e-05
1.09705 	0.0188172 	-0.002698 	2.16679e-05
1.09855 	0.0188485 	-0.00269668 	2.13357e-05
1.10005 	0.0188799 	-0.00269535 	2.10036e-05
1.10155 	0.0189112 	-0.00269403 	2.06714e-05
1.10305 	0.0189425 	-0.0026927 	2.03392e-05
1.10455 	0.0189739 	-0.00269138 	2.0007e-05
1.10605 	0.0190052 	-0.00269005 	1.96749e-05
1.10755 	0.0190365 	-0.00268873 	1.93427e-05
1.10905 	0.0190679 	-0.0026874 	1.90105e-05
1.11056 	0.0190992 	-0.00268608 	1.86784e-05
1.11206 	0.0191305 	-0.00268475 	1.83462e-05
1.11356 	0.0191619 	-0.00268343 	1.8014e-05
1.11506 	0.0191932 	-0.0026821 	1.76818e-05
1.11656 	0.0192245 	-0.00268077 	1.73497e-05
1.11806 	0.0192559 	-0.00267945 	1.70175e-05
1.11956 	0.0192872 	-0.00267812 	1.66822e-05
1.12106 	0.0193235 	-0.00267642 	1.59452e-05
1.12256 	0.0193598 	-0.00267473 	1.52083e-05
1.12406 	0.019396 	-0.00267303 	1.44714e-05
1.12556 	0.0194323 	-0.00267133 	1.37344e-05
1.12706 	0.0194686 	-0.00266963 	1.29975e-05
1.12856 	0.0195025 	-0.00266791 	1.23921e-05
1.13007 	0.0195353 	-0.00266618 	1.18527e-05
1.13157 	0.019568 	-0.00266445 	1.13133e-05
1.13307 	0.0196008 	-0.00266271 	1.0774e-05
1.13457 	0.0196335 	-0.00266098 	1.02346e-05
1.13607 	0.0196663 	-0.00265925 	9.69521e-06
1.13757 	0.0196986 	-0.00265727 	9.04372e-06
1.13907 	0.0197309 	-0.00265528 	8.386e-06
1.14057 	0.0197632 	-0.00265329 	7.72827e-06
1.14207 	0.0197955 	-0.00265129 	7.07055e-06
1.14357 	0.0198278 	-0.0026493 	6.41283e-06
1.14507 	0.0198601 	-0.00264731 	5.7551e-06
1.14657 	0.0198924 	-0.00264532 	5.09738e-06
1.14807 	0.0199247 	-0.00264332 	4.43966e-06
1.14957 	0.0199569 	-0.00264133 	3.78194e-06
1.15108 	0.0199892 	-0.00263934 	3.12421e-06
1.15258 	0.0200215 	-0.00263735 	2.46649e-06
1.15408 	0.0200538 	-0.00263535 	1.80877e-06
1.15558 	0.0200861 	-0.00263336 	1.15104e-06
1.15708 	0.0201184 	-0.00263137 	4.93322e-07
1.15858 	0.0201507 	-0.00262938 	-1.64401e-07
1.16008 	0.020183 	-0.00262739 	-8.22124e-07
1.16158 	0.0202153 	-0.00262539 	-1.47985e-06
1.16308 	0.0202476 	-0.0026234 	-2.13757e-06
1.16458 	0.0202799 	-0.00262141 	-2.79529e-06
1.16608 	0.0203122 	-0.00261942 	-3.45302e-06
1.16758 	0.0203444 	-0.00261742 	-4.11074e-06
1.16908 	0.0203767 	-0.00261543 	-4.76846e-06
1.17059 	0.020409 	-0.00261344 	-5.42618e-06
1.17209 	0.0204413 	-0.00261145 	-6.08391e-06
1.17359 	0.0204736 	-0.00260946 	-6.74163e-06
1.17509 	0.0205059 	-0.00260746 	-7.39935e-06
1.17659 	0.0205382 	-0.00260547 	-8.05708e-06
1.17809 	0.0205705 	-0.00260348 	-8.7148e-06
1.17959 	0.0206028 	-0.00260149 	-9.37252e-06
1.18109 	0.0206351 	-0.00259949 	-1.00302e-05
1.18259 	0.0206674 	-0.0025975 	-1.0688e-05
1.18409 	0.0206996 	-0.00259543 	-1.13459e-05
1.18559 	0.0207317 	-0.00259312 	-1.20044e-05
1.18709 	0.0207639 	-0.0025908 	-1.26628e-05
1.18859 	0.020796 	-0.00258849 	-1.33213e-05
1.1901 	0.0208281 	-0.00258618 	-1.39798e-05
1.1916 	0.0208602 	-0.00258387 	-1.46383e-05
1.1931 	0.0208924 	-0.00258155 	-1.52967e-05
1.1946 	0.0209218 	-0.00257925 	-1.59343e-05
1.1961 	0.0209504 	-0.00257696 	-1.65656e-05
1.1976 	0.0209791 	-0.00257466 	-1.7197e-05
1.1991 	0.0210077 	-0.00257237 	-1.78284e-05
1.2006 	0.0210364 	-0.00257007 	-1.84598e-05
1.2021 	0.0210651 	-0.00256778 	-1.90911e-05
1.2036 	0.0210937 	-0.00256548 	-1.97225e-05
1.2051 	0.0211211 	-0.002563 	-2.02858e-05
1.2066 	0.0211484 	-0.00256049 	-2.0838e-05
1.2081 	0.0211756 	-0.00255798 	-2.13901e-05
1.2096 	0.0212028 	-0.00255547 	-2.19423e-05
1.21111 	0.02123 	-0.00255295 	-2.24944e-05
1.21261 	0.0212573 	-0.00255044 	-2.30466e-05
1.21411 	0.0212845 	-0.00254793 	-2.35987e-05
1.21561 	0.0213117 	-0.00254542 	-2.41508e-05
1.21711 	0.0213389 	-0.0025429 	-2.4703e-05
1.21861 	0.0213662 	-0.00254039 	-2.52551e-05
1.22011 	0.0213934 	-0.00253788 	-2.58073e-05
1.22161 	0.0214206 	-0.00253537 	-2.63594e-05
1.22311 	0.0214479 	-0.00253285 	-2.69116e-05
1.22461 	0.0214751 	-0.00253034 	-2.74637e-05
1.22611 	0.0215023 	-0.00252783 	-2.80159e-05
1.22761 	0.0215295 	-0.00252532 	-2.8568e-05
1.22911 	0.0215568 	-0.0025228 	-2.91202e-05
1.23062 	0.021584 	-0.00252029 	-2.96723e-05
1.23212 	0.0216112 	-0.00251778 	-3.02245e-05
1.23362 	0.0216384 	-0.00251527 	-3.07766e-05
1.23512 	0.0216657 	-0.00251275 	-3.13288e-05
1.23662 	0.0216929 	-0.00251024 	-3.18809e-05
1.23812 	0.0217201 	-0.00250773 	-3.24331e-05
1.23962 	0.0217473 	-0.00250522 	-3.29852e-05
1.24112 	0.0217746 	-0.0025027 	-3.35374e-05
1.24262 	0.0218018 	-0.00250019 	-3.40895e-05
1.24412 	0.021829 	-0.00249768 	-3.46417e-05
1.24562 	0.0218563 	-0.00249517 	-3.51938e-05
1.24712 	0.0218835 	-0.00249265 	-3.57459e-05
1.24862 	0.0219107 	-0.00249014 	-3.62981e-05
1.25013 	0.0219374 	-0.00248744 	-3.67065e-05
1.25163 	0.0219641 	-0.00248469 	-3.7079e-05
1.25313 	0.0219907 	-0.00248195 	-3.74515e-05
1.25463 	0.0220173 	-0.0024792 	-3.78239e-05
1.25613 	0.0220439 	-0.00247645 	-3.81964e-05
1.25763 	0.0220705 	-0.0024737 	-3.85689e-05
1.25913 	0.0220971 	-0.00247096 	-3.89413e-05
1.26063 	0.0221234 	-0.00246823 	-3.93217e-05
1.26213 	0.0221481 	-0.00246561 	-3.97458e-05
1.26363 	0.0221728 	-0.00246299 	-4.01699e-05
1.26513 	0.0221975 	-0.00246036 	-4.05939e-05
1.26663 	0.0222222 	-0.00245774 	-4.1018e-05
1.26813 	0.0222469 	-0.00245512 	-4.14421e-05
1.26963 	0.0222716 	-0.0024525 	-4.18661e-05
1.27114 	0.0222963 	-0.00244988 	-4.22902e-05
1.27264 	0.022321 	-0.00244726 	-4.27108e-05
1.27414 	0.0223437 	-0.00244448 	-4.28715e-05
1.27564 	0.0223665 	-0.00244169 	-4.30323e-05
1.27714 	0.0223893 	-0.00243891 	-4.3193e-05
1.27864 	0.022412 	-0.00243613 	-4.33537e-05
1.28014 	0.0224348 	-0.00243335 	-4.35144e-05
1.28164 	0.0224576 	-0.00243057 	-4.36751e-05
1.28314 	0.0224803 	-0.00242779 	-4.38358e-05
1.28464 	0.0225031 	-0.00242501 	-4.39965e-05
1.28614 	0.0225259 	-0.00242223 	-4.41572e-05
1.28764 	0.0225486 	-0.00241945 	-4.4318e-05
1.28914 	0.0225714 	-0.00241667 	-4.44787e-05
1.29065 	0.0225942 	-0.00241389 	-4.46394e-05
1.29215 	0.0226169 	-0.00241111 	-4.48001e-05
1.29365 	0.0226397 	-0.00240833 	-4.49608e-05
1.29515 	0.0226625 	-0.00240555 	-4.51215e-05
1.29665 	0.0226852 	-0.00240277 	-4.52822e-05
1.29815 	0.022708 	-0.00239999 	-4.54429e-05
1.29965 	0.0227308 	-0.00239721 	-4.56037e-05
1.30115 	0.0227535 	-0.00239443 	-4.57644e-05
1.30265 	0.0227763 	-0.00239165 	-4.59251e-05
1.30415 	0.0227991 	-0.00238887 	-4.60858e-05
1.30565 	0.0228218 	-0.00238609 	-4.62465e-05
1.30715 	0.0228446 	-0.00238331 	-4.64072e-05
1.30865 	0.0228674 	-0.00238053 	-4.65679e-05
1.31016 	0.0228901 	-0.00237775 	-4.67286e-05
1.31166 	0.0229129 	-0.00237497 	-4.68894e-05
1.31316 	0.0229357 	-0.00237219 	-4.70501e-05
1.31466 	0.0229584 	-0.00236941 	-4.72108e-05
1.31616 	0.0229786 	-0.00236671 	-4.71299e-05
1.31766 	0.0229981 	-0.00236402 	-4.69874e-05
1.31916 	0.0230176 	-0.00236134 	-4.68448e-05
1.32066 	0.0230371 	-0.00235866 	-4.67022e-05
1.32216 	0.0230566 	-0.00235597 	-4.65597e-05
1.32366 	0.0230761 	-0.00235329 	-4.64171e-05
1.32516 	0.0230956 	-0.00235061 	-4.62745e-05
1.32666 	0.0231151 	-0.00234792 	-4.61319e-05
1.32816 	0.0231346 	-0.00234524 	-4.59894e-05
1.32966 	0.0231575 	-0.00234219 	-4.58293e-05
1.33117 	0.0231805 	-0.00233913 	-4.56685e-05
1.33267 	0.0232035 	-0.00233607 	-4.55076e-05
1.33417 	0.0232265 	-0.002333 	-4.53468e-05
1.33567 	0.0232495 	-0.00232994 	-4.51859e-05
1.33717 	0.0232725 	-0.00232688 	-4.50251e-05
1.33867 	0.0232955 	-0.00232382 	-4.48642e-05
1.34017 	0.0233186 	-0.00232076 	-4.47034e-05
1.34167 	0.0233416 	-0.00231769 	-4.45425e-05
1.34317 	0.0233607 	-0.00231509 	-4.43642e-05
1.34467 	0.0233769 	-0.00231282 	-4.41729e-05
1.34617 	0.0233932 	-0.00231056 	-4.39816e-05
1.34767 	0.0234094 	-0.00230829 	-4.37903e-05
1.34917 	0.0234256 	-0.00230603 	-4.35991e-05
1.35068 	0.0234419 	-0.00230376 	-4.34078e-05
1.35218 	0.0234581 	-0.0023015 	-4.32165e-05
1.35368 	0.0234743 	-0.00229923 	-4.30252e-05
1.35518 	0.0234906 	-0.00229697 	-4.28339e-05
1.35668 	0.0235068 	-0.0022947 	-4.26427e-05
1.35818 	0.023523 	-0.00229244 	-4.24514e-05
1.35968 	0.0235393 	-0.00229017 	-4.22601e-05
1.36118 	0.0235555 	-0.00228791 	-4.20688e-05
1.36268 	0.0235718 	-0.00228564 	-4.18775e-05
1.36418 	0.023588 	-0.00228338 	-4.16862e-05
1.36568 	0.0236042 	-0.00228111 	-4.1495e-05
1.36718 	0.0236205 	-0.00227885 	-4.13037e-05
1.36868 	0.0236367 	-0.00227658 	-4.11124e-05
1.37019 	0.0236529 	-0.00227432 	-4.09211e-05
1.37169 	0.0236692 	-0.00227205 	-4.07298e-05
1.37319 	0.0236854 	-0.00226978 	-4.05386e-05
1.37469 	0.0237016 	-0.00226752 	-4.03473e-05
1.37619 	0.0237179 	-0.00226525 	-4.0156e-05
1.37769 	0.0237341 	-0.00226299 	-3.99647e-05
1.37919 	0.0237504 	-0.00226072 	-3.97734e-05
1.38069 	0.0237666 	-0.00225846 	-3.95821e-05
1.38219 	0.0237801 	-0.00225648 	-3.93748e-05
1.38369 	0.0237893 	-0.00225496 	-3.91413e-05
1.38519 	0.0237985 	-0.00225344 	-3.89079e-05
1.38669 	0.0238077 	-0.00225192 	-3.86744e-05
1.38819 	0.0238168 	-0.0022504 	-3.8441e-05
1.38969 	0.023826 	-0.00224888 	-3.82076e-05
1.3912 	0.0238352 	-0.00224737 	-3.79741e-05
1.3927 	0.0238444 	-0.00224585 	-3.77407e-05
1.3942 	0.0238535 	-0.00224433 	-3.75072e-05
1.3957 	0.0238627 	-0.00224281 	-3.72738e-05
1.3972 	0.0238731 	-0.00224115 	-3.70163e-05
1.3987 	0.0238859 	-0.00223923 	-3.6713e-05
1.4002 	0.0238987 	-0.00223731 	-3.64097e-05
1.4017 	0.0239114 	-0.00223539 	-3.61064e-05
1.4032 	0.0239242 	-0.00223348 	-3.58031e-05
1.4047 	0.0239369 	-0.00223156 	-3.54998e-05
1.4062 	0.0239497 	-0.00222964 	-3.51965e-05
1.4077 	0.0239625 	-0.00222772 	-3.48932e-05
1.4092 	0.0239752 	-0.0022258 	-3.45899e-05
1.41071 	0.023988 	-0.00222388 	-3.42866e-05
1.41221 	0.0240008 	-0.00222196 	-3.39833e-05
1.41371 	0.0240138 	-0.00221982 	-3.36563e-05
1.41521 	0.024027 	-0.00221759 	-3.33203e-05
1.41671 	0.0240402 	-0.00221536 	-3.29842e-05
1.41821 	0.0240534 	-0.00221314 	-3.26481e-05
1.41971 	0.0240666 	-0.00221091 	-3.23121e-05
1.42121 	0.0240798 	-0.00220868 	-3.1976e-05
1.42271 	0.024093 	-0.00220645 	-3.16399e-05
1.42421 	0.0241062 	-0.00220423 	-3.13039e-05
1.42571 	0.0241194 	-0.002202 	-3.09678e-05
1.42721 	0.0241326 	-0.00219977 	-3.06317e-05
1.42871 	0.0241458 	-0.00219755 	-3.02957e-05
1.43022 	0.024159 	-0.00219532 	-2.99596e-05
1.43172 	0.0241722 	-0.00219309 	-2.96236e-05
1.43322 	0.0241854 	-0.00219086 	-2.92875e-05
1.43472 	0.0241986 	-0.00218864 	-2.89514e-05
1.43622 	0.0242118 	-0.00218641 	-2.86154e-05
1.43772 	0.024225 	-0.00218418 	-2.82793e-05
1.43922 	0.0242382 	-0.00218196 	-2.79432e-05
1.44072 	0.0242514 	-0.00217973 	-2.76072e-05
1.44222 	0.0242646 	-0.0021775 	-2.72711e-05
1.44372 	0.0242777 	-0.00217527 	-2.6935e-05
1.44522 	0.0242909 	-0.00217305 	-2.6599e-05
1.44672 	0.0243041 	-0.00217082 	-2.62629e-05
1.44822 	0.0243173 	-0.00216859 	-2.59268e-05
1.44972 	0.0243321 	-0.00216591 	-2.55882e-05
1.45123 	0.0243475 	-0.00216303 	-2.52485e-05
1.45273 	0.024363 	-0.00216015 	-2.49087e-05
1.45423 	0.0243784 	-0.00215728 	-2.4569e-05
1.45573 	0.0243939 	-0.0021544 	-2.42293e-05
1.45723 	0.0244093 	-0.00215152 	-2.38895e-05
1.45873 	0.0244247 	-0.00214864 	-2.35498e-05
1.46023 	0.0244402 	-0.00214577 	-2.32101e-05
1.46173 	0.0244556 	-0.00214289 	-2.28704e-05
1.46323 	0.0244711 	-0.00214001 	-2.25306e-05
1.46473 	0.0244865 	-0.00213713 	-2.21909e-05
1.46623 	0.0245019 	-0.00213433 	-2.18376e-05
1.46773 	0.0245173 	-0.00213161 	-2.14695e-05
1.46923 	0.0245327 	-0.00212888 	-2.11013e-05
1.47074 	0.024548 	-0.00212616 	-2.07331e-05
1.47224 	0.0245634 	-0.00212344 	-2.03649e-05
1.47374 	0.0245788 	-0.00212072 	-1.99968e-05
1.47524 	0.0245942 	-0.00211799 	-1.96286e-05
1.47674 	0.0246096 	-0.00211527 	-1.92604e-05
1.47824 	0.024625 	-0.00211255 	-1.88923e-05
1.47974 	0.0246403 	-0.00210982 	-1.85241e-05
1.48124 	0.0246557 	-0.0021071 	-1.81559e-05
1.48274 	0.0246711 	-0.00210438 	-1.77878e-05
1.48424 	0.0246857 	-0.00210165 	-1.7421e-05
1.48574 	0.0246998 	-0.00209892 	-1.7055e-05
1.48724 	0.0247139 	-0.00209619 	-1.6689e-05
1.48874 	0.024728 	-0.00209346 	-1.6323e-05
1.49025 	0.0247421 	-0.00209073 	-1.5957e-05
1.49175 	0.0247562 	-0.002088 	-1.5591e-05
1.49325 	0.0247703 	-0.00208527 	-1.5225e-05
1.49475 	0.0247844 	-0.00208254 	-1.4859e-05
1.49625 	0.0247985 	-0.00207981 	-1.4493e-05
1.49775 	0.0248126 	-0.00207708 	-1.4127e-05
1.49925 	0.0248267 	-0.00207435 	-1.3761e-05
1.50075 	0.0248408 	-0.00207162 	-1.3395e-05
1.50225 	0.0248549 	-0.00206889 	-1.3029e-05
1.50375 	0.024869 	-0.00206616 	-1.2663e-05
1.50525 	0.0248831 	-0.00206343 	-1.2297e-05
1.50675 	0.0248972 	-0.00206071 	-1.1931e-05
1.50825 	0.0249113 	-0.00205798 	-1.1565e-05
1.50975 	0.0249254 	-0.00205525 	-1.1199e-05
1.51126 	0.0249395 	-0.00205252 	-1.0833e-05
1.51276 	0.0249536 	-0.00204979 	-1.04671e-05
1.51426 	0.0249678 	-0.00204706 	-1.01011e-05
1.51576 	0.0249819 	-0.00204433 	-9.73506e-06
1.51726 	0.0249944 	-0.00204159 	-9.40992e-06
1.51876 	0.0250067 	-0.00203886 	-9.08851e-06
1.52026 	0.0250191 	-0.00203612 	-8.7671e-06
1.52176 	0.0250315 	-0.00203339 	-8.4457e-06
1.52326 	0.0250439 	-0.00203065 	-8.12429e-06
1.52476 	0.0250562 	-0.00202792 	-7.80289e-06
1.52626 	0.0250686 	-0.00202518 	-7.48148e-06
1.52776 	0.025081 	-0.00202245 	-7.16008e-06
1.52926 	0.0250934 	-0.00201971 	-6.83867e-06
1.53077 	0.0251057 	-0.00201698 	-6.51726e-06
1.53227 	0.0251181 	-0.00201424 	-6.19586e-06
1.53377 	0.0251305 	-0.00201151 	-5.87445e-06
1.53527 	0.0251429 	-0.00200885 	-5.55205e-06
1.53677 	0.0251552 	-0.00200625 	-5.22874e-06
1.53827 	0.0251676 	-0.00200366 	-4.90543e-06
1.53977 	0.02518 	-0.00200107 	-4.58212e-06
1.54127 	0.0251923 	-0.00199848 	-4.2588e-06
1.54277 	0.0252047 	-0.00199588 	-3.93549e-06
1.54427 	0.0252171 	-0.00199329 	-3.61218e-06
1.54577 	0.0252294 	-0.0019907 	-3.28887e-06
1.54727 	0.0252418 	-0.00198811 	-2.96556e-06
1.54877 	0.0252542 	-0.00198551 	-2.64225e-06
1.55028 	0.0252665 	-0.00198292 	-2.31894e-06
1.55178 	0.0252789 	-0.00198033 	-1.99563e-06
1.55328 	0.0252913 	-0.00197773 	-1.67232e-06
1.55478 	0.0253031 	-0.00197515 	-1.31094e-06
1.55628 	0.0253145 	-0.00197257 	-9.12006e-07
1.55778 	0.0253258 	-0.00196999 	-5.13075e-07
1.55928 	0.0253372 	-0.00196741 	-1.14144e-07
1.56078 	0.0253486 	-0.00196484 	2.84787e-07
1.56228 	0.02536 	-0.00196226 	6.83718e-07
1.56378 	0.0253713 	-0.00195968 	1.08265e-06
1.56528 	0.0253827 	-0.0019571 	1.48158e-06
1.56678 	0.0253941 	-0.00195452 	1.88051e-06
1.56828 	0.0254054 	-0.00195194 	2.27944e-06
1.56978 	0.0254168 	-0.00194936 	2.67837e-06
1.57129 	0.0254282 	-0.00194679 	3.07731e-06
1.57279 	0.0254395 	-0.00194421 	3.47624e-06
1.57429 	0.0254509 	-0.00194163 	3.87517e-06
1.57579 	0.0254623 	-0.00193905 	4.2741e-06
1.57729 	0.0254736 	-0.00193647 	4.67303e-06
1.57879 	0.025485 	-0.00193389 	5.07196e-06
1.58029 	0.0254964 	-0.00193132 	5.47089e-06
1.58179 	0.0255077 	-0.00192874 	5.86982e-06
1.58329 	0.0255189 	-0.00192616 	6.28065e-06
1.58479 	0.0255288 	-0.0019236 	6.74983e-06
1.58629 	0.0255388 	-0.00192104 	7.21901e-06
1.58779 	0.0255487 	-0.00191849 	7.68819e-06
1.58929 	0.0255587 	-0.00191593 	8.15736e-06
1.5908 	0.0255686 	-0.00191337 	8.62654e-06
1.5923 	0.0255786 	-0.00191081 	9.09572e-06
1.5938 	0.0255885 	-0.00190825 	9.5649e-06
1.5953 	0.0255985 	-0.00190569 	1.00341e-05
1.5968 	0.0256084 	-0.00190313 	1.05033e-05
1.5983 	0.0256184 	-0.00190057 	1.09724e-05
1.5998 	0.0256283 	-0.00189801 	1.14416e-05
1.6013 	0.0256383 	-0.00189546 	1.19108e-05
1.6028 	0.0256482 	-0.0018929 	1.238e-05
1.6043 	0.0256582 	-0.00189042 	1.28338e-05
1.6058 	0.0256682 	-0.00188798 	1.32796e-05
1.6073 	0.0256782 	-0.00188553 	1.37253e-05
1.6088 	0.0256882 	-0.00188309 	1.41711e-05
1.61031 	0.0256982 	-0.00188065 	1.46169e-05
1.61181 	0.0257081 	-0.00187821 	1.50626e-05
1.61331 	0.0257181 	-0.00187577 	1.55084e-05
1.61481 	0.0257281 	-0.00187333 	1.59542e-05
1.61631 	0.0257381 	-0.00187089 	1.64e-05
1.61781 	0.0257481 	-0.00186845 	1.68457e-05
1.61931 	0.0257581 	-0.00186601 	1.72915e-05
1.62081 	0.0257681 	-0.00186357 	1.77373e-05
1.62231 	0.0257781 	-0.00186113 	1.8183e-05
1.62381 	0.0257881 	-0.00185869 	1.86288e-05
1.62531 	0.0257973 	-0.00185637 	1.90647e-05
1.62681 	0.0258059 	-0.00185415 	1.94913e-05
1.62831 	0.0258145 	-0.00185194 	1.99179e-05
1.62981 	0.025823 	-0.00184973 	2.03445e-05
1.63132 	0.0258316 	-0.00184751 	2.0771e-05
1.63282 	0.0258402 	-0.0018453 	2.11976e-05
1.63432 	0.0258487 	-0.00184309 	2.16242e-05
1.63582 	0.0258573 	-0.00184088 	2.20507e-05
1.63732 	0.0258659 	-0.00183866 	2.24773e-05
1.63882 	0.0258744 	-0.00183645 	2.29039e-05
1.64032 	0.025883 	-0.00183424 	2.33305e-05
1.64182 	0.0258915 	-0.00183203 	2.3757e-05
1.64332 	0.0259001 	-0.00182981 	2.41836e-05
1.64482 	0.0259087 	-0.0018276 	2.46102e-05
1.64632 	0.0259172 	-0.00182539 	2.50367e-05
1.64782 	0.0259258 	-0.00182318 	2.54633e-05
1.64932 	0.0259344 	-0.00182096 	2.58899e-05
1.65083 	0.0259414 	-0.00181902 	2.62776e-05
1.65233 	0.0259476 	-0.00181726 	2.66412e-05
1.65383 	0.0259537 	-0.00181549 	2.70048e-05
1.65533 	0.0259598 	-0.00181372 	2.73684e-05
1.65683 	0.0259659 	-0.00181195 	2.7732e-05
1.65833 	0.0259721 	-0.00181018 	2.80956e-05
1.65983 	0.0259782 	-0.00180842 	2.84592e-05
1.66133 	0.0259843 	-0.00180665 	2.88228e-05
1.66283 	0.0259904 	-0.00180488 	2.91864e-05
1.66433 	0.0259966 	-0.00180311 	2.955e-05
1.66583 	0.0260027 	-0.00180134 	2.99136e-05
1.66733 	0.0260088 	-0.00179957 	3.02771e-05
1.66883 	0.0260149 	-0.00179781 	3.06407e-05
1.67034 	0.0260211 	-0.00179604 	3.10043e-05
1.67184 	0.0260271 	-0.00179429 	3.1363e-05
1.67334 	0.0260318 	-0.00179308 	3.16116e-05
1.67484 	0.0260365 	-0.00179187 	3.18601e-05
1.67634 	0.0260411 	-0.00179066 	3.21086e-05
1.67784 	0.0260458 	-0.00178945 	3.23571e-05
1.67934 	0.0260504 	-0.00178824 	3.26056e-05
1.68084 	0.0260551 	-0.00178703 	3.28541e-05
1.68234 	0.0260597 	-0.00178582 	3.31027e-05
1.68384 	0.0260644 	-0.00178461 	3.33512e-05
1.68534 	0.026069 	-0.0017834 	3.35997e-05
1.68684 	0.0260737 	-0.00178219 	3.38482e-05
1.68834 	0.0260784 	-0.00178098 	3.40967e-05
1.68984 	0.026083 	-0.00177977 	3.43452e-05
1.69135 	0.0260877 	-0.00177856 	3.45937e-05
1.69285 	0.0260923 	-0.00177735 	3.48423e-05
1.69435 	0.026097 	-0.00177614 	3.50908e-05
1.69585 	0.0261031 	-0.00177439 	3.5398e-05
1.69735 	0.0261095 	-0.00177254 	3.57157e-05
1.69885 	0.0261158 	-0.00177069 	3.60334e-05
1.70035 	0.0261222 	-0.00176884 	3.63512e-05
1.70185 	0.0261286 	-0.00176699 	3.66689e-05
1.70335 	0.0261349 	-0.00176514 	3.69866e-05
1.70485 	0.0261413 	-0.00176329 	3.73043e-05
1.70635 	0.0261477 	-0.00176144 	3.76221e-05
1.70785 	0.026154 	-0.00175959 	3.79398e-05
1.70935 	0.0261604 	-0.00175774 	3.82575e-05
1.71086 	0.0261668 	-0.00175589 	3.85752e-05
1.71236 	0.0261731 	-0.00175404 	3.8893e-05
1.71386 	0.0261795 	-0.00175219 	3.92107e-05
1.71536 	0.0261859 	-0.00175034 	3.95284e-05
1.71686 	0.0261929 	-0.00174822 	3.98777e-05
1.71836 	0.0262009 	-0.00174569 	4.02729e-05
1.71986 	0.0262089 	-0.00174316 	4.06681e-05
1.72136 	0.0262169 	-0.00174063 	4.10633e-05
1.72286 	0.026225 	-0.0017381 	4.14586e-05
1.72436 	0.026233 	-0.00173557 	4.18538e-05
1.72586 	0.026241 	-0.00173304 	4.2249e-05
1.72736 	0.026249 	-0.00173051 	4.26442e-05
1.72886 	0.026257 	-0.00172798 	4.30394e-05
1.73037 	0.026265 	-0.00172545 	4.34346e-05
1.73187 	0.026273 	-0.00172292 	4.38299e-05
1.73337 	0.0262811 	-0.00172039 	4.42251e-05
1.73487 	0.0262891 	-0.00171786 	4.46203e-05
1.73637 	0.0262971 	-0.00171533 	4.50155e-05
1.73787 	0.0263051 	-0.0017128 	4.54107e-05
1.73937 	0.0263131 	-0.00171027 	4.5806e-05
1.74087 	0.0263199 	-0.00170821 	4.61205e-05
1.74237 	0.0263264 	-0.00170624 	4.64204e-05
1.74387 	0.026333 	-0.00170426 	4.67203e-05
1.74537 	0.0263395 	-0.00170229 	4.70202e-05
1.74687 	0.0263461 	-0.00170032 	4.732e-05
1.74837 	0.0263526 	-0.00169834 	4.76199e-05
1.74987 	0.0263591 	-0.00169637 	4.79198e-05
1.75138 	0.0263657 	-0.00169439 	4.82197e-05
1.75288 	0.0263722 	-0.00169242 	4.85196e-05
1.75438 	0.0263788 	-0.00169045 	4.88195e-05
1.75588 	0.0263853 	-0.00168847 	4.91194e-05
1.75738 	0.0263918 	-0.0016865 	4.94192e-05
1.75888 	0.0263984 	-0.00168452 	4.97191e-05
1.76038 	0.0264049 	-0.00168255 	5.0019e-05
1.76188 	0.0264115 	-0.00168058 	5.03189e-05
1.76338 	0.026418 	-0.0016786 	5.06188e-05
1.76488 	0.0264243 	-0.00167663 	5.07807e-05
1.76638 	0.0264305 	-0.00167465 	5.08804e-05
1.76788 	0.0264367 	-0.00167268 	5.09802e-05
1.76938 	0.0264428 	-0.00167071 	5.10799e-05
1.77089 	0.026449 	-0.00166873 	5.11797e-05
1.77239 	0.0264552 	-0.00166676 	5.12794e-05
1.77389 	0.0264614 	-0.00166479 	5.13792e-05
1.77539 	0.0264675 	-0.00166281 	5.14789e-05
1.77689 	0.0264737 	-0.00166084 	5.15787e-05
1.77839 	0.0264799 	-0.00165886 	5.16785e-05
1.77989 	0.0264861 	-0.00165689 	5.17782e-05
1.78139 	0.0264923 	-0.00165492 	5.1878e-05
1.78289 	0.0264986 	-0.0016528 	5.18532e-05
1.78439 	0.0265049 	-0.00165061 	5.17715e-05
1.78589 	0.0265113 	-0.00164842 	5.16897e-05
1.78739 	0.0265176 	-0.00164623 	5.1608e-05
1.78889 	0.026524 	-0.00164404 	5.15263e-05
1.7904 	0.0265304 	-0.00164185 	5.14445e-05
1.7919 	0.0265367 	-0.00163966 	5.13628e-05
1.7934 	0.0265431 	-0.00163747 	5.12811e-05
1.7949 	0.0265494 	-0.00163528 	5.11994e-05
1.7964 	0.0265558 	-0.00163309 	5.11176e-05
1.7979 	0.0265622 	-0.0016309 	5.10359e-05
1.7994 	0.0265685 	-0.00162871 	5.09542e-05
1.8009 	0.0265749 	-0.00162653 	5.08725e-05
1.8024 	0.0265812 	-0.00162434 	5.07907e-05
1.8039 	0.0265876 	-0.00162215 	5.0709e-05
1.8054 	0.026594 	-0.00161996 	5.06273e-05
1.8069 	0.0266003 	-0.00161779 	5.05467e-05
1.8084 	0.0266068 	-0.00161569 	5.04702e-05
1.8099 	0.0266132 	-0.00161359 	5.03937e-05
1.81141 	0.0266197 	-0.00161149 	5.03171e-05
1.81291 	0.0266261 	-0.00160939 	5.02406e-05
1.81441 	0.0266326 	-0.00160729 	5.01641e-05
1.81591 	0.026639 	-0.00160519 	5.00876e-05
1.81741 	0.0266454 	-0.00160309 	5.0011e-05
1.81891 	0.0266519 	-0.00160099 	4.99345e-05
1.82041 	0.0266583 	-0.00159889 	4.9858e-05
1.82191 	0.0266648 	-0.00159679 	4.97814e-05
1.82341 	0.0266712 	-0.00159469 	4.97049e-05
1.82491 	0.0266777 	-0.00159259 	4.96284e-05
1.82641 	0.0266841 	-0.00159049 	4.95519e-05
1.82791 	0.0266906 	-0.00158839 	4.94753e-05
1.82941 	0.026697 	-0.00158629 	4.93988e-05
1.83092 	0.0267035 	-0.00158419 	4.93223e-05
1.83242 	0.0267099 	-0.00158208 	4.92176e-05
1.83392 	0.0267161 	-0.00157997 	4.90068e-05
1.83542 	0.0267223 	-0.00157786 	4.8796e-05
1.83692 	0.0267286 	-0.00157575 	4.85852e-05
1.83842 	0.0267348 	-0.00157363 	4.83743e-05
1.83992 	0.0267411 	-0.00157152 	4.81635e-05
1.84142 	0.0267473 	-0.00156941 	4.79527e-05
1.84292 	0.0267536 	-0.00156729 	4.77419e-05
1.84442 	0.0267598 	-0.00156518 	4.7531e-05
1.84592 	0.0267661 	-0.00156307 	4.73202e-05
1.84742 	0.0267721 	-0.00156096 	4.70217e-05
1.84892 	0.026778 	-0.00155885 	4.6663e-05
1.85043 	0.0267839 	-0.00155673 	4.63042e-05
1.85193 	0.0267898 	-0.00155462 	4.59455e-05
1.85343 	0.0267956 	-0.00155251 	4.55867e-05
1.85493 	0.0268015 	-0.0015504 	4.5228e-05
1.85643 	0.0268074 	-0.00154829 	4.48692e-05
1.85793 	0.0268133 	-0.00154618 	4.45105e-05
1.85943 	0.0268192 	-0.00154407 	4.41517e-05
1.86093 	0.0268251 	-0.00154196 	4.3793e-05
1.86243 	0.0268309 	-0.00153985 	4.34342e-05
1.86393 	0.0268368 	-0.00153774 	4.30755e-05
1.86543 	0.0268427 	-0.00153563 	4.27167e-05
1.86693 	0.0268486 	-0.00153352 	4.2358e-05
1.86843 	0.0268545 	-0.00153141 	4.19992e-05
1.86993 	0.0268604 	-0.0015293 	4.16405e-05
1.87144 	0.0268662 	-0.00152719 	4.12817e-05
1.87294 	0.0268722 	-0.00152511 	4.09213e-05
1.87444 	0.0268781 	-0.00152308 	4.05574e-05
1.87594 	0.0268841 	-0.00152106 	4.01936e-05
1.87744 	0.0268901 	-0.00151903 	3.98297e-05
1.87894 	0.026896 	-0.00151701 	3.94659e-05
1.88044 	0.026902 	-0.00151498 	3.91021e-05
1.88194 	0.026908 	-0.00151296 	3.87382e-05
1.88344 	0.0269139 	-0.00151093 	3.83744e-05
1.88494 	0.0269199 	-0.00150891 	3.80106e-05
1.88644 	0.0269259 	-0.00150689 	3.76467e-05
1.88794 	0.0269318 	-0.00150486 	3.72829e-05
1.88944 	0.0269378 	-0.00150284 	3.69191e-05
1.89095 	0.0269438 	-0.00150081 	3.65552e-05
1.89245 	0.0269497 	-0.00149879 	3.61914e-05
1.89395 	0.0269557 	-0.00149676 	3.58276e-05
1.89545 	0.0269617 	-0.00149474 	3.54637e-05
1.89695 	0.0269676 	-0.00149271 	3.50999e-05
1.89845 	0.0269736 	-0.00149069 	3.4736e-05
1.89995 	0.0269795 	-0.00148865 	3.43931e-05
1.90145 	0.0269853 	-0.0014866 	3.4066e-05
1.90295 	0.0269911 	-0.00148456 	3.3739e-05
1.90445 	0.0269969 	-0.00148251 	3.34119e-05
1.90595 	0.0270027 	-0.00148046 	3.30848e-05
1.90745 	0.0270085 	-0.00147841 	3.27577e-05
1.90895 	0.0270143 	-0.00147637 	3.24306e-05
1.91046 	0.02702 	-0.00147432 	3.21169e-05
1.91196 	0.0270255 	-0.00147228 	3.18415e-05
1.91346 	0.027031 	-0.00147024 	3.15661e-05
1.91496 	0.0270365 	-0.0014682 	3.12907e-05
1.91646 	0.0270419 	-0.00146616 	3.10154e-05
1.91796 	0.0270474 	-0.00146412 	3.074e-05
1.91946 	0.0270529 	-0.00146208 	3.04646e-05
1.92096 	0.0270584 	-0.00146004 	3.01892e-05
1.92246 	0.0270639 	-0.001458 	2.99138e-05
1.92396 	0.0270694 	-0.00145596 	2.96385e-05
1.92546 	0.0270749 	-0.00145392 	2.93631e-05
1.92696 	0.0270804 	-0.00145188 	2.90877e-05
1.92846 	0.0270859 	-0.00144984 	2.88123e-05
1.92996 	0.0270914 	-0.0014478 	2.85369e-05
1.93147 	0.0270969 	-0.00144576 	2.82616e-05
1.93297 	0.0271024 	-0.00144372 	2.79862e-05
1.93447 	0.0271079 	-0.00144168 	2.77108e-05
1.93597 	0.0271134 	-0.00143964 	2.74354e-05
1.93747 	0.0271189 	-0.00143762 	2.71593e-05
1.93897 	0.0271245 	-0.00143565 	2.68817e-05
1.94047 	0.0271301 	-0.00143369 	2.66041e-05
1.94197 	0.0271357 	-0.00143172 	2.63265e-05
1.94347 	0.0271413 	-0.00142975 	2.60489e-05
1.94497 	0.0271469 	-0.00142778 	2.57713e-05
1.94647 	0.0271525 	-0.00142581 	2.54937e-05
1.94797 	0.0271581 	-0.00142384 	2.52161e-05
1.94947 	0.0271637 	-0.00142188 	2.49385e-05
1.95098 	0.0271694 	-0.00141991 	2.46609e-05
1.95248 	0.027175 	-0.00141794 	2.43833e-05
1.95398 	0.0271806 	-0.00141597 	2.41057e-05
1.95548 	0.0271862 	-0.001414 	2.38281e-05
1.95698 	0.0271918 	-0.00141204 	2.35505e-05
1.95848 	0.0271974 	-0.00141007 	2.32729e-05
1.95998 	0.027203 	-0.0014081 	2.29953e-05
1.96148 	0.0272086 	-0.00140613 	2.27177e-05
1.96298 	0.0272142 	-0.00140416 	2.24401e-05
1.96448 	0.0272198 	-0.00140219 	2.21625e-05
1.96598 	0.0272245 	-0.00140049 	2.19482e-05
1.96748 	0.0272291 	-0.00139881 	2.17398e-05
1.96898 	0.0272337 	-0.00139714 	2.15314e-05
1.97049 	0.0272383 	-0.00139546 	2.1323e-05
1.97199 	0.0272429 	-0.00139378 	2.11146e-05
1.97349 	0.0272466 	-0.00139235 	2.09652e-05
1.97499 	0.0272501 	-0.00139098 	2.08304e-05
1.97649 	0.0272536 	-0.00138961 	2.06955e-05
1.97799 	0.0272571 	-0.00138823 	2.05607e-05
1.97949 	0.0272606 	-0.00138686 	2.04258e-05
1.98099 	0.0272641 	-0.00138549 	2.0291e-05
1.98249 	0.0272676 	-0.00138412 	2.01561e-05
1.98399 	0.0272711 	-0.00138275 	2.00213e-05
1.98549 	0.0272746 	-0.00138138 	1.98864e-05
1.98699 	0.0272781 	-0.00138 	1.97516e-05
1.98849 	0.0272816 	-0.00137863 	1.96167e-05
1.98999 	0.0272851 	-0.00137726 	1.94819e-05
1.9915 	0.0272886 	-0.00137589 	1.9347e-05
1.993 	0.0272921 	-0.00137452 	1.92122e-05
1.9945 	0.0272956 	-0.00137315 	1.90773e-05
1.996 	0.0272991 	-0.00137177 	1.89425e-05
1.9975 	0.0273026 	-0.0013704 	1.88076e-05
1.999 	0.0273061 	-0.00136903 	1.86728e-05
2.0005 	0.0273097 	-0.00136768 	1.85389e-05
2.002 	0.0273133 	-0.00136637 	1.84077e-05
2.0035 	0.0273169 	-0.00136505 	1.82765e-05
2.005 	0.0273206 	-0.00136374 	1.81453e-05
2.0065 	0.0273242 	-0.00136243 	1.80141e-05
2.008 	0.0273278 	-0.00136112 	1.78829e-05
2.0095 	0.0273314 	-0.00135981 	1.77517e-05
2.01101 	0.0273351 	-0.0013585 	1.76205e-05
2.01251 	0.0273387 	-0.00135719 	1.74893e-05
2.01401 	0.0273423 	-0.00135587 	1.73581e-05
2.01551 	0.0273459 	-0.00135456 	1.72269e-05
2.01701 	0.0273496 	-0.00135325 	1.70957e-05
2.01851 	0.0273532 	-0.00135194 	1.69645e-05
2.02001 	0.0273568 	-0.00135063 	1.68333e-05
2.02151 	0.0273604 	-0.00134932 	1.67021e-05
2.02301 	0.0273641 	-0.00134801 	1.65709e-05
2.02451 	0.0273677 	-0.0013467 	1.64397e-05
2.02601 	0.0273713 	-0.00134538 	1.63085e-05
2.02751 	0.0273749 	-0.00134407 	1.61773e-05
2.02901 	0.0273788 	-0.00134263 	1.60768e-05
2.03052 	0.027383 	-0.00134099 	1.60257e-05
2.03202 	0.0273872 	-0.00133935 	1.59745e-05
2.03352 	0.0273916 	-0.00133759 	1.59532e-05
2.03502 	0.0273964 	-0.0013356 	1.59904e-05
2.03652 	0.0274013 	-0.0013336 	1.60276e-05
2.03802 	0.0274061 	-0.0013316 	1.60648e-05
2.03952 	0.0274109 	-0.00132961 	1.6102e-05
2.04102 	0.0274157 	-0.00132761 	1.61391e-05
2.04252 	0.0274205 	-0.00132562 	1.61763e-05
2.04402 	0.0274253 	-0.00132362 	1.62135e-05
2.04552 	0.0274302 	-0.00132162 	1.62507e-05
2.04702 	0.027435 	-0.00131963 	1.62879e-05
2.04852 	0.0274398 	-0.00131763 	1.63251e-05
2.05003 	0.0274446 	-0.00131564 	1.63622e-05
2.05153 	0.0274494 	-0.00131364 	1.63994e-05
2.05303 	0.0274543 	-0.00131164 	1.64366e-05
2.05453 	0.0274591 	-0.00130965 	1.64738e-05
2.05603 	0.0274639 	-0.00130765 	1.6511e-05
2.05753 	0.0274687 	-0.00130565 	1.65482e-05
2.05903 	0.0274735 	-0.00130366 	1.65854e-05
2.06053 	0.0274783 	-0.00130166 	1.66225e-05
2.06203 	0.0274832 	-0.00129968 	1.66599e-05
2.06353 	0.0274882 	-0.00129773 	1.66976e-05
2.06503 	0.0274931 	-0.00129577 	1.67354e-05
2.06653 	0.0274981 	-0.00129381 	1.67731e-05
2.06803 	0.0275031 	-0.00129186 	1.68108e-05
2.06953 	0.027508 	-0.0012899 	1.68485e-05
2.07104 	0.027513 	-0.00128794 	1.68862e-05
2.07254 	0.027518 	-0.00128599 	1.69239e-05
2.07404 	0.0275229 	-0.00128403 	1.69616e-05
2.07554 	0.0275279 	-0.00128208 	1.69994e-05
2.07704 	0.0275329 	-0.00128012 	1.70371e-05
2.07854 	0.0275378 	-0.00127816 	1.70748e-05
2.08004 	0.0275428 	-0.00127621 	1.71125e-05
2.08154 	0.0275478 	-0.00127425 	1.71502e-05
2.08304 	0.0275527 	-0.0012723 	1.71879e-05
2.08454 	0.0275577 	-0.00127034 	1.72257e-05
2.08604 	0.0275627 	-0.00126838 	1.72634e-05
2.08754 	0.0275676 	-0.00126643 	1.73011e-05
2.08904 	0.0275726 	-0.00126447 	1.73388e-05
2.09055 	0.0275775 	-0.00126251 	1.73824e-05
2.09205 	0.0275822 	-0.00126053 	1.74838e-05
2.09355 	0.0275865 	-0.00125854 	1.76799e-05
2.09505 	0.0275909 	-0.00125655 	1.78796e-05
2.09655 	0.0275952 	-0.00125456 	1.80793e-05
2.09805 	0.0275995 	-0.00125257 	1.8279e-05
2.09955 	0.0276038 	-0.00125058 	1.84787e-05
2.10105 	0.0276081 	-0.00124858 	1.86785e-05
2.10255 	0.0276125 	-0.00124659 	1.88782e-05
2.10405 	0.0276168 	-0.0012446 	1.90779e-05
2.10555 	0.0276211 	-0.00124261 	1.92776e-05
2.10705 	0.0276254 	-0.00124062 	1.94773e-05
2.10855 	0.0276297 	-0.00123863 	1.9677e-05
2.11006 	0.0276341 	-0.00123664 	1.98768e-05
2.11156 	0.0276384 	-0.00123464 	2.00765e-05
2.11306 	0.0276427 	-0.00123265 	2.02762e-05
2.11456 	0.027647 	-0.00123066 	2.04759e-05
2.11606 	0.0276514 	-0.00122867 	2.06756e-05
2.11756 	0.0276557 	-0.00122668 	2.08753e-05
2.11906 	0.02766 	-0.00122469 	2.1075e-05
2.12056 	0.0276643 	-0.0012227 	2.12748e-05
2.12206 	0.0276687 	-0.00122074 	2.14751e-05
2.12356 	0.0276731 	-0.00121879 	2.16757e-05
2.12506 	0.0276776 	-0.00121685 	2.18764e-05
2.12656 	0.027682 	-0.00121491 	2.2077e-05
2.12806 	0.0276864 	-0.00121297 	2.22777e-05
2.12956 	0.0276908 	-0.00121102 	2.24783e-05
2.13107 	0.0276953 	-0.00120908 	2.2679e-05
2.13257 	0.0276997 	-0.00120714 	2.28796e-05
2.13407 	0.0277041 	-0.0012052 	2.30803e-05
2.13557 	0.0277085 	-0.00120325 	2.32809e-05
2.13707 	0.027713 	-0.00120131 	2.34816e-05
2.13857 	0.0277174 	-0.00119937 	2.36822e-05
2.14007 	0.0277218 	-0.00119743 	2.38829e-05
2.14157 	0.0277263 	-0.00119548 	2.40835e-05
2.14307 	0.0277307 	-0.00119354 	2.42842e-05
2.14457 	0.0277351 	-0.0011916 	2.44848e-05
2.14607 	0.0277395 	-0.00118966 	2.46855e-05
2.14757 	0.027744 	-0.00118771 	2.48861e-05
2.14907 	0.0277484 	-0.00118577 	2.50868e-05
2.15058 	0.0277525 	-0.00118385 	2.53114e-05
2.15208 	0.0277562 	-0.00118192 	2.55685e-05
2.15358 	0.0277599 	-0.00118 	2.58256e-05
2.15508 	0.0277636 	-0.00117807 	2.60826e-05
2.15658 	0.0277673 	-0.00117615 	2.63397e-05
2.15808 	0.027771 	-0.00117422 	2.65968e-05
2.15958 	0.0277747 	-0.0011723 	2.68538e-05
2.16108 	0.0277784 	-0.00117037 	2.71109e-05
2.16258 	0.0277821 	-0.00116845 	2.7368e-05
2.16408 	0.0277859 	-0.00116652 	2.76251e-05
2.16558 	0.0277896 	-0.0011646 	2.78821e-05
2.16708 	0.0277933 	-0.00116267 	2.81392e-05
2.16858 	0.027797 	-0.00116075 	2.83963e-05
2.17009 	0.0278007 	-0.00115882 	2.86533e-05
2.17159 	0.0278044 	-0.0011569 	2.89104e-05
2.17309 	0.0278081 	-0.00115497 	2.91675e-05
2.17459 	0.0278118 	-0.00115305 	2.94245e-05
2.17609 	0.0278155 	-0.00115112 	2.96816e-05
2.17759 	0.0278193 	-0.0011492 	2.99387e-05
2.17909 	0.027823 	-0.00114728 	3.01977e-05
2.18059 	0.0278268 	-0.0011454 	3.04623e-05
2.18209 	0.0278306 	-0.00114351 	3.07269e-05
2.18359 	0.0278345 	-0.00114163 	3.09915e-05
2.18509 	0.0278383 	-0.00113974 	3.12562e-05
2.18659 	0.0278421 	-0.00113785 	3.15208e-05
2.18809 	0.0278459 	-0.00113597 	3.17854e-05
2.18959 	0.0278498 	-0.00113408 	3.205e-05
2.1911 	0.0278536 	-0.0011322 	3.23146e-05
2.1926 	0.0278574 	-0.00113031 	3.25793e-05
2.1941 	0.0278612 	-0.00112843 	3.28439e-05
2.1956 	0.027865 	-0.00112654 	3.31085e-05
2.1971 	0.0278689 	-0.00112466 	3.33731e-05
2.1986 	0.0278727 	-0.00112277 	3.36378e-05
2.2001 	0.0278765 	-0.00112088 	3.39024e-05
2.2016 	0.0278803 	-0.001119 	3.4167e-05
2.2031 	0.0278842 	-0.00111711 	3.44316e-05
2.2046 	0.027888 	-0.00111523 	3.46962e-05
2.2061 	0.0278911 	-0.00111358 	3.4956e-05
2.2076 	0.0278941 	-0.00111198 	3.52147e-05
2.2091 	0.0278967 	-0.00111054 	3.54881e-05
2.21061 	0.027899 	-0.00110919 	3.57707e-05
2.21211 	0.0279012 	-0.00110785 	3.60533e-05
2.21361 	0.0279035 	-0.00110651 	3.63358e-05
2.21511 	0.0279057 	-0.00110517 	3.66184e-05
2.21661 	0.027908 	-0.00110383 	3.69009e-05
2.21811 	0.0279103 	-0.00110248 	3.71835e-05
2.21961 	0.0279125 	-0.00110114 	3.74661e-05
2.22111 	0.0279148 	-0.0010998 	3.77486e-05
2.22261 	0.027917 	-0.00109846 	3.80312e-05
2.22411 	0.0279193 	-0.00109711 	3.83138e-05
2.22561 	0.0279215 	-0.00109577 	3.85963e-05
2.22711 	0.0279238 	-0.00109443 	3.88789e-05
2.22861 	0.0279261 	-0.00109309 	3.91615e-05
2.23012 	0.0279283 	-0.00109174 	3.9444e-05
2.23162 	0.0279306 	-0.0010904 	3.97266e-05
2.23312 	0.0279328 	-0.00108906 	4.00092e-05
2.23462 	0.0279351 	-0.00108773 	4.02957e-05
2.23612 	0.0279375 	-0.00108642 	4.05959e-05
2.23762 	0.0279398 	-0.00108512 	4.08962e-05
2.23912 	0.0279422 	-0.00108382 	4.11965e-05
2.24062 	0.0279445 	-0.00108252 	4.14968e-05
2.24212 	0.0279469 	-0.00108121 	4.17971e-05
2.24362 	0.0279492 	-0.00107991 	4.20973e-05
2.24512 	0.0279516 	-0.00107861 	4.23976e-05
2.24662 	0.0279539 	-0.00107731 	4.26979e-05
2.24812 	0.0279562 	-0.001076 	4.29982e-05
2.24962 	0.0279586 	-0.0010747 	4.32985e-05
2.25113 	0.0279609 	-0.0010734 	4.35987e-05
2.25263 	0.0279633 	-0.0010721 	4.3899e-05
2.25413 	0.0279656 	-0.00107079 	4.41993e-05
2.25563 	0.027968 	-0.00106949 	4.44996e-05
2.25713 	0.0279703 	-0.00106819 	4.47999e-05
2.25863 	0.0279727 	-0.00106682 	4.51185e-05
2.26013 	0.0279754 	-0.00106518 	4.55158e-05
2.26163 	0.027978 	-0.00106354 	4.59131e-05
2.26313 	0.0279806 	-0.0010619 	4.63104e-05
2.26463 	0.0279833 	-0.00106007 	4.67667e-05
2.26613 	0.0279862 	-0.00105811 	4.72656e-05
2.26763 	0.027989 	-0.00105616 	4.77645e-05
2.26913 	0.0279918 	-0.0010542 	4.82634e-05
2.27064 	0.0279947 	-0.00105224 	4.87623e-05
2.27214 	0.0279975 	-0.00105029 	4.92612e-05
2.27364 	0.0280003 	-0.00104833 	4.97601e-05
2.27514 	0.0280031 	-0.00104637 	5.0259e-05
2.27664 	0.028006 	-0.00104442 	5.0758e-05
2.27814 	0.0280088 	-0.00104246 	5.12569e-05
2.27964 	0.0280116 	-0.0010405 	5.17558e-05
2.28114 	0.0280145 	-0.00103855 	5.22547e-05
2.28264 	0.0280173 	-0.00103659 	5.27536e-05
2.28414 	0.0280201 	-0.00103463 	5.32525e-05
2.28564 	0.028023 	-0.00103268 	5.37514e-05
2.28714 	0.0280258 	-0.00103072 	5.42503e-05
2.28864 	0.0280287 	-0.00102878 	5.47566e-05
2.29015 	0.0280316 	-0.00102686 	5.52675e-05
2.29165 	0.0280345 	-0.00102493 	5.57784e-05
2.29315 	0.0280374 	-0.001023 	5.62893e-05
2.29465 	0.0280403 	-0.00102107 	5.68001e-05
2.29615 	0.0280433 	-0.00101915 	5.7311e-05
2.29765 	0.0280462 	-0.00101722 	5.78219e-05
2.29915 	0.0280491 	-0.00101529 	5.83328e-05
2.30065 	0.028052 	-0.00101337 	5.88437e-05
2.30215 	0.0280549 	-0.00101144 	5.93546e-05
2.30365 	0.0280578 	-0.00100951 	5.98655e-05
2.30515 	0.0280608 	-0.00100759 	6.03764e-05
2.30665 	0.0280637 	-0.00100566 	6.08873e-05
2.30815 	0.0280666 	-0.00100373 	6.13982e-05
2.30965 	0.0280695 	-0.00100181 	6.19091e-05
2.31116 	0.0280722 	-0.000999846 	6.24851e-05
2.31266 	0.0280748 	-0.000997884 	6.30666e-05
2.31416 	0.0280775 	-0.000995921 	6.36481e-05
2.31566 	0.0280801 	-0.000993959 	6.42296e-05
2.31716 	0.0280827 	-0.000991993 	6.48173e-05
2.31866 	0.0280851 	-0.000989988 	6.54663e-05
2.32016 	0.0280875 	-0.000987983 	6.61154e-05
2.32166 	0.0280899 	-0.000985978 	6.67645e-05
2.32316 	0.0280923 	-0.000983973 	6.74136e-05
2.32466 	0.0280947 	-0.000981969 	6.80627e-05
2.32616 	0.0280971 	-0.000979964 	6.87118e-05
2.32766 	0.0280995 	-0.000977959 	6.93609e-05
2.32916 	0.0281019 	-0.000975954 	7.001e-05
2.33067 	0.0281043 	-0.000973949 	7.06591e-05
2.33217 	0.0281067 	-0.000971944 	7.13082e-05
2.33367 	0.0281091 	-0.00096994 	7.19573e-05
2.33517 	0.0281115 	-0.000967935 	7.26063e-05
2.33667 	0.0281139 	-0.00096593 	7.32554e-05
2.33817 	0.0281163 	-0.000963925 	7.39045e-05
2.33967 	0.0281188 	-0.000961926 	7.45633e-05
2.34117 	0.0281213 	-0.000959934 	7.52323e-05
2.34267 	0.0281238 	-0.000957942 	7.59013e-05
2.34417 	0.0281263 	-0.000955949 	7.65703e-05
2.34567 	0.0281288 	-0.000953957 	7.72394e-05
2.34717 	0.0281313 	-0.000951964 	7.79084e-05
2.34867 	0.0281338 	-0.000949972 	7.85774e-05
2.35018 	0.0281363 	-0.00094798 	7.92464e-05
2.35168 	0.0281388 	-0.000945987 	7.99154e-05
2.35318 	0.0281413 	-0.000943995 	8.05844e-05
2.35468 	0.0281438 	-0.000942002 	8.12534e-05
2.35618 	0.0281464 	-0.00094001 	8.19224e-05
2.35768 	0.0281489 	-0.000938018 	8.25914e-05
2.35918 	0.0281513 	-0.000936037 	8.32565e-05
2.36068 	0.0281532 	-0.000934251 	8.38578e-05
2.36218 	0.0281551 	-0.000932464 	8.4459e-05
2.36368 	0.028157 	-0.000930678 	8.50602e-05
2.36518 	0.0281588 	-0.000928891 	8.56614e-05
2.36668 	0.0281607 	-0.000927105 	8.62626e-05
2.36818 	0.0281625 	-0.000925325 	8.68606e-05
2.36968 	0.0281639 	-0.000923576 	8.74434e-05
2.37119 	0.0281653 	-0.000921827 	8.80263e-05
2.37269 	0.0281666 	-0.000920077 	8.86092e-05
2.37419 	0.028168 	-0.000918328 	8.9192e-05
2.37569 	0.0281694 	-0.000916579 	8.97749e-05
2.37719 	0.0281708 	-0.00091483 	9.03577e-05
2.37869 	0.0281721 	-0.00091308 	9.09406e-05
2.38019 	0.0281735 	-0.000911331 	9.15234e-05
2.38169 	0.0281749 	-0.000909582 	9.21063e-05
2.38319 	0.0281763 	-0.000907833 	9.26891e-05
2.38469 	0.0281776 	-0.000906084 	9.3272e-05
2.38619 	0.028179 	-0.000904334 	9.38549e-05
2.38769 	0.0281804 	-0.000902585 	9.44377e-05
2.38919 	0.028182 	-0.00090061 	9.51297e-05
2.3907 	0.0281837 	-0.000898597 	9.584e-05
2.3922 	0.0281853 	-0.000896585 	9.65503e-05
2.3937 	0.028187 	-0.000894572 	9.72606e-05
2.3952 	0.0281886 	-0.00089256 	9.79708e-05
2.3967 	0.0281903 	-0.000890547 	9.86811e-05
2.3982 	0.0281919 	-0.000888534 	9.93914e-05
2.3997 	0.0281936 	-0.000886522 	0.000100102
2.4012 	0.0281952 	-0.000884509 	0.000100812
2.4027 	0.0281969 	-0.000882496 	0.000101522
2.4042 	0.0281985 	-0.000880484 	0.000102232
2.4057 	0.0282002 	-0.000878471 	0.000102943
2.4072 	0.0282015 	-0.000876692 	0.000103538
2.4087 	0.0282027 	-0.000875057 	0.000104063
2.41021 	0.0282038 	-0.000873422 	0.000104588
2.41171 	0.0282049 	-0.000871787 	0.000105113
2.41321 	0.028206 	-0.000870153 	0.000105638
2.41471 	0.0282072 	-0.000868518 	0.000106162
2.41621 	0.0282083 	-0.000866883 	0.000106687
2.41771 	0.028209 	-0.000865558 	0.000107057
2.41921 	0.0282096 	-0.000864283 	0.000107403
2.42071 	0.0282102 	-0.000863008 	0.000107748
2.42221 	0.0282108 	-0.000861733 	0.000108094
2.42371 	0.0282114 	-0.000860457 	0.000108439
2.42521 	0.028212 	-0.000859182 	0.000108785
2.42671 	0.0282126 	-0.000857907 	0.00010913
2.42821 	0.0282132 	-0.000856632 	0.000109476
2.42971 	0.0282138 	-0.000855357 	0.000109821
2.43122 	0.0282144 	-0.000854081 	0.000110167
2.43272 	0.028215 	-0.000852806 	0.000110512
2.43422 	0.0282156 	-0.000851531 	0.000110858
2.43572 	0.0282164 	-0.000850091 	0.000111291
2.43722 	0.0282172 	-0.000848594 	0.000111754
2.43872 	0.028218 	-0.000847096 	0.000112218
2.44022 	0.0282189 	-0.000845599 	0.000112681
2.44172 	0.0282197 	-0.000844102 	0.000113145
2.44322 	0.0282205 	-0.000842605 	0.000113608
2.44472 	0.0282214 	-0.000841108 	0.000114072
2.44622 	0.0282222 	-0.000839611 	0.000114535
2.44772 	0.028223 	-0.000838113 	0.000114998
2.44922 	0.0282239 	-0.000836616 	0.000115462
2.45073 	0.0282247 	-0.000835119 	0.000115925
2.45223 	0.0282253 	-0.000833404 	0.000116402
2.45373 	0.0282259 	-0.000831552 	0.000116886
2.45523 	0.0282264 	-0.000829701 	0.000117371
2.45673 	0.028227 	-0.000827849 	0.000117856
2.45823 	0.0282275 	-0.000825998 	0.00011834
2.45973 	0.0282281 	-0.000824147 	0.000118825
2.46123 	0.0282286 	-0.000822295 	0.00011931
2.46273 	0.0282291 	-0.000820416 	0.000119789
2.46423 	0.0282293 	-0.000818374 	0.000120241
2.46573 	0.0282294 	-0.000816333 	0.000120692
2.46723 	0.0282296 	-0.000814292 	0.000121143
2.46873 	0.0282298 	-0.000812251 	0.000121594
2.47024 	0.02823 	-0.000810209 	0.000122045
2.47174 	0.0282302 	-0.000808168 	0.000122496
2.47324 	0.0282304 	-0.000806127 	0.000122947
2.47474 	0.0282305 	-0.000804086 	0.000123398
2.47624 	0.0282307 	-0.000802044 	0.000123849
2.47774 	0.0282309 	-0.000800003 	0.0001243
2.47924 	0.0282311 	-0.000797963 	0.000124756
2.48074 	0.0282313 	-0.000795925 	0.000125238
2.48224 	0.0282316 	-0.000793888 	0.00012572
2.48374 	0.0282318 	-0.000791851 	0.000126202
2.48524 	0.0282321 	-0.000789813 	0.000126684
2.48674 	0.0282323 	-0.000787776 	0.000127166
2.48824 	0.0282326 	-0.000785738 	0.000127648
2.48974 	0.0282328 	-0.000783701 	0.00012813
2.49125 	0.0282331 	-0.000781664 	0.000128613
2.49275 	0.0282333 	-0.000779626 	0.000129095
2.49425 	0.0282335 	-0.000777591 	0.000129568
2.49575 	0.0282331 	-0.000775588 	0.000129911
2.49725 	0.0282327 	-0.000773584 	0.000130253
2.49875 	0.0282324 	-0.000771581 	0.000130596
2.50025 	0.028232 	-0.000769578 	0.000130938
2.50175 	0.0282316 	-0.000767574 	0.000131281
2.50325 	0.0282312 	-0.000765571 	0.000131623
2.50475 	0.0282308 	-0.000763568 	0.000131966
2.50625 	0.0282304 	-0.000761565 	0.000132304
2.50775 	0.0282295 	-0.000759591 	0.000132507
2.50925 	0.0282285 	-0.000757618 	0.00013271
2.51076 	0.0282275 	-0.000755644 	0.000132913
2.51226 	0.0282266 	-0.00075367 	0.000133116
2.51376 	0.0282256 	-0.000751696 	0.000133318
2.51526 	0.0282247 	-0.000749723 	0.000133521
2.51676 	0.0282237 	-0.000747749 	0.000133724
2.51826 	0.0282228 	-0.000745775 	0.000133927
2.51976 	0.0282218 	-0.000743801 	0.00013413
2.52126 	0.0282208 	-0.000741829 	0.000134334
2.52276 	0.0282199 	-0.000739876 	0.000134556
2.52426 	0.028219 	-0.000737922 	0.000134778
2.52576 	0.0282181 	-0.000735969 	0.000135
2.52726 	0.0282172 	-0.000734015 	0.000135221
2.52876 	0.0282163 	-0.000732062 	0.000135443
2.53027 	0.0282154 	-0.000730108 	0.000135665
2.53177 	0.0282145 	-0.000728155 	0.000135887
2.53327 	0.0282135 	-0.000726201 	0.000136109
2.53477 	0.0282126 	-0.000724248 	0.000136331
2.53627 	0.0282115 	-0.000722563 	0.000136443
2.53777 	0.0282104 	-0.000720896 	0.000136549
2.53927 	0.0282092 	-0.000719229 	0.000136654
2.54077 	0.0282081 	-0.000717563 	0.000136759
2.54227 	0.028207 	-0.000715896 	0.000136865
2.54377 	0.0282058 	-0.000714229 	0.00013697
2.54527 	0.0282047 	-0.000712563 	0.000137075
2.54677 	0.0282036 	-0.000710896 	0.00013718
2.54827 	0.0282023 	-0.000709356 	0.000137231
2.54977 	0.0282009 	-0.000707948 	0.000137224
2.55128 	0.0281996 	-0.000706541 	0.000137217
2.55278 	0.0281982 	-0.000705134 	0.00013721
2.55428 	0.0281969 	-0.000703726 	0.000137203
2.55578 	0.0281955 	-0.000702319 	0.000137196
2.55728 	0.0281941 	-0.000700912 	0.00013719
2.55878 	0.0281928 	-0.000699504 	0.000137183
2.56028 	0.0281914 	-0.000698097 	0.000137176
2.56178 	0.02819 	-0.000696713 	0.00013717
2.56328 	0.0281887 	-0.000695354 	0.000137164
2.56478 	0.0281874 	-0.000693994 	0.000137159
2.56628 	0.028186 	-0.000692635 	0.000137153
2.56778 	0.0281847 	-0.000691276 	0.000137147
2.56928 	0.0281833 	-0.000689916 	0.000137142
2.57079 	0.028182 	-0.000688557 	0.000137136
2.57229 	0.0281807 	-0.000687198 	0.000137131
2.57379 	0.0281791 	-0.000685758 	0.000137119
2.57529 	0.0281768 	-0.000684053 	0.000137085
2.57679 	0.0281745 	-0.000682348 	0.000137051
2.57829 	0.0281722 	-0.000680643 	0.000137018
2.57979 	0.0281699 	-0.000678938 	0.000136984
2.58129 	0.0281676 	-0.000677233 	0.00013695
2.58279 	0.0281653 	-0.000675528 	0.000136917
2.58429 	0.028163 	-0.000673823 	0.000136883
2.58579 	0.0281607 	-0.000672118 	0.000136849
2.58729 	0.0281579 	-0.000670235 	0.000136804
2.58879 	0.0281547 	-0.00066817 	0.000136748
2.5903 	0.0281514 	-0.000666105 	0.000136692
2.5918 	0.0281482 	-0.000664039 	0.000136636
2.5933 	0.0281449 	-0.000661974 	0.00013658
2.5948 	0.0281417 	-0.000659909 	0.000136524
2.5963 	0.0281385 	-0.000657844 	0.000136468
2.5978 	0.0281352 	-0.000655779 	0.000136412
2.5993 	0.0281319 	-0.000653707 	0.000136354
2.6008 	0.0281286 	-0.000651623 	0.000136294
2.6023 	0.0281253 	-0.00064954 	0.000136234
2.6038 	0.028122 	-0.000647456 	0.000136173
2.6053 	0.0281186 	-0.000645372 	0.000136113
2.6068 	0.0281153 	-0.000643289 	0.000136053
2.6083 	0.028112 	-0.000641205 	0.000135993
2.6098 	0.0281087 	-0.000639121 	0.000135932
2.61131 	0.0281052 	-0.00063723 	0.000135853
2.61281 	0.0281016 	-0.000635354 	0.000135772
2.61431 	0.0280981 	-0.000633478 	0.000135691
2.61581 	0.0280946 	-0.000631603 	0.00013561
2.61731 	0.0280911 	-0.000629727 	0.000135529
2.61881 	0.0280875 	-0.000627851 	0.000135448
2.62031 	0.028084 	-0.000625975 	0.000135367
2.62181 	0.0280805 	-0.000624099 	0.000135286
2.62331 	0.0280769 	-0.000622223 	0.000135205
2.62481 	0.0280728 	-0.000620362 	0.000135078
2.62631 	0.0280686 	-0.000618502 	0.000134951
2.62781 	0.0280645 	-0.000616641 	0.000134824
2.62931 	0.0280603 	-0.00061478 	0.000134696
2.63082 	0.0280561 	-0.000612919 	0.000134569
2.63232 	0.028052 	-0.000611058 	0.000134442
2.63382 	0.0280478 	-0.000609197 	0.000134315
2.63532 	0.0280428 	-0.000607054 	0.000134159
2.63682 	0.0280375 	-0.000604785 	0.000133991
2.63832 	0.0280322 	-0.000602517 	0.000133823
2.63982 	0.0280268 	-0.000600249 	0.000133654
2.64132 	0.0280215 	-0.000597981 	0.000133486
2.64282 	0.0280162 	-0.000595712 	0.000133317
2.64432 	0.0280108 	-0.000593444 	0.000133149
2.64582 	0.0280064 	-0.00059172 	0.000132995
2.64732 	0.028002 	-0.000590003 	0.000132842
2.64882 	0.0279975 	-0.000588286 	0.000132689
2.65033 	0.0279931 	-0.000586569 	0.000132535
2.65183 	0.0279887 	-0.000584851 	0.000132382
2.65333 	0.0279843 	-0.000583134 	0.000132229
2.65483 	0.0279799 	-0.000581417 	0.000132076
2.65633 	0.0279754 	-0.0005797 	0.000131922
2.65783 	0.027971 	-0.000577983 	0.000131769
2.65933 	0.0279675 	-0.000576785 	0.000131626
2.66083 	0.0279639 	-0.000575589 	0.000131484
2.66233 	0.0279604 	-0.000574393 	0.000131341
2.66383 	0.0279568 	-0.000573197 	0.000131199
2.66533 	0.0279533 	-0.000572 	0.000131056
2.66683 	0.0279498 	-0.000570804 	0.000130914
2.66833 	0.0279457 	-0.000569438 	0.000130751
2.66983 	0.0279409 	-0.00056783 	0.000130561
2.67134 	0.0279361 	-0.000566222 	0.000130371
2.67284 	0.0279313 	-0.000564613 	0.000130181
2.67434 	0.0279265 	-0.000563005 	0.000129992
2.67584 	0.0279217 	-0.000561397 	0.000129802
2.67734 	0.0279162 	-0.000559645 	0.000129595
2.67884 	0.0279095 	-0.00055766 	0.000129361
2.68034 	0.0279028 	-0.000555674 	0.000129128
2.68184 	0.0278961 	-0.000553688 	0.000128894
2.68334 	0.0278894 	-0.000551702 	0.000128661
2.68484 	0.0278827 	-0.000549716 	0.000128427
2.68634 	0.027876 	-0.00054773 	0.000128193
2.68784 	0.0278693 	-0.000545745 	0.00012796
2.68934 	0.0278626 	-0.000543759 	0.000127726
2.69085 	0.0278553 	-0.000541698 	0.000127493
2.69235 	0.0278472 	-0.000539527 	0.000127261
2.69385 	0.0278391 	-0.000537355 	0.000127029
2.69535 	0.027831 	-0.000535184 	0.000126797
2.69685 	0.0278229 	-0.000533013 	0.000126564
2.69835 	0.0278148 	-0.000530841 	0.000126332
2.69985 	0.0278065 	-0.000528657 	0.000126095
2.70135 	0.027798 	-0.00052646 	0.000125853
2.70285 	0.0277896 	-0.000524262 	0.000125611
2.70435 	0.0277811 	-0.000522065 	0.000125368
2.70585 	0.0277727 	-0.000519868 	0.000125126
2.70735 	0.0277643 	-0.000517694 	0.000124886
2.70885 	0.0277569 	-0.000515897 	0.000124676
2.71036 	0.0277495 	-0.000514101 	0.000124467
2.71186 	0.0277422 	-0.000512304 	0.000124257
2.71336 	0.0277348 	-0.000510507 	0.000124048
2.71486 	0.0277274 	-0.00050871 	0.000123839
2.71636 	0.0277201 	-0.000506913 	0.000123629
2.71786 	0.0277127 	-0.000505116 	0.00012342
2.71936 	0.0277053 	-0.00050332 	0.00012321
2.72086 	0.0276981 	-0.000501583 	0.000123009
2.72236 	0.0276915 	-0.000500129 	0.000122848
2.72386 	0.0276849 	-0.000498675 	0.000122687
2.72536 	0.0276783 	-0.000497221 	0.000122525
2.72686 	0.0276717 	-0.000495767 	0.000122364
2.72836 	0.0276651 	-0.000494313 	0.000122203
2.72986 	0.0276584 	-0.000492896 	0.000122046
2.73137 	0.0276517 	-0.000491485 	0.000121889
2.73287 	0.027645 	-0.000490075 	0.000121733
2.73437 	0.0276383 	-0.000488664 	0.000121576
2.73587 	0.0276316 	-0.000487253 	0.00012142
2.73737 	0.0276217 	-0.000485378 	0.000121196
2.73887 	0.0276117 	-0.000483496 	0.000120971
2.74037 	0.0276018 	-0.000481614 	0.000120746
2.74187 	0.0275918 	-0.000479732 	0.000120521
2.74337 	0.0275819 	-0.00047785 	0.000120297
2.74487 	0.027572 	-0.000475968 	0.000120072
2.74637 	0.027562 	-0.000474086 	0.000119847
2.74787 	0.0275521 	-0.000472204 	0.000119622
2.74937 	0.0275413 	-0.000470194 	0.000119377
2.75088 	0.0275279 	-0.000467817 	0.00011907
2.75238 	0.0275146 	-0.00046544 	0.000118764
2.75388 	0.0275013 	-0.000463062 	0.000118457
2.75538 	0.027488 	-0.000460685 	0.000118151
2.75688 	0.0274744 	-0.000458289 	0.000117841
2.75838 	0.0274605 	-0.000455874 	0.000117527
2.75988 	0.0274465 	-0.000453458 	0.000117213
2.76138 	0.0274326 	-0.000451043 	0.0001169
2.76288 	0.0274189 	-0.000448678 	0.000116594
2.76438 	0.027407 	-0.000446721 	0.00011636
2.76588 	0.0273951 	-0.000444765 	0.000116126
2.76738 	0.0273831 	-0.000442809 	0.000115892
2.76888 	0.0273712 	-0.000440852 	0.000115658
2.77039 	0.0273593 	-0.000438896 	0.000115423
2.77189 	0.0273473 	-0.00043694 	0.000115189
2.77339 	0.0273354 	-0.000434984 	0.000114955
2.77489 	0.0273235 	-0.000433027 	0.000114721
2.77639 	0.0273116 	-0.000431199 	0.000114508
2.77789 	0.0272996 	-0.00042946 	0.00011431
2.77939 	0.0272877 	-0.000427722 	0.000114111
2.78089 	0.0272758 	-0.000425983 	0.000113913
2.78239 	0.0272648 	-0.000424373 	0.000113727
2.78389 	0.0272557 	-0.000423059 	0.000113569
2.78539 	0.0272467 	-0.000421746 	0.000113412
2.78689 	0.0272376 	-0.000420432 	0.000113254
2.78839 	0.0272258 	-0.000418818 	0.000113068
2.78989 	0.0272095 	-0.000416714 	0.000112835
2.7914 	0.0271931 	-0.000414611 	0.000112602
2.7929 	0.0271768 	-0.000412508 	0.00011237
2.7944 	0.0271605 	-0.000410405 	0.000112137
2.7959 	0.0271442 	-0.000408301 	0.000111904
2.7974 	0.0271279 	-0.000406198 	0.000111671
2.7989 	0.0271116 	-0.000404095 	0.000111439
2.8004 	0.0270944 	-0.0004019 	0.000111196
2.8019 	0.0270705 	-0.000398981 	0.000110877
2.8034 	0.0270466 	-0.000396062 	0.000110557
2.8049 	0.0270227 	-0.000393143 	0.000110238
2.8064 	0.0269994 	-0.000390325 	0.000109927
2.8079 	0.0269778 	-0.000387784 	0.000109636
2.8094 	0.0269563 	-0.000385243 	0.000109346
2.81091 	0.0269347 	-0.000382702 	0.000109056
2.81241 	0.0269119 	-0.000380167 	0.000108763
2.81391 	0.0268887 	-0.000377634 	0.000108468
2.81541 	0.0268656 	-0.000375102 	0.000108174
2.81691 	0.0268424 	-0.000372569 	0.00010788
2.81841 	0.0268192 	-0.000370037 	0.000107585
2.81991 	0.026796 	-0.000367504 	0.000107291
2.82141 	0.0267728 	-0.000364972 	0.000106997
2.82291 	0.0267496 	-0.000362439 	0.000106703
2.82441 	0.0267239 	-0.000359863 	0.000106395
2.82591 	0.0266975 	-0.000357274 	0.000106084
2.82741 	0.026671 	-0.000354684 	0.000105772
2.82891 	0.0266414 	-0.000351833 	0.000105423
2.83042 	0.0266049 	-0.000348411 	0.000104993
2.83192 	0.0265683 	-0.000344989 	0.000104563
2.83342 	0.0265333 	-0.000341725 	0.000104154
2.83492 	0.0265063 	-0.000339315 	0.000103863
2.83642 	0.0264793 	-0.000336904 	0.000103572
2.83792 	0.0264523 	-0.000334493 	0.00010328
2.83942 	0.0264253 	-0.000332083 	0.000102989
2.84092 	0.0263983 	-0.000329672 	0.000102698
2.84242 	0.0263713 	-0.000327262 	0.000102406
2.84392 	0.0263444 	-0.000324851 	0.000102115
2.84542 	0.0263216 	-0.000322902 	0.000101887
2.84692 	0.0263033 	-0.000321444 	0.000101726
2.84842 	0.0262851 	-0.000319987 	0.000101564
2.84992 	0.026263 	-0.000318216 	0.000101362
2.85143 	0.0262348 	-0.000315954 	0.000101096
2.85293 	0.0262065 	-0.000313692 	0.000100829
2.85443 	0.0261779 	-0.000311444 	0.000100564
2.85593 	0.0261489 	-0.000309207 	0.0001003
2.85743 	0.0261198 	-0.00030697 	0.000100036
2.85893 	0.0260908 	-0.000304733 	9.97719e-05
2.86043 	0.0260618 	-0.000302496 	9.95078e-05
2.86193 	0.0260327 	-0.000300259 	9.92438e-05
2.86343 	0.0260037 	-0.000298022 	9.89798e-05
2.86493 	0.025975 	-0.000295842 	9.87206e-05
2.86643 	0.0259474 	-0.000293869 	9.84793e-05
2.86793 	0.0259198 	-0.000291896 	9.82381e-05
2.86943 	0.0258919 	-0.000289935 	9.79962e-05
2.87094 	0.0258636 	-0.000287989 	9.77534e-05
2.87244 	0.0258354 	-0.000286044 	9.75107e-05
2.87394 	0.0257913 	-0.000283296 	9.71764e-05
2.87544 	0.0257455 	-0.000280453 	9.68313e-05
2.87694 	0.0256996 	-0.00027761 	9.64862e-05
2.87844 	0.0256537 	-0.000274768 	9.61412e-05
2.87994 	0.0256078 	-0.000271925 	9.57961e-05
2.88144 	0.025562 	-0.000269082 	9.5451e-05
2.88294 	0.0255161 	-0.000266239 	9.5106e-05
2.88444 	0.0254542 	-0.000262584 	9.4668e-05
2.88594 	0.0253904 	-0.000258832 	9.4219e-05
2.88744 	0.0253252 	-0.00025503 	9.37483e-05
2.88894 	0.0252579 	-0.000251151 	9.32453e-05
2.89045 	0.0251919 	-0.000247372 	9.27618e-05
2.89195 	0.025136 	-0.000244335 	9.24238e-05
2.89345 	0.0250801 	-0.000241298 	9.20858e-05
2.89495 	0.0250242 	-0.000238261 	9.17477e-05
2.89645 	0.0249683 	-0.000235224 	9.14097e-05
2.89795 	0.0249124 	-0.000232187 	9.10717e-05
2.89945 	0.0248565 	-0.00022915 	9.07337e-05
2.90095 	0.0248056 	-0.000226501 	9.04831e-05
2.90245 	0.0247604 	-0.000224298 	9.0333e-05
2.90395 	0.0247147 	-0.000222083 	9.01651e-05
2.90545 	0.0246673 	-0.000219827 	8.99369e-05
2.90695 	0.0246143 	-0.000217393 	8.97181e-05
2.90845 	0.0245363 	-0.000214132 	8.95423e-05
2.90995 	0.0244583 	-0.000210871 	8.93666e-05
2.91146 	0.0243802 	-0.000207609 	8.91908e-05
2.91296 	0.0243022 	-0.000204348 	8.90151e-05
2.91446 	0.0242242 	-0.000201087 	8.88393e-05
2.91596 	0.0241462 	-0.000197826 	8.86636e-05
2.91746 	0.0240418 	-0.000193715 	8.85606e-05
2.91896 	0.0239337 	-0.000189482 	8.84681e-05
2.92046 	0.0238186 	-0.000185036 	8.83302e-05
2.92196 	0.023703 	-0.000180581 	8.81864e-05
2.92346 	0.0236071 	-0.000177141 	8.80947e-05
2.92496 	0.0235112 	-0.000173701 	8.8003e-05
2.92646 	0.0234153 	-0.000170261 	8.79114e-05
2.92796 	0.0233194 	-0.000166822 	8.78197e-05
2.92946 	0.0232234 	-0.000163382 	8.7728e-05
2.93097 	0.0231289 	-0.000160014 	8.76412e-05
2.93247 	0.0230531 	-0.000157652 	8.7622e-05
2.93397 	0.0229758 	-0.000155252 	8.76009e-05
2.93547 	0.0228937 	-0.000152742 	8.75745e-05
2.93697 	0.0228087 	-0.000150258 	8.75361e-05
2.93847 	0.0227216 	-0.00014779 	8.74899e-05
2.93997 	0.0226345 	-0.000145322 	8.74437e-05
2.94147 	0.0225474 	-0.000142855 	8.73975e-05
2.94297 	0.0224603 	-0.000140387 	8.73512e-05
2.94447 	0.0223731 	-0.000137919 	8.7305e-05
2.94597 	0.0222784 	-0.000135449 	8.72427e-05
2.94747 	0.0221817 	-0.000132945 	8.71794e-05
2.94897 	0.0220816 	-0.000130381 	8.71148e-05
2.95048 	0.0219193 	-0.000126854 	8.69172e-05
2.95198 	0.0217483 	-0.000123192 	8.67011e-05
2.95348 	0.0215773 	-0.00011953 	8.6485e-05
2.95498 	0.0214062 	-0.000115868 	8.62688e-05
2.95648 	0.0212352 	-0.000112206 	8.60527e-05
2.95798 	0.0210235 	-0.00010796 	8.57676e-05
2.95948 	0.020782 	-0.000103281 	8.54292e-05
2.96098 	0.0205241 	-9.83275e-05 	8.50459e-05
2.96248 	0.0203016 	-9.43701e-05 	8.46589e-05
2.96398 	0.0200881 	-9.06673e-05 	8.42709e-05
2.96548 	0.0198746 	-8.69646e-05 	8.3883e-05
2.96698 	0.0196611 	-8.32618e-05 	8.3495e-05
2.96848 	0.0194476 	-7.95591e-05 	8.31071e-05
2.96998 	0.019274 	-7.70342e-05 	8.27468e-05
2.97149 	0.0190995 	-7.46262e-05 	8.23459e-05
2.97299 	0.0189136 	-7.2159e-05 	8.18864e-05
2.97449 	0.0187192 	-6.97587e-05 	8.13897e-05
2.97599 	0.0185247 	-6.73584e-05 	8.08931e-05
2.97749 	0.0183303 	-6.49581e-05 	8.03964e-05
2.97899 	0.0181358 	-6.25578e-05 	7.98997e-05
2.98049 	0.0179319 	-6.02656e-05 	7.93602e-05
2.98199 	0.0177156 	-5.79519e-05 	7.87502e-05
2.98349 	0.0174841 	-5.56021e-05 	7.8061e-05
2.98499 	0.0172424 	-5.33082e-05 	7.73315e-05
2.98649 	0.0170006 	-5.10143e-05 	7.66019e-05
2.98799 	0.0167589 	-4.87204e-05 	7.58724e-05
2.98949 	0.0165159 	-4.64394e-05 	7.51353e-05
2.991 	0.0162561 	-4.43336e-05 	7.42945e-05
2.9925 	0.0159424 	-4.2045e-05 	7.31879e-05
2.994 	0.0132183 	-3.45191e-05 	6.07739e-05
2.9955 	0.0104942 	-2.69933e-05 	4.83599e-05
2.997 	0.00777007 	-1.94674e-05 	3.59459e-05
2.9985 	0.00504595 	-1.19415e-05 	2.35319e-05
3 	0 	0 	0
