0 	0 	0 	0
0.00150075 	3.95358e-06 	-8.70947e-07 	-9.07443e-06
0.0030015 	7.90717e-06 	-1.74189e-06 	-1.81489e-05
0.00450225 	3.54556e-05 	-3.11008e-06 	-2.58952e-05
0.006003 	6.94311e-05 	-4.70538e-06 	-3.31596e-05
0.00750375 	0.000108798 	-6.818e-06 	-3.95916e-05
0.0090045 	0.000148158 	-8.9305e-06 	-4.60239e-05
0.0105053 	0.000184919 	-1.10011e-05 	-5.25442e-05
0.012006 	0.00022168 	-1.30716e-05 	-5.90645e-05
0.0135068 	0.000264404 	-1.5334e-05 	-6.45648e-05
0.0150075 	0.000310552 	-1.77066e-05 	-6.94793e-05
0.0165083 	0.000353859 	-2.03796e-05 	-7.31112e-05
0.018009 	0.000396765 	-2.3095e-05 	-7.65619e-05
0.0195098 	0.000438131 	-2.58076e-05 	-8.03737e-05
0.0210105 	0.000478 	-2.85174e-05 	-8.45367e-05
0.0225113 	0.000517868 	-3.12272e-05 	-8.86997e-05
0.024012 	0.000568632 	-3.49248e-05 	-9.23447e-05
0.0255128 	0.000620305 	-3.87379e-05 	-9.59136e-05
0.0270135 	0.00067564 	-4.35748e-05 	-9.86192e-05
0.0285143 	0.000730975 	-4.84116e-05 	-0.000101325
0.030015 	0.000784251 	-5.31379e-05 	-0.000104432
0.0315158 	0.000835239 	-5.77415e-05 	-0.000107986
0.0330165 	0.000886227 	-6.2345e-05 	-0.00011154
0.0345173 	0.00093404 	-6.6849e-05 	-0.000114409
0.036018 	0.000980394 	-7.13074e-05 	-0.000116964
0.0375188 	0.00102063 	-7.56834e-05 	-0.000118475
0.0390195 	0.00105764 	-8.00159e-05 	-0.000119434
0.0405203 	0.00109465 	-8.43484e-05 	-0.000120394
0.042021 	0.00112884 	-8.83389e-05 	-0.000121781
0.0435218 	0.00116258 	-9.22752e-05 	-0.000123237
0.0450225 	0.00119633 	-9.62116e-05 	-0.000124692
0.0465233 	0.00123046 	-0.00010048 	-0.000126268
0.048024 	0.00126466 	-0.000104813 	-0.000127868
0.0495248 	0.001298 	-0.00010944 	-0.000129197
0.0510255 	0.0013309 	-0.000114218 	-0.000130388
0.0525263 	0.0013638 	-0.000118996 	-0.000131578
0.054027 	0.00139462 	-0.000123352 	-0.000132426
0.0555278 	0.00142423 	-0.000127463 	-0.000133076
0.0570285 	0.00145385 	-0.000131575 	-0.000133725
0.0585293 	0.001485 	-0.000136129 	-0.000134801
0.06003 	0.00151896 	-0.000141487 	-0.000136653
0.0615308 	0.00155299 	-0.000146873 	-0.000138522
0.0630315 	0.0015901 	-0.000153474 	-0.000141128
0.0645323 	0.0016272 	-0.000160075 	-0.000143734
0.066033 	0.00166431 	-0.000166676 	-0.000146339
0.0675338 	0.00169828 	-0.000172483 	-0.000147619
0.0690345 	0.00173115 	-0.000178011 	-0.000148434
0.0705353 	0.00176403 	-0.000183539 	-0.000149249
0.072036 	0.00179629 	-0.000189065 	-0.000150284
0.0735368 	0.00182593 	-0.000194583 	-0.000152273
0.0750375 	0.00185556 	-0.000200101 	-0.000154262
0.0765383 	0.00188248 	-0.000205596 	-0.000157003
0.078039 	0.0019082 	-0.000211081 	-0.000160079
0.0795398 	0.00193391 	-0.000216566 	-0.000163154
0.0810405 	0.00195909 	-0.000221877 	-0.000165921
0.0825413 	0.00198082 	-0.000226082 	-0.000166725
0.084042 	0.00200256 	-0.000230288 	-0.00016753
0.0855428 	0.00202429 	-0.000234493 	-0.000168334
0.0870435 	0.00204631 	-0.000238914 	-0.000169407
0.0885443 	0.00206901 	-0.000243868 	-0.000171145
0.090045 	0.00209171 	-0.000248822 	-0.000172883
0.0915458 	0.0021149 	-0.00025423 	-0.000175411
0.0930465 	0.00213837 	-0.000259911 	-0.000178414
0.0945473 	0.00216185 	-0.000265591 	-0.000181417
0.096048 	0.00218533 	-0.000271271 	-0.000184419
0.0975488 	0.00220583 	-0.000275746 	-0.000186011
0.0990495 	0.00222546 	-0.000279865 	-0.000187186
0.10055 	0.00224508 	-0.000283984 	-0.000188362
0.102051 	0.0022647 	-0.000288104 	-0.000189537
0.103552 	0.00228501 	-0.00029278 	-0.000190923
0.105053 	0.00230577 	-0.000297818 	-0.000192446
0.106553 	0.00232652 	-0.000302855 	-0.000193968
0.108054 	0.00234799 	-0.00030852 	-0.000196125
0.109555 	0.00236968 	-0.000314374 	-0.000198471
0.111056 	0.00239136 	-0.000320227 	-0.000200818
0.112556 	0.00241305 	-0.000326081 	-0.000203164
0.114057 	0.00243277 	-0.000330791 	-0.000204772
0.115558 	0.00245117 	-0.000334734 	-0.000205884
0.117059 	0.00246957 	-0.000338678 	-0.000206997
0.118559 	0.00248797 	-0.000342622 	-0.00020811
0.12006 	0.00250648 	-0.000346675 	-0.000209227
0.121561 	0.00252599 	-0.000351805 	-0.000210392
0.123062 	0.0025455 	-0.000356935 	-0.000211557
0.124562 	0.00256508 	-0.000362141 	-0.000212757
0.126063 	0.00258547 	-0.000368283 	-0.000214396
0.127564 	0.00260587 	-0.000374425 	-0.000216035
0.129065 	0.00262627 	-0.000380567 	-0.000217675
0.130565 	0.00264666 	-0.000386708 	-0.000219314
0.132066 	0.0026656 	-0.000391539 	-0.000220323
0.133567 	0.00268341 	-0.000395352 	-0.000220842
0.135068 	0.00270122 	-0.000399164 	-0.000221361
0.136568 	0.00271903 	-0.000402976 	-0.000221879
0.138069 	0.00273685 	-0.000406788 	-0.000222398
0.13957 	0.00275532 	-0.000411591 	-0.000223104
0.141071 	0.0027741 	-0.000416837 	-0.000223892
0.142571 	0.00279288 	-0.000422083 	-0.000224681
0.144072 	0.00281199 	-0.000427931 	-0.000225771
0.145573 	0.00283144 	-0.00043441 	-0.000227176
0.147074 	0.00285088 	-0.000440889 	-0.000228582
0.148574 	0.00287033 	-0.000447368 	-0.000229987
0.150075 	0.00288978 	-0.000453846 	-0.000231392
0.151576 	0.00290802 	-0.00045879 	-0.000231969
0.153077 	0.00292549 	-0.000462752 	-0.000232016
0.154577 	0.00294295 	-0.000466715 	-0.000232063
0.156078 	0.00296042 	-0.000470677 	-0.000232111
0.157579 	0.00297788 	-0.000474639 	-0.000232158
0.15908 	0.00299562 	-0.000479082 	-0.000232396
0.16058 	0.00301388 	-0.00048443 	-0.000232997
0.162081 	0.00303215 	-0.000489779 	-0.000233597
0.163582 	0.00305041 	-0.000495128 	-0.000234197
0.165083 	0.00306911 	-0.000501632 	-0.00023559
0.166583 	0.00308784 	-0.00050819 	-0.000237019
0.168084 	0.00310657 	-0.000514748 	-0.000238448
0.169585 	0.0031253 	-0.000521305 	-0.000239878
0.171086 	0.00314403 	-0.000527863 	-0.000241307
0.172586 	0.00316153 	-0.000532935 	-0.000241785
0.174087 	0.00317846 	-0.000537325 	-0.000241827
0.175588 	0.0031954 	-0.000541715 	-0.000241868
0.177089 	0.00321233 	-0.000546105 	-0.00024191
0.178589 	0.00322926 	-0.000550494 	-0.000241951
0.18009 	0.0032462 	-0.000554888 	-0.000241994
0.181591 	0.00326418 	-0.000560293 	-0.000242525
0.183092 	0.00328216 	-0.000565699 	-0.000243057
0.184592 	0.00330014 	-0.000571104 	-0.000243588
0.186093 	0.00331845 	-0.000576889 	-0.0002444
0.187594 	0.00333722 	-0.00058319 	-0.000245595
0.189095 	0.003356 	-0.000589491 	-0.00024679
0.190595 	0.00337477 	-0.000595792 	-0.000247985
0.192096 	0.00339354 	-0.000602093 	-0.00024918
0.193597 	0.00341231 	-0.000608394 	-0.000250375
0.195098 	0.00342967 	-0.000613688 	-0.000250737
0.196598 	0.00344651 	-0.000618614 	-0.000250796
0.198099 	0.00346336 	-0.00062354 	-0.000250856
0.1996 	0.00348021 	-0.000628466 	-0.000250915
0.201101 	0.00349705 	-0.000633393 	-0.000250974
0.202601 	0.0035139 	-0.000638319 	-0.000251034
0.204102 	0.00353149 	-0.000643544 	-0.000251361
0.205603 	0.00354958 	-0.000648965 	-0.000251863
0.207104 	0.00356766 	-0.000654386 	-0.000252365
0.208604 	0.00358574 	-0.000659807 	-0.000252867
0.210105 	0.0036047 	-0.000665614 	-0.000253781
0.211606 	0.00362384 	-0.000671496 	-0.000254777
0.213107 	0.00364297 	-0.000677379 	-0.000255773
0.214607 	0.00366211 	-0.000683262 	-0.000256769
0.216108 	0.00368124 	-0.000689145 	-0.000257765
0.217609 	0.00370037 	-0.000695028 	-0.00025876
0.21911 	0.00371835 	-0.000700542 	-0.00025914
0.22061 	0.00373581 	-0.000705895 	-0.000259251
0.222111 	0.00375327 	-0.000711248 	-0.000259361
0.223612 	0.00377074 	-0.000716601 	-0.000259472
0.225113 	0.0037882 	-0.000721953 	-0.000259583
0.226613 	0.00380566 	-0.000727306 	-0.000259693
0.228114 	0.00382321 	-0.000732662 	-0.000259824
0.229615 	0.0038416 	-0.000738056 	-0.000260158
0.231116 	0.00385998 	-0.000743449 	-0.000260493
0.232616 	0.00387837 	-0.000748843 	-0.000260827
0.234117 	0.00389687 	-0.000754255 	-0.000261192
0.235618 	0.00391613 	-0.000759785 	-0.00026176
0.237119 	0.0039354 	-0.000765315 	-0.000262329
0.238619 	0.00395466 	-0.000770845 	-0.000262897
0.24012 	0.00397392 	-0.000776375 	-0.000263466
0.241621 	0.00399319 	-0.000781906 	-0.000264034
0.243122 	0.00401245 	-0.000787436 	-0.000264602
0.244622 	0.00403138 	-0.000792957 	-0.000264817
0.246123 	0.00404999 	-0.00079847 	-0.000264702
0.247624 	0.00406861 	-0.000803982 	-0.000264588
0.249125 	0.00408722 	-0.000809495 	-0.000264473
0.250625 	0.00410583 	-0.000815008 	-0.000264358
0.252126 	0.00412445 	-0.000820521 	-0.000264244
0.253627 	0.00414306 	-0.000826033 	-0.000264129
0.255128 	0.00416169 	-0.000831457 	-0.000263998
0.256628 	0.00418034 	-0.00083675 	-0.000263844
0.258129 	0.00419899 	-0.000842044 	-0.000263689
0.25963 	0.00421764 	-0.000847337 	-0.000263534
0.261131 	0.00423637 	-0.000852643 	-0.0002634
0.262631 	0.00425529 	-0.000857983 	-0.000263321
0.264132 	0.00427422 	-0.000863324 	-0.000263243
0.265633 	0.00429315 	-0.000868664 	-0.000263165
0.267134 	0.00431207 	-0.000874004 	-0.000263086
0.268634 	0.004331 	-0.000879345 	-0.000263008
0.270135 	0.00434993 	-0.000884685 	-0.000262929
0.271636 	0.00436894 	-0.00089004 	-0.000262811
0.273137 	0.0043885 	-0.000895483 	-0.000262455
0.274637 	0.00440806 	-0.000900926 	-0.000262099
0.276138 	0.00442761 	-0.000906369 	-0.000261742
0.277639 	0.00444717 	-0.000911812 	-0.000261386
0.27914 	0.00446673 	-0.000917255 	-0.00026103
0.28064 	0.00448628 	-0.000922698 	-0.000260674
0.282141 	0.00450584 	-0.000928141 	-0.000260318
0.283642 	0.00452507 	-0.000933415 	-0.000259737
0.285143 	0.00454396 	-0.000938517 	-0.000258928
0.286643 	0.00456285 	-0.00094362 	-0.000258119
0.288144 	0.00458174 	-0.000948722 	-0.000257309
0.289645 	0.00460061 	-0.000953845 	-0.000256471
0.291146 	0.00461939 	-0.000959062 	-0.000255493
0.292646 	0.00463816 	-0.000964278 	-0.000254515
0.294147 	0.00465693 	-0.000969495 	-0.000253537
0.295648 	0.00467571 	-0.000974712 	-0.000252559
0.297149 	0.00469448 	-0.000979929 	-0.000251581
0.298649 	0.00471325 	-0.000985145 	-0.000250604
0.30015 	0.00473203 	-0.000990362 	-0.000249626
0.301651 	0.00475139 	-0.00099559 	-0.00024873
0.303152 	0.00477129 	-0.00100083 	-0.000247912
0.304652 	0.0047912 	-0.00100607 	-0.000247093
0.306153 	0.00481111 	-0.00101131 	-0.000246274
0.307654 	0.00483101 	-0.00101655 	-0.000245455
0.309155 	0.00485092 	-0.00102179 	-0.000244637
0.310655 	0.00487082 	-0.00102703 	-0.000243818
0.312156 	0.00489073 	-0.00103226 	-0.000242999
0.313657 	0.00491042 	-0.0010374 	-0.000242032
0.315158 	0.00492963 	-0.0010423 	-0.000240725
0.316658 	0.00494884 	-0.00104719 	-0.000239418
0.318159 	0.00496805 	-0.00105209 	-0.000238112
0.31966 	0.00498726 	-0.00105698 	-0.000236805
0.321161 	0.0050065 	-0.00106206 	-0.000235238
0.322661 	0.00502574 	-0.00106718 	-0.000233614
0.324162 	0.00504498 	-0.0010723 	-0.000231989
0.325663 	0.00506422 	-0.00107742 	-0.000230364
0.327164 	0.00508347 	-0.00108254 	-0.00022874
0.328664 	0.00510271 	-0.00108766 	-0.000227115
0.330165 	0.00512195 	-0.00109278 	-0.00022549
0.331666 	0.00514119 	-0.0010979 	-0.000223866
0.333167 	0.0051609 	-0.00110297 	-0.000222326
0.334667 	0.00518094 	-0.00110802 	-0.000220846
0.336168 	0.00520098 	-0.00111306 	-0.000219367
0.337669 	0.00522102 	-0.0011181 	-0.000217887
0.33917 	0.00524106 	-0.00112314 	-0.000216407
0.34067 	0.0052611 	-0.00112818 	-0.000214927
0.342171 	0.00528114 	-0.00113322 	-0.000213448
0.343672 	0.00530118 	-0.00113826 	-0.000211968
0.345173 	0.00532122 	-0.0011433 	-0.000210488
0.346673 	0.00534113 	-0.00114813 	-0.000209113
0.348174 	0.005361 	-0.00115289 	-0.000207768
0.349675 	0.00538088 	-0.00115766 	-0.000206423
0.351176 	0.00540076 	-0.00116243 	-0.000205078
0.352676 	0.0054207 	-0.00116723 	-0.000203707
0.354177 	0.00544108 	-0.00117225 	-0.000202171
0.355678 	0.00546145 	-0.00117727 	-0.000200635
0.357179 	0.00548183 	-0.00118229 	-0.000199098
0.358679 	0.00550221 	-0.00118732 	-0.000197562
0.36018 	0.00552258 	-0.00119234 	-0.000196026
0.361681 	0.00554296 	-0.00119736 	-0.00019449
0.363182 	0.00556334 	-0.00120238 	-0.000192953
0.364682 	0.00558371 	-0.0012074 	-0.000191417
0.366183 	0.00560424 	-0.00121242 	-0.000189829
0.367684 	0.00562511 	-0.0012174 	-0.000188126
0.369185 	0.00564597 	-0.00122239 	-0.000186422
0.370685 	0.00566684 	-0.00122737 	-0.000184719
0.372186 	0.00568771 	-0.00123236 	-0.000183015
0.373687 	0.00570857 	-0.00123734 	-0.000181312
0.375188 	0.00572944 	-0.00124233 	-0.000179608
0.376688 	0.00575031 	-0.00124732 	-0.000177905
0.378189 	0.00577117 	-0.0012523 	-0.000176201
0.37969 	0.00579204 	-0.00125729 	-0.000174498
0.381191 	0.00581283 	-0.00126197 	-0.000173285
0.382691 	0.00583361 	-0.00126661 	-0.000172149
0.384192 	0.00585439 	-0.00127124 	-0.000171012
0.385693 	0.00587517 	-0.00127588 	-0.000169875
0.387194 	0.005896 	-0.00128052 	-0.000168736
0.388694 	0.00591735 	-0.00128528 	-0.000167574
0.390195 	0.0059387 	-0.00129003 	-0.000166412
0.391696 	0.00596005 	-0.00129478 	-0.00016525
0.393197 	0.0059814 	-0.00129954 	-0.000164087
0.394697 	0.00600276 	-0.00130429 	-0.000162925
0.396198 	0.00602411 	-0.00130904 	-0.000161763
0.397699 	0.00604546 	-0.00131379 	-0.000160601
0.3992 	0.00606681 	-0.00131855 	-0.000159439
0.4007 	0.00608816 	-0.0013233 	-0.000158276
0.402201 	0.00610971 	-0.00132815 	-0.000156754
0.403702 	0.00613138 	-0.00133306 	-0.000155019
0.405203 	0.00615305 	-0.00133797 	-0.000153285
0.406703 	0.00617472 	-0.00134288 	-0.00015155
0.408204 	0.00619639 	-0.00134779 	-0.000149815
0.409705 	0.00621806 	-0.0013527 	-0.000148081
0.411206 	0.00623973 	-0.0013576 	-0.000146346
0.412706 	0.0062614 	-0.00136251 	-0.000144611
0.414207 	0.00628307 	-0.00136742 	-0.000142877
0.415708 	0.00630474 	-0.00137233 	-0.000141142
0.417209 	0.00632645 	-0.00137699 	-0.00013986
0.418709 	0.00634818 	-0.00138144 	-0.00013898
0.42021 	0.00636992 	-0.00138588 	-0.000138099
0.421711 	0.00639165 	-0.00139033 	-0.000137219
0.423212 	0.00641339 	-0.00139477 	-0.000136339
0.424712 	0.00643564 	-0.00139917 	-0.000135766
0.426213 	0.0064582 	-0.00140354 	-0.000135371
0.427714 	0.00648075 	-0.00140792 	-0.000134975
0.429215 	0.00650331 	-0.00141229 	-0.00013458
0.430715 	0.00652587 	-0.00141666 	-0.000134185
0.432216 	0.00654842 	-0.00142104 	-0.00013379
0.433717 	0.00657098 	-0.00142541 	-0.000133394
0.435218 	0.00659353 	-0.00142979 	-0.000132999
0.436718 	0.00661609 	-0.00143416 	-0.000132604
0.438219 	0.00663864 	-0.00143853 	-0.000132208
0.43972 	0.00666105 	-0.001443 	-0.00013126
0.441221 	0.00668333 	-0.00144754 	-0.000129792
0.442721 	0.0067056 	-0.00145208 	-0.000128323
0.444222 	0.00672787 	-0.00145663 	-0.000126854
0.445723 	0.00675014 	-0.00146117 	-0.000125386
0.447224 	0.00677241 	-0.00146571 	-0.000123917
0.448724 	0.00679469 	-0.00147026 	-0.000122448
0.450225 	0.00681696 	-0.0014748 	-0.00012098
0.451726 	0.00683923 	-0.00147934 	-0.000119511
0.453227 	0.0068615 	-0.00148389 	-0.000118042
0.454727 	0.00688377 	-0.00148843 	-0.000116574
0.456228 	0.00690654 	-0.00149275 	-0.000115597
0.457729 	0.0069295 	-0.00149698 	-0.000114805
0.45923 	0.00695247 	-0.00150122 	-0.000114013
0.46073 	0.00697543 	-0.00150545 	-0.000113222
0.462231 	0.00699839 	-0.00150968 	-0.00011243
0.463732 	0.00702233 	-0.00151387 	-0.000112123
0.465233 	0.00704662 	-0.00151804 	-0.000111987
0.466733 	0.0070709 	-0.00152221 	-0.000111851
0.468234 	0.00709519 	-0.00152637 	-0.000111715
0.469735 	0.00711948 	-0.00153054 	-0.000111579
0.471236 	0.00714377 	-0.00153471 	-0.000111443
0.472736 	0.00716806 	-0.00153888 	-0.000111307
0.474237 	0.00719234 	-0.00154305 	-0.000111171
0.475738 	0.00721663 	-0.00154722 	-0.000111035
0.477239 	0.00724092 	-0.00155138 	-0.000110899
0.478739 	0.00726521 	-0.00155555 	-0.000110763
0.48024 	0.00728874 	-0.00155966 	-0.00010946
0.481741 	0.00731221 	-0.00156376 	-0.00010807
0.483242 	0.00733569 	-0.00156786 	-0.000106679
0.484742 	0.00735917 	-0.00157196 	-0.000105289
0.486243 	0.00738264 	-0.00157606 	-0.000103899
0.487744 	0.00740612 	-0.00158017 	-0.000102508
0.489245 	0.00742959 	-0.00158427 	-0.000101118
0.490745 	0.00745307 	-0.00158837 	-9.97278e-05
0.492246 	0.00747654 	-0.00159247 	-9.83374e-05
0.493747 	0.00750002 	-0.00159657 	-9.69471e-05
0.495248 	0.00752349 	-0.00160068 	-9.55568e-05
0.496748 	0.0075472 	-0.00160473 	-9.44045e-05
0.498249 	0.00757122 	-0.00160873 	-9.35726e-05
0.49975 	0.00759523 	-0.00161272 	-9.27407e-05
0.501251 	0.00761925 	-0.00161671 	-9.19087e-05
0.502751 	0.00764326 	-0.00162071 	-9.10768e-05
0.504252 	0.00766767 	-0.00162471 	-9.04972e-05
0.505753 	0.00769273 	-0.00162874 	-9.03362e-05
0.507254 	0.00771779 	-0.00163278 	-9.01752e-05
0.508754 	0.00774285 	-0.00163681 	-9.00142e-05
0.510255 	0.00776791 	-0.00164084 	-8.98533e-05
0.511756 	0.00779298 	-0.00164487 	-8.96923e-05
0.513257 	0.00781804 	-0.0016489 	-8.95313e-05
0.514757 	0.0078431 	-0.00165293 	-8.93703e-05
0.516258 	0.00786816 	-0.00165696 	-8.92093e-05
0.517759 	0.00789322 	-0.00166099 	-8.90483e-05
0.51926 	0.00791828 	-0.00166502 	-8.88873e-05
0.52076 	0.00794334 	-0.00166905 	-8.87263e-05
0.522261 	0.00796757 	-0.00167289 	-8.78819e-05
0.523762 	0.00799166 	-0.00167671 	-8.69172e-05
0.525263 	0.00801575 	-0.00168052 	-8.59524e-05
0.526763 	0.00803984 	-0.00168434 	-8.49877e-05
0.528264 	0.00806393 	-0.00168815 	-8.40229e-05
0.529765 	0.00808801 	-0.00169196 	-8.30581e-05
0.531266 	0.0081121 	-0.00169578 	-8.20934e-05
0.532766 	0.00813619 	-0.00169959 	-8.11286e-05
0.534267 	0.00816028 	-0.00170341 	-8.01638e-05
0.535768 	0.00818437 	-0.00170722 	-7.91991e-05
0.537269 	0.00820845 	-0.00171104 	-7.82343e-05
0.538769 	0.00823254 	-0.00171485 	-7.72696e-05
0.54027 	0.00825493 	-0.00171834 	-7.64428e-05
0.541771 	0.00827621 	-0.00172161 	-7.57061e-05
0.543272 	0.00829749 	-0.00172489 	-7.49694e-05
0.544772 	0.00831878 	-0.00172816 	-7.42327e-05
0.546273 	0.00834006 	-0.00173143 	-7.34959e-05
0.547774 	0.00836009 	-0.00173446 	-7.29561e-05
0.549275 	0.008379 	-0.00173726 	-7.2594e-05
0.550775 	0.0083979 	-0.00174006 	-7.22319e-05
0.552276 	0.00841681 	-0.00174286 	-7.18698e-05
0.553777 	0.00843572 	-0.00174566 	-7.15077e-05
0.555278 	0.00845463 	-0.00174846 	-7.11457e-05
0.556778 	0.00847353 	-0.00175126 	-7.07836e-05
0.558279 	0.00849244 	-0.00175407 	-7.04215e-05
0.55978 	0.00851135 	-0.00175687 	-7.00594e-05
0.561281 	0.00853026 	-0.00175967 	-6.96973e-05
0.562781 	0.00854916 	-0.00176247 	-6.93353e-05
0.564282 	0.00856807 	-0.00176527 	-6.89732e-05
0.565783 	0.00858677 	-0.00176803 	-6.85442e-05
0.567284 	0.00860485 	-0.00177065 	-6.79214e-05
0.568784 	0.00862294 	-0.00177327 	-6.72986e-05
0.570285 	0.00864103 	-0.0017759 	-6.66759e-05
0.571786 	0.00865912 	-0.00177852 	-6.60531e-05
0.573287 	0.0086772 	-0.00178114 	-6.54304e-05
0.574787 	0.00869529 	-0.00178377 	-6.48076e-05
0.576288 	0.00871338 	-0.00178639 	-6.41849e-05
0.577789 	0.00873146 	-0.00178902 	-6.35621e-05
0.57929 	0.00874955 	-0.00179164 	-6.29393e-05
0.58079 	0.00876764 	-0.00179426 	-6.23166e-05
0.582291 	0.00878573 	-0.00179689 	-6.16938e-05
0.583792 	0.00880381 	-0.00179951 	-6.10711e-05
0.585293 	0.00882286 	-0.00180223 	-6.04115e-05
0.586793 	0.0088448 	-0.00180524 	-5.96404e-05
0.588294 	0.00886675 	-0.00180824 	-5.88693e-05
0.589795 	0.00888869 	-0.00181125 	-5.80983e-05
0.591296 	0.00891063 	-0.00181425 	-5.73272e-05
0.592796 	0.00893339 	-0.00181733 	-5.65503e-05
0.594297 	0.00895995 	-0.00182073 	-5.57464e-05
0.595798 	0.00898651 	-0.00182413 	-5.49424e-05
0.597299 	0.00901307 	-0.00182753 	-5.41385e-05
0.598799 	0.00903963 	-0.00183094 	-5.33345e-05
0.6003 	0.00906619 	-0.00183434 	-5.25306e-05
0.601801 	0.00909275 	-0.00183774 	-5.17266e-05
0.603302 	0.00911931 	-0.00184114 	-5.09227e-05
0.604802 	0.00914587 	-0.00184454 	-5.01187e-05
0.606303 	0.00917243 	-0.00184795 	-4.93148e-05
0.607804 	0.00919899 	-0.00185135 	-4.85108e-05
0.609305 	0.00922555 	-0.00185475 	-4.77069e-05
0.610805 	0.00925211 	-0.00185815 	-4.69029e-05
0.612306 	0.0092785 	-0.00186152 	-4.61059e-05
0.613807 	0.00930389 	-0.00186472 	-4.53502e-05
0.615308 	0.00932928 	-0.00186791 	-4.45946e-05
0.616808 	0.00935468 	-0.00187111 	-4.38389e-05
0.618309 	0.00938007 	-0.0018743 	-4.30832e-05
0.61981 	0.00940546 	-0.0018775 	-4.23276e-05
0.621311 	0.00943085 	-0.00188069 	-4.15719e-05
0.622811 	0.00945624 	-0.00188389 	-4.08162e-05
0.624312 	0.00948164 	-0.00188708 	-4.00605e-05
0.625813 	0.00950703 	-0.00189027 	-3.93049e-05
0.627314 	0.00953242 	-0.00189347 	-3.85492e-05
0.628814 	0.00955781 	-0.00189666 	-3.77935e-05
0.630315 	0.0095832 	-0.00189986 	-3.70379e-05
0.631816 	0.0096086 	-0.00190305 	-3.62822e-05
0.633317 	0.00963429 	-0.0019062 	-3.54877e-05
0.634817 	0.00966054 	-0.00190925 	-3.46217e-05
0.636318 	0.0096868 	-0.0019123 	-3.37557e-05
0.637819 	0.00971305 	-0.00191536 	-3.28897e-05
0.63932 	0.0097393 	-0.00191841 	-3.20237e-05
0.64082 	0.00976621 	-0.00192142 	-3.1111e-05
0.642321 	0.00979445 	-0.00192435 	-3.01037e-05
0.643822 	0.00982269 	-0.00192727 	-2.90963e-05
0.645323 	0.00985093 	-0.0019302 	-2.8089e-05
0.646823 	0.00987917 	-0.00193312 	-2.70816e-05
0.648324 	0.00990741 	-0.00193605 	-2.60743e-05
0.649825 	0.00993565 	-0.00193897 	-2.5067e-05
0.651326 	0.00996388 	-0.0019419 	-2.40596e-05
0.652826 	0.00999212 	-0.00194482 	-2.30523e-05
0.654327 	0.0100204 	-0.00194775 	-2.2045e-05
0.655828 	0.0100486 	-0.00195067 	-2.10376e-05
0.657329 	0.0100768 	-0.00195359 	-2.00303e-05
0.658829 	0.0101051 	-0.00195652 	-1.9023e-05
0.66033 	0.0101333 	-0.00195944 	-1.80156e-05
0.661831 	0.0101609 	-0.00196224 	-1.7168e-05
0.663332 	0.010188 	-0.00196492 	-1.64722e-05
0.664832 	0.010215 	-0.0019676 	-1.57763e-05
0.666333 	0.010242 	-0.00197028 	-1.50805e-05
0.667834 	0.010269 	-0.00197296 	-1.43847e-05
0.669335 	0.010296 	-0.00197564 	-1.36889e-05
0.670835 	0.0103231 	-0.00197832 	-1.2993e-05
0.672336 	0.0103501 	-0.001981 	-1.22972e-05
0.673837 	0.0103771 	-0.00198368 	-1.16014e-05
0.675338 	0.0104041 	-0.00198636 	-1.09055e-05
0.676838 	0.0104311 	-0.00198904 	-1.02097e-05
0.678339 	0.0104582 	-0.00199172 	-9.51386e-06
0.67984 	0.0104852 	-0.0019944 	-8.81803e-06
0.681341 	0.0105122 	-0.00199708 	-8.1222e-06
0.682841 	0.0105392 	-0.00199976 	-7.42637e-06
0.684342 	0.010567 	-0.00200235 	-6.37353e-06
0.685843 	0.010595 	-0.00200494 	-5.29136e-06
0.687344 	0.0106229 	-0.00200752 	-4.20919e-06
0.688844 	0.0106508 	-0.00201011 	-3.12702e-06
0.690345 	0.0106787 	-0.0020127 	-2.04486e-06
0.691846 	0.0107085 	-0.00201522 	-6.78988e-07
0.693347 	0.0107384 	-0.00201774 	6.87564e-07
0.694847 	0.0107682 	-0.00202025 	2.05412e-06
0.696348 	0.0107981 	-0.00202277 	3.42067e-06
0.697849 	0.0108279 	-0.00202529 	4.78722e-06
0.69935 	0.0108578 	-0.00202781 	6.15377e-06
0.70085 	0.0108876 	-0.00203033 	7.52032e-06
0.702351 	0.0109175 	-0.00203285 	8.88687e-06
0.703852 	0.0109473 	-0.00203536 	1.02534e-05
0.705353 	0.0109772 	-0.00203788 	1.162e-05
0.706853 	0.011007 	-0.0020404 	1.29865e-05
0.708354 	0.0110369 	-0.00204292 	1.43531e-05
0.709855 	0.0110667 	-0.00204544 	1.57196e-05
0.711356 	0.0110966 	-0.00204796 	1.70862e-05
0.712856 	0.011126 	-0.00205034 	1.82384e-05
0.714357 	0.0111546 	-0.00205249 	1.90431e-05
0.715858 	0.0111833 	-0.00205465 	1.98478e-05
0.717359 	0.011212 	-0.0020568 	2.06525e-05
0.718859 	0.0112407 	-0.00205896 	2.14573e-05
0.72036 	0.0112693 	-0.00206111 	2.2262e-05
0.721861 	0.011298 	-0.00206327 	2.30667e-05
0.723362 	0.0113267 	-0.00206542 	2.38714e-05
0.724862 	0.0113554 	-0.00206758 	2.46761e-05
0.726363 	0.011384 	-0.00206973 	2.54808e-05
0.727864 	0.0114127 	-0.00207189 	2.62855e-05
0.729365 	0.0114414 	-0.00207404 	2.70902e-05
0.730865 	0.0114701 	-0.0020762 	2.78949e-05
0.732366 	0.0114988 	-0.00207835 	2.86997e-05
0.733867 	0.0115274 	-0.00208051 	2.95044e-05
0.735368 	0.0115561 	-0.00208266 	3.03091e-05
0.736868 	0.0115854 	-0.00208479 	3.15832e-05
0.738369 	0.0116148 	-0.00208691 	3.28642e-05
0.73987 	0.0116441 	-0.00208903 	3.41452e-05
0.741371 	0.0116734 	-0.00209115 	3.54262e-05
0.742871 	0.011703 	-0.00209329 	3.67959e-05
0.744372 	0.0117337 	-0.00209546 	3.85143e-05
0.745873 	0.0117644 	-0.00209764 	4.02327e-05
0.747374 	0.0117951 	-0.00209981 	4.1951e-05
0.748874 	0.0118259 	-0.00210199 	4.36694e-05
0.750375 	0.0118566 	-0.00210416 	4.53877e-05
0.751876 	0.0118873 	-0.00210634 	4.71061e-05
0.753377 	0.011918 	-0.00210852 	4.88245e-05
0.754877 	0.0119487 	-0.00211069 	5.05428e-05
0.756378 	0.0119794 	-0.00211287 	5.22612e-05
0.757879 	0.0120101 	-0.00211504 	5.39795e-05
0.75938 	0.0120408 	-0.00211722 	5.56979e-05
0.76088 	0.0120715 	-0.00211939 	5.74163e-05
0.762381 	0.0121022 	-0.00212157 	5.91346e-05
0.763882 	0.012133 	-0.00212374 	6.0853e-05
0.765383 	0.0121637 	-0.00212592 	6.25713e-05
0.766883 	0.0121938 	-0.00212785 	6.38585e-05
0.768384 	0.0122237 	-0.00212971 	6.50227e-05
0.769885 	0.0122536 	-0.00213158 	6.6187e-05
0.771386 	0.0122835 	-0.00213344 	6.73513e-05
0.772886 	0.0123134 	-0.0021353 	6.85155e-05
0.774387 	0.0123433 	-0.00213716 	6.96798e-05
0.775888 	0.0123733 	-0.00213903 	7.0844e-05
0.777389 	0.0124032 	-0.00214089 	7.20083e-05
0.778889 	0.0124331 	-0.00214275 	7.31725e-05
0.78039 	0.012463 	-0.00214461 	7.43368e-05
0.781891 	0.0124929 	-0.00214648 	7.55011e-05
0.783392 	0.0125228 	-0.00214834 	7.66653e-05
0.784892 	0.0125527 	-0.0021502 	7.78296e-05
0.786393 	0.0125827 	-0.00215206 	7.89938e-05
0.787894 	0.0126126 	-0.00215393 	8.01581e-05
0.789395 	0.0126425 	-0.00215579 	8.13223e-05
0.790895 	0.0126721 	-0.0021575 	8.24838e-05
0.792396 	0.0127014 	-0.00215911 	8.36433e-05
0.793897 	0.0127307 	-0.00216072 	8.48027e-05
0.795398 	0.0127601 	-0.00216232 	8.59622e-05
0.796898 	0.0127894 	-0.00216393 	8.71216e-05
0.798399 	0.012819 	-0.00216541 	8.83315e-05
0.7999 	0.0128485 	-0.00216688 	8.95423e-05
0.801401 	0.0128781 	-0.00216836 	9.0753e-05
0.802901 	0.0129076 	-0.00216984 	9.19638e-05
0.804402 	0.0129372 	-0.00217131 	9.31745e-05
0.805903 	0.0129667 	-0.00217279 	9.43853e-05
0.807404 	0.0129963 	-0.00217426 	9.55961e-05
0.808904 	0.0130259 	-0.00217574 	9.68068e-05
0.810405 	0.0130554 	-0.00217722 	9.80176e-05
0.811906 	0.013085 	-0.00217869 	9.92283e-05
0.813407 	0.0131145 	-0.00218017 	0.000100439
0.814907 	0.0131441 	-0.00218164 	0.00010165
0.816408 	0.0131736 	-0.00218312 	0.000102861
0.817909 	0.0132032 	-0.0021846 	0.000104071
0.81941 	0.0132327 	-0.00218607 	0.000105282
0.82091 	0.0132623 	-0.00218755 	0.000106493
0.822411 	0.0132914 	-0.00218902 	0.000107397
0.823912 	0.0133203 	-0.0021905 	0.000108197
0.825413 	0.0133492 	-0.00219198 	0.000108997
0.826913 	0.0133781 	-0.00219345 	0.000109797
0.828414 	0.013407 	-0.00219493 	0.000110597
0.829915 	0.0134359 	-0.00219641 	0.000111397
0.831416 	0.0134648 	-0.00219788 	0.000112197
0.832916 	0.0134937 	-0.00219936 	0.000112997
0.834417 	0.0135226 	-0.00220084 	0.000113797
0.835918 	0.0135515 	-0.00220231 	0.000114597
0.837419 	0.0135805 	-0.00220379 	0.000115397
0.838919 	0.0136094 	-0.00220527 	0.000116197
0.84042 	0.0136383 	-0.00220674 	0.000116997
0.841921 	0.0136672 	-0.00220822 	0.000117796
0.843422 	0.0136961 	-0.0022097 	0.000118596
0.844922 	0.013725 	-0.00221117 	0.000119396
0.846423 	0.0137539 	-0.00221265 	0.000120196
0.847924 	0.0137826 	-0.00221381 	0.000120827
0.849425 	0.0138111 	-0.00221484 	0.000121394
0.850925 	0.0138397 	-0.00221588 	0.000121961
0.852426 	0.0138683 	-0.00221691 	0.000122528
0.853927 	0.0138963 	-0.00221777 	0.000122989
0.855428 	0.0139234 	-0.00221837 	0.000123283
0.856928 	0.0139505 	-0.00221897 	0.000123577
0.858429 	0.0139777 	-0.00221957 	0.000123871
0.85993 	0.0140048 	-0.00222016 	0.000124164
0.861431 	0.0140319 	-0.00222076 	0.000124458
0.862931 	0.0140591 	-0.00222136 	0.000124752
0.864432 	0.0140862 	-0.00222196 	0.000125046
0.865933 	0.0141134 	-0.00222255 	0.00012534
0.867434 	0.0141405 	-0.00222315 	0.000125634
0.868934 	0.0141676 	-0.00222375 	0.000125928
0.870435 	0.0141948 	-0.00222434 	0.000126221
0.871936 	0.0142219 	-0.00222494 	0.000126515
0.873437 	0.014249 	-0.00222554 	0.000126809
0.874937 	0.0142762 	-0.00222614 	0.000127103
0.876438 	0.0143033 	-0.00222673 	0.000127397
0.877939 	0.0143304 	-0.00222733 	0.000127691
0.87944 	0.0143587 	-0.00222804 	0.000127846
0.88094 	0.0143891 	-0.00222895 	0.000127732
0.882441 	0.0144195 	-0.00222986 	0.000127618
0.883942 	0.0144499 	-0.00223077 	0.000127504
0.885443 	0.0144803 	-0.00223169 	0.00012739
0.886943 	0.0145107 	-0.0022326 	0.000127276
0.888444 	0.014541 	-0.00223351 	0.000127162
0.889945 	0.0145714 	-0.00223443 	0.000127048
0.891446 	0.0146018 	-0.00223534 	0.000126934
0.892946 	0.0146322 	-0.00223625 	0.000126821
0.894447 	0.0146626 	-0.00223716 	0.000126707
0.895948 	0.014693 	-0.00223808 	0.000126593
0.897449 	0.0147234 	-0.00223899 	0.000126479
0.898949 	0.0147538 	-0.0022399 	0.000126365
0.90045 	0.0147842 	-0.00224082 	0.000126251
0.901951 	0.0148146 	-0.00224173 	0.000126137
0.903452 	0.014845 	-0.00224264 	0.000126023
0.904952 	0.0148754 	-0.00224356 	0.00012591
0.906453 	0.0149027 	-0.00224423 	0.000125784
0.907954 	0.0149271 	-0.0022447 	0.000125648
0.909455 	0.0149516 	-0.00224517 	0.000125512
0.910955 	0.0149761 	-0.00224563 	0.000125375
0.912456 	0.014998 	-0.00224586 	0.000125244
0.913957 	0.0150174 	-0.00224584 	0.000125118
0.915458 	0.0150367 	-0.00224583 	0.000124992
0.916958 	0.015056 	-0.00224581 	0.000124866
0.918459 	0.0150754 	-0.00224579 	0.00012474
0.91996 	0.0150947 	-0.00224577 	0.000124614
0.921461 	0.015114 	-0.00224575 	0.000124488
0.922961 	0.0151334 	-0.00224573 	0.000124362
0.924462 	0.0151527 	-0.00224571 	0.000124236
0.925963 	0.015172 	-0.00224569 	0.00012411
0.927464 	0.0151914 	-0.00224567 	0.000123984
0.928964 	0.0152107 	-0.00224565 	0.000123858
0.930465 	0.01523 	-0.00224564 	0.000123732
0.931966 	0.0152494 	-0.00224562 	0.000123606
0.933467 	0.0152687 	-0.0022456 	0.00012348
0.934967 	0.015288 	-0.00224558 	0.000123355
0.936468 	0.0153074 	-0.00224556 	0.000123229
0.937969 	0.0153267 	-0.00224554 	0.000123103
0.93947 	0.0153481 	-0.00224576 	0.000122782
0.94097 	0.0153708 	-0.00224611 	0.000122351
0.942471 	0.0153934 	-0.00224647 	0.00012192
0.943972 	0.015416 	-0.00224682 	0.00012149
0.945473 	0.0154386 	-0.00224718 	0.000121059
0.946973 	0.0154612 	-0.00224753 	0.000120628
0.948474 	0.0154838 	-0.00224789 	0.000120197
0.949975 	0.0155064 	-0.00224824 	0.000119766
0.951476 	0.0155291 	-0.0022486 	0.000119335
0.952976 	0.0155517 	-0.00224895 	0.000118904
0.954477 	0.0155743 	-0.00224931 	0.000118473
0.955978 	0.0155969 	-0.00224966 	0.000118042
0.957479 	0.0156195 	-0.00225001 	0.000117611
0.958979 	0.0156421 	-0.00225037 	0.00011718
0.96048 	0.0156648 	-0.00225072 	0.000116749
0.961981 	0.0156874 	-0.00225108 	0.000116318
0.963482 	0.01571 	-0.00225143 	0.000115887
0.964982 	0.0157326 	-0.00225179 	0.000115456
0.966483 	0.0157553 	-0.00225213 	0.000115022
0.967984 	0.01578 	-0.00225212 	0.000114494
0.969485 	0.0158047 	-0.00225211 	0.000113965
0.970985 	0.0158293 	-0.0022521 	0.000113437
0.972486 	0.0158557 	-0.00225195 	0.000112902
0.973987 	0.0158853 	-0.00225156 	0.000112356
0.975488 	0.0159149 	-0.00225116 	0.00011181
0.976988 	0.0159444 	-0.00225077 	0.000111265
0.978489 	0.015974 	-0.00225037 	0.000110719
0.97999 	0.0160035 	-0.00224997 	0.000110173
0.981491 	0.0160331 	-0.00224958 	0.000109627
0.982991 	0.0160627 	-0.00224918 	0.000109081
0.984492 	0.0160922 	-0.00224879 	0.000108535
0.985993 	0.0161218 	-0.00224839 	0.00010799
0.987494 	0.0161513 	-0.00224799 	0.000107444
0.988994 	0.0161809 	-0.0022476 	0.000106898
0.990495 	0.0162105 	-0.0022472 	0.000106352
0.991996 	0.01624 	-0.0022468 	0.000105806
0.993497 	0.0162696 	-0.00224641 	0.00010526
0.994997 	0.0162991 	-0.00224601 	0.000104715
0.996498 	0.0163287 	-0.00224562 	0.000104169
0.997999 	0.0163583 	-0.00224522 	0.000103623
0.9995 	0.0163878 	-0.00224482 	0.000103077
1.001 	0.0164168 	-0.00224461 	0.000102419
1.0025 	0.0164454 	-0.00224447 	0.000101717
1.004 	0.0164741 	-0.00224433 	0.000101015
1.0055 	0.0165028 	-0.00224419 	0.000100313
1.007 	0.0165315 	-0.00224405 	9.96115e-05
1.0085 	0.0165602 	-0.00224391 	9.89097e-05
1.01001 	0.0165889 	-0.00224377 	9.82078e-05
1.01151 	0.0166175 	-0.00224363 	9.7506e-05
1.01301 	0.0166462 	-0.00224349 	9.68041e-05
1.01451 	0.0166749 	-0.00224335 	9.61022e-05
1.01601 	0.0167036 	-0.00224321 	9.54004e-05
1.01751 	0.0167323 	-0.00224307 	9.46985e-05
1.01901 	0.016761 	-0.00224293 	9.39967e-05
1.02051 	0.0167897 	-0.00224279 	9.32948e-05
1.02201 	0.0168183 	-0.00224265 	9.2593e-05
1.02351 	0.016847 	-0.00224251 	9.18911e-05
1.02501 	0.0168757 	-0.00224237 	9.11893e-05
1.02651 	0.0169044 	-0.00224223 	9.04874e-05
1.02801 	0.0169331 	-0.00224209 	8.97856e-05
1.02951 	0.0169617 	-0.00224183 	8.90801e-05
1.03102 	0.0169903 	-0.00224136 	8.83681e-05
1.03252 	0.0170189 	-0.00224089 	8.76561e-05
1.03402 	0.0170475 	-0.00224038 	8.69414e-05
1.03552 	0.0170767 	-0.00223953 	8.61975e-05
1.03702 	0.0171059 	-0.00223867 	8.54535e-05
1.03852 	0.0171352 	-0.00223782 	8.47095e-05
1.04002 	0.0171644 	-0.00223696 	8.39656e-05
1.04152 	0.0171936 	-0.0022361 	8.32216e-05
1.04302 	0.0172228 	-0.00223525 	8.24776e-05
1.04452 	0.0172521 	-0.00223439 	8.17337e-05
1.04602 	0.0172813 	-0.00223354 	8.09897e-05
1.04752 	0.0173105 	-0.00223268 	8.02457e-05
1.04902 	0.0173397 	-0.00223182 	7.95018e-05
1.05053 	0.017369 	-0.00223097 	7.87578e-05
1.05203 	0.0173982 	-0.00223011 	7.80138e-05
1.05353 	0.0174274 	-0.00222926 	7.72699e-05
1.05503 	0.0174566 	-0.0022284 	7.65259e-05
1.05653 	0.0174859 	-0.00222754 	7.57819e-05
1.05803 	0.0175151 	-0.00222669 	7.5038e-05
1.05953 	0.0175443 	-0.00222583 	7.4294e-05
1.06103 	0.0175735 	-0.00222498 	7.355e-05
1.06253 	0.0176028 	-0.00222412 	7.28061e-05
1.06403 	0.0176315 	-0.00222338 	7.19793e-05
1.06553 	0.01766 	-0.00222269 	7.11154e-05
1.06703 	0.0176885 	-0.002222 	7.02515e-05
1.06853 	0.0177169 	-0.00222131 	6.93876e-05
1.07004 	0.0177454 	-0.00222062 	6.85237e-05
1.07154 	0.0177739 	-0.00221992 	6.76598e-05
1.07304 	0.0178024 	-0.00221923 	6.67959e-05
1.07454 	0.0178309 	-0.00221854 	6.5932e-05
1.07604 	0.0178594 	-0.00221785 	6.50681e-05
1.07754 	0.0178879 	-0.00221716 	6.42042e-05
1.07904 	0.0179164 	-0.00221647 	6.33403e-05
1.08054 	0.0179449 	-0.00221578 	6.24764e-05
1.08204 	0.0179734 	-0.00221509 	6.16125e-05
1.08354 	0.0180019 	-0.0022144 	6.07486e-05
1.08504 	0.0180303 	-0.00221371 	5.98847e-05
1.08654 	0.0180588 	-0.00221302 	5.90208e-05
1.08804 	0.0180873 	-0.00221233 	5.81569e-05
1.08954 	0.0181158 	-0.00221164 	5.7293e-05
1.09105 	0.0181443 	-0.00221095 	5.64291e-05
1.09255 	0.0181728 	-0.00221025 	5.55652e-05
1.09405 	0.0182006 	-0.0022094 	5.47268e-05
1.09555 	0.0182278 	-0.00220844 	5.39054e-05
1.09705 	0.0182551 	-0.00220747 	5.3084e-05
1.09855 	0.0182818 	-0.00220628 	5.22005e-05
1.10005 	0.0183083 	-0.00220503 	5.12997e-05
1.10155 	0.0183349 	-0.00220377 	5.03989e-05
1.10305 	0.0183614 	-0.00220252 	4.94981e-05
1.10455 	0.018388 	-0.00220126 	4.85973e-05
1.10605 	0.0184145 	-0.00220001 	4.76965e-05
1.10755 	0.0184411 	-0.00219875 	4.67957e-05
1.10905 	0.0184676 	-0.0021975 	4.58949e-05
1.11056 	0.0184941 	-0.00219624 	4.49941e-05
1.11206 	0.0185207 	-0.00219499 	4.40933e-05
1.11356 	0.0185472 	-0.00219373 	4.31925e-05
1.11506 	0.0185738 	-0.00219248 	4.22917e-05
1.11656 	0.0186003 	-0.00219123 	4.13909e-05
1.11806 	0.0186269 	-0.00218997 	4.04901e-05
1.11956 	0.0186534 	-0.00218872 	3.95893e-05
1.12106 	0.0186799 	-0.00218746 	3.86885e-05
1.12256 	0.0187065 	-0.00218621 	3.77877e-05
1.12406 	0.018733 	-0.00218495 	3.68869e-05
1.12556 	0.0187596 	-0.0021837 	3.59861e-05
1.12706 	0.0187861 	-0.00218244 	3.50853e-05
1.12856 	0.0188123 	-0.00218124 	3.41532e-05
1.13007 	0.0188384 	-0.00218006 	3.32052e-05
1.13157 	0.0188645 	-0.00217888 	3.22573e-05
1.13307 	0.0188906 	-0.0021777 	3.13094e-05
1.13457 	0.0189166 	-0.00217652 	3.03615e-05
1.13607 	0.0189427 	-0.00217534 	2.94136e-05
1.13757 	0.0189688 	-0.00217416 	2.84657e-05
1.13907 	0.0189949 	-0.00217298 	2.75178e-05
1.14057 	0.0190209 	-0.0021718 	2.65699e-05
1.14207 	0.019047 	-0.00217062 	2.5622e-05
1.14357 	0.0190731 	-0.00216944 	2.46741e-05
1.14507 	0.0190991 	-0.00216826 	2.37262e-05
1.14657 	0.0191252 	-0.00216708 	2.27783e-05
1.14807 	0.0191513 	-0.0021659 	2.18304e-05
1.14957 	0.0191774 	-0.00216472 	2.08825e-05
1.15108 	0.0192034 	-0.00216354 	1.99346e-05
1.15258 	0.0192295 	-0.00216236 	1.89867e-05
1.15408 	0.0192556 	-0.00216118 	1.80388e-05
1.15558 	0.0192817 	-0.00216 	1.70909e-05
1.15708 	0.0193077 	-0.00215882 	1.6143e-05
1.15858 	0.0193338 	-0.00215764 	1.51951e-05
1.16008 	0.0193585 	-0.00215632 	1.43234e-05
1.16158 	0.0193829 	-0.00215498 	1.34612e-05
1.16308 	0.0194068 	-0.00215355 	1.26421e-05
1.16458 	0.0194301 	-0.00215205 	1.18551e-05
1.16608 	0.0194534 	-0.00215055 	1.10682e-05
1.16758 	0.0194767 	-0.00214905 	1.02812e-05
1.16908 	0.0195001 	-0.00214755 	9.49425e-06
1.17059 	0.0195234 	-0.00214606 	8.7073e-06
1.17209 	0.0195467 	-0.00214456 	7.92034e-06
1.17359 	0.01957 	-0.00214306 	7.13339e-06
1.17509 	0.0195934 	-0.00214156 	6.34643e-06
1.17659 	0.0196167 	-0.00214006 	5.55948e-06
1.17809 	0.01964 	-0.00213856 	4.77252e-06
1.17959 	0.0196633 	-0.00213706 	3.98557e-06
1.18109 	0.0196867 	-0.00213556 	3.19861e-06
1.18259 	0.01971 	-0.00213406 	2.41165e-06
1.18409 	0.0197333 	-0.00213257 	1.6247e-06
1.18559 	0.0197566 	-0.00213107 	8.37743e-07
1.18709 	0.01978 	-0.00212957 	5.07878e-08
1.18859 	0.0198033 	-0.00212807 	-7.36168e-07
1.1901 	0.0198266 	-0.00212657 	-1.52312e-06
1.1916 	0.0198499 	-0.00212507 	-2.31008e-06
1.1931 	0.0198733 	-0.00212357 	-3.09703e-06
1.1946 	0.0198963 	-0.0021221 	-3.89019e-06
1.1961 	0.0199192 	-0.00212063 	-4.68516e-06
1.1976 	0.0199422 	-0.00211916 	-5.48013e-06
1.1991 	0.0199651 	-0.00211769 	-6.2751e-06
1.2006 	0.0199881 	-0.00211623 	-7.07008e-06
1.2021 	0.020011 	-0.00211476 	-7.86505e-06
1.2036 	0.0200339 	-0.00211329 	-8.66002e-06
1.2051 	0.0200569 	-0.00211182 	-9.45499e-06
1.2066 	0.0200798 	-0.00211035 	-1.025e-05
1.2081 	0.0201028 	-0.00210888 	-1.10449e-05
1.2096 	0.0201257 	-0.00210742 	-1.18399e-05
1.21111 	0.0201487 	-0.00210595 	-1.26349e-05
1.21261 	0.0201716 	-0.00210448 	-1.34299e-05
1.21411 	0.0201945 	-0.00210301 	-1.42248e-05
1.21561 	0.0202175 	-0.00210154 	-1.50198e-05
1.21711 	0.0202404 	-0.00210008 	-1.58148e-05
1.21861 	0.0202634 	-0.00209861 	-1.66097e-05
1.22011 	0.0202863 	-0.00209714 	-1.74047e-05
1.22161 	0.0203093 	-0.00209567 	-1.81997e-05
1.22311 	0.0203322 	-0.0020942 	-1.89947e-05
1.22461 	0.0203551 	-0.00209274 	-1.97896e-05
1.22611 	0.0203767 	-0.00209131 	-2.05341e-05
1.22761 	0.0203956 	-0.00208997 	-2.11898e-05
1.22911 	0.0204125 	-0.00208867 	-2.17256e-05
1.23062 	0.0204278 	-0.00208741 	-2.2177e-05
1.23212 	0.0204431 	-0.00208615 	-2.26284e-05
1.23362 	0.0204585 	-0.00208489 	-2.30798e-05
1.23512 	0.0204738 	-0.00208363 	-2.35312e-05
1.23662 	0.0204891 	-0.00208236 	-2.39825e-05
1.23812 	0.0205044 	-0.0020811 	-2.44339e-05
1.23962 	0.0205198 	-0.00207984 	-2.48853e-05
1.24112 	0.0205351 	-0.00207858 	-2.53367e-05
1.24262 	0.0205504 	-0.00207732 	-2.57881e-05
1.24412 	0.0205658 	-0.00207606 	-2.62395e-05
1.24562 	0.0205811 	-0.0020748 	-2.66909e-05
1.24712 	0.0205964 	-0.00207354 	-2.71423e-05
1.24862 	0.0206118 	-0.00207227 	-2.75937e-05
1.25013 	0.0206271 	-0.00207101 	-2.80451e-05
1.25163 	0.0206424 	-0.00206975 	-2.84964e-05
1.25313 	0.0206578 	-0.00206849 	-2.89478e-05
1.25463 	0.0206731 	-0.00206723 	-2.93992e-05
1.25613 	0.0206884 	-0.00206597 	-2.98506e-05
1.25763 	0.0207038 	-0.00206471 	-3.0302e-05
1.25913 	0.0207191 	-0.00206344 	-3.07534e-05
1.26063 	0.0207344 	-0.00206219 	-3.12149e-05
1.26213 	0.0207494 	-0.00206096 	-3.17321e-05
1.26363 	0.0207643 	-0.00205972 	-3.22494e-05
1.26513 	0.0207793 	-0.00205849 	-3.27666e-05
1.26663 	0.0207943 	-0.00205726 	-3.32838e-05
1.26813 	0.0208093 	-0.00205603 	-3.38011e-05
1.26963 	0.0208243 	-0.0020548 	-3.43183e-05
1.27114 	0.0208393 	-0.00205356 	-3.48355e-05
1.27264 	0.0208543 	-0.00205233 	-3.53528e-05
1.27414 	0.0208693 	-0.0020511 	-3.587e-05
1.27564 	0.0208843 	-0.00204987 	-3.63872e-05
1.27714 	0.0208992 	-0.00204864 	-3.69045e-05
1.27864 	0.0209142 	-0.0020474 	-3.74217e-05
1.28014 	0.0209292 	-0.00204617 	-3.79389e-05
1.28164 	0.0209442 	-0.00204494 	-3.84562e-05
1.28314 	0.0209592 	-0.00204371 	-3.89734e-05
1.28464 	0.0209742 	-0.00204248 	-3.94906e-05
1.28614 	0.0209892 	-0.00204124 	-4.00079e-05
1.28764 	0.0210042 	-0.00204001 	-4.05251e-05
1.28914 	0.0210192 	-0.00203878 	-4.10423e-05
1.29065 	0.0210341 	-0.00203755 	-4.15595e-05
1.29215 	0.0210491 	-0.00203632 	-4.20768e-05
1.29365 	0.0210645 	-0.00203503 	-4.25641e-05
1.29515 	0.0210818 	-0.00203348 	-4.29006e-05
1.29665 	0.0211015 	-0.00203153 	-4.2982e-05
1.29815 	0.0211213 	-0.00202957 	-4.30542e-05
1.29965 	0.0211412 	-0.00202761 	-4.31264e-05
1.30115 	0.021161 	-0.00202565 	-4.31986e-05
1.30265 	0.0211808 	-0.00202369 	-4.32708e-05
1.30415 	0.0212007 	-0.00202173 	-4.3343e-05
1.30565 	0.0212205 	-0.00201977 	-4.34152e-05
1.30715 	0.0212403 	-0.00201781 	-4.34874e-05
1.30865 	0.0212601 	-0.00201585 	-4.35596e-05
1.31016 	0.02128 	-0.00201389 	-4.36318e-05
1.31166 	0.0212998 	-0.00201193 	-4.3704e-05
1.31316 	0.0213196 	-0.00200996 	-4.37763e-05
1.31466 	0.0213395 	-0.002008 	-4.38485e-05
1.31616 	0.0213593 	-0.00200604 	-4.39207e-05
1.31766 	0.0213791 	-0.00200408 	-4.39929e-05
1.31916 	0.021399 	-0.00200212 	-4.40651e-05
1.32066 	0.0214188 	-0.00200016 	-4.41373e-05
1.32216 	0.0214386 	-0.0019982 	-4.42095e-05
1.32366 	0.0214584 	-0.00199624 	-4.42817e-05
1.32516 	0.0214783 	-0.00199428 	-4.43539e-05
1.32666 	0.0214981 	-0.00199232 	-4.44261e-05
1.32816 	0.0215179 	-0.00199035 	-4.44983e-05
1.32966 	0.0215375 	-0.00198843 	-4.4642e-05
1.33117 	0.021557 	-0.00198651 	-4.47888e-05
1.33267 	0.0215765 	-0.00198458 	-4.49356e-05
1.33417 	0.021596 	-0.00198266 	-4.50824e-05
1.33567 	0.0216155 	-0.00198074 	-4.52293e-05
1.33717 	0.021635 	-0.00197882 	-4.53761e-05
1.33867 	0.0216545 	-0.00197689 	-4.55229e-05
1.34017 	0.021674 	-0.00197497 	-4.56697e-05
1.34167 	0.0216935 	-0.00197305 	-4.58165e-05
1.34317 	0.021713 	-0.00197113 	-4.59633e-05
1.34467 	0.0217325 	-0.0019692 	-4.61102e-05
1.34617 	0.021752 	-0.00196728 	-4.6257e-05
1.34767 	0.0217715 	-0.00196536 	-4.64038e-05
1.34917 	0.021791 	-0.00196344 	-4.65506e-05
1.35068 	0.0218105 	-0.00196151 	-4.66974e-05
1.35218 	0.02183 	-0.00195959 	-4.68442e-05
1.35368 	0.0218495 	-0.00195767 	-4.69911e-05
1.35518 	0.021869 	-0.00195575 	-4.71379e-05
1.35668 	0.0218885 	-0.00195382 	-4.72847e-05
1.35818 	0.021908 	-0.0019519 	-4.74315e-05
1.35968 	0.0219275 	-0.00194998 	-4.75783e-05
1.36118 	0.021947 	-0.00194806 	-4.77251e-05
1.36268 	0.0219661 	-0.00194611 	-4.77602e-05
1.36418 	0.021984 	-0.00194401 	-4.73755e-05
1.36568 	0.0220018 	-0.0019419 	-4.69439e-05
1.36718 	0.0220196 	-0.00193978 	-4.65122e-05
1.36868 	0.0220374 	-0.00193766 	-4.60806e-05
1.37019 	0.0220551 	-0.00193555 	-4.56489e-05
1.37169 	0.0220729 	-0.00193343 	-4.52173e-05
1.37319 	0.0220907 	-0.00193131 	-4.47856e-05
1.37469 	0.0221085 	-0.00192919 	-4.4354e-05
1.37619 	0.0221263 	-0.00192708 	-4.39223e-05
1.37769 	0.0221441 	-0.00192496 	-4.34907e-05
1.37919 	0.0221619 	-0.00192284 	-4.3059e-05
1.38069 	0.0221796 	-0.00192072 	-4.26274e-05
1.38219 	0.0221974 	-0.00191861 	-4.21957e-05
1.38369 	0.0222152 	-0.00191649 	-4.17641e-05
1.38519 	0.022233 	-0.00191437 	-4.13324e-05
1.38669 	0.0222508 	-0.00191226 	-4.09007e-05
1.38819 	0.0222686 	-0.00191014 	-4.04691e-05
1.38969 	0.0222864 	-0.00190802 	-4.00374e-05
1.3912 	0.0223041 	-0.0019059 	-3.96058e-05
1.3927 	0.0223219 	-0.00190379 	-3.91741e-05
1.3942 	0.0223397 	-0.00190167 	-3.87425e-05
1.3957 	0.0223575 	-0.00189955 	-3.83108e-05
1.3972 	0.0223752 	-0.00189746 	-3.78899e-05
1.3987 	0.0223927 	-0.00189541 	-3.74896e-05
1.4002 	0.0224103 	-0.00189335 	-3.70893e-05
1.4017 	0.0224278 	-0.0018913 	-3.6689e-05
1.4032 	0.0224453 	-0.00188925 	-3.62887e-05
1.4047 	0.0224629 	-0.0018872 	-3.58883e-05
1.4062 	0.0224804 	-0.00188515 	-3.5488e-05
1.4077 	0.0224979 	-0.0018831 	-3.50877e-05
1.4092 	0.0225155 	-0.00188104 	-3.46874e-05
1.41071 	0.022533 	-0.00187899 	-3.4287e-05
1.41221 	0.0225505 	-0.00187694 	-3.38867e-05
1.41371 	0.0225681 	-0.00187489 	-3.34864e-05
1.41521 	0.0225856 	-0.00187284 	-3.30861e-05
1.41671 	0.0226031 	-0.00187079 	-3.26858e-05
1.41821 	0.0226206 	-0.00186873 	-3.22854e-05
1.41971 	0.0226382 	-0.00186668 	-3.18851e-05
1.42121 	0.0226557 	-0.00186463 	-3.14848e-05
1.42271 	0.0226732 	-0.00186258 	-3.10845e-05
1.42421 	0.0226908 	-0.00186053 	-3.06841e-05
1.42571 	0.0227083 	-0.00185848 	-3.02838e-05
1.42721 	0.0227258 	-0.00185642 	-2.98835e-05
1.42871 	0.0227434 	-0.00185437 	-2.94832e-05
1.43022 	0.0227609 	-0.00185232 	-2.90828e-05
1.43172 	0.0227776 	-0.00185021 	-2.8644e-05
1.43322 	0.0227931 	-0.00184803 	-2.81515e-05
1.43472 	0.0228086 	-0.00184585 	-2.7659e-05
1.43622 	0.0228241 	-0.00184367 	-2.71666e-05
1.43772 	0.0228396 	-0.00184149 	-2.66741e-05
1.43922 	0.0228551 	-0.00183931 	-2.61816e-05
1.44072 	0.0228706 	-0.00183713 	-2.56892e-05
1.44222 	0.0228861 	-0.00183494 	-2.51967e-05
1.44372 	0.0229016 	-0.00183276 	-2.47042e-05
1.44522 	0.0229171 	-0.00183058 	-2.42117e-05
1.44672 	0.0229326 	-0.0018284 	-2.37193e-05
1.44822 	0.0229482 	-0.00182622 	-2.32268e-05
1.44972 	0.0229637 	-0.00182404 	-2.27343e-05
1.45123 	0.0229792 	-0.00182186 	-2.22419e-05
1.45273 	0.0229947 	-0.00181968 	-2.17494e-05
1.45423 	0.0230102 	-0.00181749 	-2.12569e-05
1.45573 	0.0230257 	-0.00181531 	-2.07645e-05
1.45723 	0.0230412 	-0.00181313 	-2.0272e-05
1.45873 	0.0230567 	-0.00181095 	-1.97795e-05
1.46023 	0.0230722 	-0.00180877 	-1.92871e-05
1.46173 	0.0230877 	-0.00180659 	-1.87946e-05
1.46323 	0.0231032 	-0.00180441 	-1.83021e-05
1.46473 	0.0231187 	-0.00180222 	-1.78097e-05
1.46623 	0.0231341 	-0.00180008 	-1.72994e-05
1.46773 	0.0231495 	-0.00179797 	-1.67695e-05
1.46923 	0.0231648 	-0.00179586 	-1.62396e-05
1.47074 	0.0231801 	-0.00179375 	-1.57098e-05
1.47224 	0.0231955 	-0.00179164 	-1.51799e-05
1.47374 	0.0232108 	-0.00178953 	-1.465e-05
1.47524 	0.0232261 	-0.00178742 	-1.41201e-05
1.47674 	0.0232414 	-0.00178531 	-1.35902e-05
1.47824 	0.0232568 	-0.0017832 	-1.30604e-05
1.47974 	0.0232721 	-0.00178109 	-1.25305e-05
1.48124 	0.0232874 	-0.00177898 	-1.20006e-05
1.48274 	0.0233028 	-0.00177687 	-1.14707e-05
1.48424 	0.0233181 	-0.00177476 	-1.09409e-05
1.48574 	0.0233334 	-0.00177265 	-1.0411e-05
1.48724 	0.0233487 	-0.00177054 	-9.8811e-06
1.48874 	0.0233641 	-0.00176843 	-9.35122e-06
1.49025 	0.0233794 	-0.00176632 	-8.82134e-06
1.49175 	0.0233947 	-0.00176421 	-8.29146e-06
1.49325 	0.0234101 	-0.00176211 	-7.76158e-06
1.49475 	0.0234254 	-0.00176 	-7.2317e-06
1.49625 	0.0234407 	-0.00175789 	-6.70182e-06
1.49775 	0.023456 	-0.00175578 	-6.17194e-06
1.49925 	0.0234714 	-0.00175367 	-5.64206e-06
1.50075 	0.0234855 	-0.00175154 	-5.21372e-06
1.50225 	0.0234984 	-0.00174946 	-4.85073e-06
1.50375 	0.0235114 	-0.00174737 	-4.48775e-06
1.50525 	0.0235243 	-0.00174528 	-4.12476e-06
1.50675 	0.0235373 	-0.00174319 	-3.76178e-06
1.50825 	0.0235502 	-0.0017411 	-3.39879e-06
1.50975 	0.0235632 	-0.00173902 	-3.03581e-06
1.51126 	0.0235761 	-0.00173693 	-2.67282e-06
1.51276 	0.0235891 	-0.00173484 	-2.30984e-06
1.51426 	0.023602 	-0.00173275 	-1.94685e-06
1.51576 	0.023615 	-0.00173066 	-1.58387e-06
1.51726 	0.0236279 	-0.00172857 	-1.22088e-06
1.51876 	0.0236409 	-0.00172649 	-8.579e-07
1.52026 	0.0236538 	-0.0017244 	-4.94915e-07
1.52176 	0.0236668 	-0.00172231 	-1.3193e-07
1.52326 	0.0236797 	-0.00172022 	2.31055e-07
1.52476 	0.0236927 	-0.00171813 	5.9404e-07
1.52626 	0.0237056 	-0.00171605 	9.57025e-07
1.52776 	0.0237186 	-0.00171396 	1.32001e-06
1.52926 	0.0237315 	-0.00171187 	1.683e-06
1.53077 	0.0237445 	-0.00170978 	2.04598e-06
1.53227 	0.0237574 	-0.00170769 	2.40897e-06
1.53377 	0.0237704 	-0.0017056 	2.77195e-06
1.53527 	0.0237833 	-0.00170354 	3.16498e-06
1.53677 	0.0237962 	-0.00170149 	3.58533e-06
1.53827 	0.023809 	-0.00169945 	4.00567e-06
1.53977 	0.0238219 	-0.00169741 	4.42602e-06
1.54127 	0.0238347 	-0.00169536 	4.84636e-06
1.54277 	0.0238476 	-0.00169332 	5.2667e-06
1.54427 	0.0238605 	-0.00169127 	5.68705e-06
1.54577 	0.0238733 	-0.00168923 	6.10739e-06
1.54727 	0.0238862 	-0.00168718 	6.52773e-06
1.54877 	0.0238991 	-0.00168514 	6.94808e-06
1.55028 	0.0239119 	-0.00168309 	7.36842e-06
1.55178 	0.0239248 	-0.00168105 	7.78877e-06
1.55328 	0.0239377 	-0.001679 	8.20911e-06
1.55478 	0.0239505 	-0.00167696 	8.62945e-06
1.55628 	0.0239634 	-0.00167491 	9.0498e-06
1.55778 	0.0239763 	-0.00167287 	9.47014e-06
1.55928 	0.0239891 	-0.00167083 	9.89049e-06
1.56078 	0.024002 	-0.00166878 	1.03108e-05
1.56228 	0.0240149 	-0.00166674 	1.07312e-05
1.56378 	0.0240277 	-0.00166469 	1.11515e-05
1.56528 	0.0240406 	-0.00166265 	1.15719e-05
1.56678 	0.0240535 	-0.0016606 	1.19922e-05
1.56828 	0.0240658 	-0.00165863 	1.23926e-05
1.56978 	0.0240762 	-0.00165688 	1.27262e-05
1.57129 	0.0240843 	-0.00165545 	1.30306e-05
1.57279 	0.0240923 	-0.00165403 	1.33335e-05
1.57429 	0.0241004 	-0.00165261 	1.36364e-05
1.57579 	0.0241084 	-0.0016512 	1.39393e-05
1.57729 	0.0241164 	-0.00164978 	1.42422e-05
1.57879 	0.0241245 	-0.00164836 	1.45452e-05
1.58029 	0.0241325 	-0.00164694 	1.48481e-05
1.58179 	0.0241406 	-0.00164553 	1.5151e-05
1.58329 	0.0241486 	-0.00164411 	1.54539e-05
1.58479 	0.0241566 	-0.00164269 	1.57569e-05
1.58629 	0.0241647 	-0.00164127 	1.60598e-05
1.58779 	0.0241727 	-0.00163986 	1.63627e-05
1.58929 	0.0241807 	-0.00163844 	1.66656e-05
1.5908 	0.0241888 	-0.00163702 	1.69685e-05
1.5923 	0.0241968 	-0.0016356 	1.72715e-05
1.5938 	0.0242048 	-0.00163419 	1.75744e-05
1.5953 	0.0242129 	-0.00163277 	1.78773e-05
1.5968 	0.0242209 	-0.00163135 	1.81802e-05
1.5983 	0.024229 	-0.00162993 	1.84832e-05
1.5998 	0.024237 	-0.00162852 	1.87861e-05
1.6013 	0.024245 	-0.0016271 	1.9089e-05
1.6028 	0.0242531 	-0.00162568 	1.93919e-05
1.6043 	0.0242611 	-0.00162428 	1.9704e-05
1.6058 	0.0242691 	-0.0016229 	2.00209e-05
1.6073 	0.0242771 	-0.00162151 	2.03378e-05
1.6088 	0.0242851 	-0.00162012 	2.06546e-05
1.61031 	0.0242931 	-0.00161873 	2.09715e-05
1.61181 	0.0243011 	-0.00161735 	2.12884e-05
1.61331 	0.0243091 	-0.00161596 	2.16053e-05
1.61481 	0.0243171 	-0.00161457 	2.19222e-05
1.61631 	0.0243251 	-0.00161318 	2.2239e-05
1.61781 	0.0243331 	-0.0016118 	2.25559e-05
1.61931 	0.0243411 	-0.00161041 	2.28728e-05
1.62081 	0.0243491 	-0.00160902 	2.31897e-05
1.62231 	0.0243571 	-0.00160763 	2.35066e-05
1.62381 	0.0243651 	-0.00160625 	2.38235e-05
1.62531 	0.0243731 	-0.00160486 	2.41403e-05
1.62681 	0.0243811 	-0.00160347 	2.44572e-05
1.62831 	0.0243891 	-0.00160209 	2.47741e-05
1.62981 	0.0243971 	-0.0016007 	2.5091e-05
1.63132 	0.0244051 	-0.00159931 	2.54079e-05
1.63282 	0.0244131 	-0.00159792 	2.57247e-05
1.63432 	0.0244211 	-0.00159654 	2.60416e-05
1.63582 	0.0244291 	-0.00159515 	2.63585e-05
1.63732 	0.0244379 	-0.00159351 	2.67258e-05
1.63882 	0.0244469 	-0.0015918 	2.7106e-05
1.64032 	0.0244568 	-0.00158983 	2.75056e-05
1.64182 	0.0244668 	-0.00158784 	2.79073e-05
1.64332 	0.0244769 	-0.00158585 	2.8309e-05
1.64482 	0.0244869 	-0.00158386 	2.87108e-05
1.64632 	0.024497 	-0.00158187 	2.91125e-05
1.64782 	0.024507 	-0.00157988 	2.95142e-05
1.64932 	0.024517 	-0.00157789 	2.99159e-05
1.65083 	0.0245271 	-0.00157589 	3.03176e-05
1.65233 	0.0245371 	-0.0015739 	3.07193e-05
1.65383 	0.0245472 	-0.00157191 	3.11211e-05
1.65533 	0.0245572 	-0.00156992 	3.15228e-05
1.65683 	0.0245673 	-0.00156793 	3.19245e-05
1.65833 	0.0245773 	-0.00156594 	3.23262e-05
1.65983 	0.0245873 	-0.00156395 	3.27279e-05
1.66133 	0.0245974 	-0.00156196 	3.31296e-05
1.66283 	0.0246074 	-0.00155996 	3.35314e-05
1.66433 	0.0246175 	-0.00155797 	3.39331e-05
1.66583 	0.0246275 	-0.00155598 	3.43348e-05
1.66733 	0.0246375 	-0.00155399 	3.47365e-05
1.66883 	0.0246476 	-0.001552 	3.51382e-05
1.67034 	0.0246576 	-0.00155001 	3.55399e-05
1.67184 	0.0246677 	-0.00154802 	3.59412e-05
1.67334 	0.0246777 	-0.00154607 	3.63325e-05
1.67484 	0.0246878 	-0.00154412 	3.67237e-05
1.67634 	0.0246978 	-0.00154218 	3.7115e-05
1.67784 	0.0247078 	-0.00154023 	3.75062e-05
1.67934 	0.0247179 	-0.00153829 	3.78975e-05
1.68084 	0.0247279 	-0.00153634 	3.82887e-05
1.68234 	0.024738 	-0.00153439 	3.868e-05
1.68384 	0.024748 	-0.00153245 	3.90713e-05
1.68534 	0.024758 	-0.0015305 	3.94625e-05
1.68684 	0.0247681 	-0.00152855 	3.98538e-05
1.68834 	0.0247781 	-0.00152661 	4.0245e-05
1.68984 	0.0247882 	-0.00152466 	4.06363e-05
1.69135 	0.0247982 	-0.00152271 	4.10275e-05
1.69285 	0.0248082 	-0.00152077 	4.14188e-05
1.69435 	0.0248183 	-0.00151882 	4.181e-05
1.69585 	0.0248283 	-0.00151687 	4.22013e-05
1.69735 	0.0248384 	-0.00151493 	4.25926e-05
1.69885 	0.0248484 	-0.00151298 	4.29838e-05
1.70035 	0.0248585 	-0.00151103 	4.33751e-05
1.70185 	0.0248685 	-0.00150909 	4.37663e-05
1.70335 	0.0248785 	-0.00150714 	4.41576e-05
1.70485 	0.024888 	-0.00150517 	4.45328e-05
1.70635 	0.0248972 	-0.00150318 	4.49008e-05
1.70785 	0.0249063 	-0.0015012 	4.52556e-05
1.70935 	0.0249149 	-0.00149923 	4.55549e-05
1.71086 	0.0249234 	-0.00149726 	4.58542e-05
1.71236 	0.0249319 	-0.0014953 	4.61535e-05
1.71386 	0.0249405 	-0.00149333 	4.64528e-05
1.71536 	0.024949 	-0.00149136 	4.67521e-05
1.71686 	0.0249575 	-0.00148939 	4.70514e-05
1.71836 	0.0249661 	-0.00148742 	4.73507e-05
1.71986 	0.0249746 	-0.00148545 	4.765e-05
1.72136 	0.0249831 	-0.00148348 	4.79493e-05
1.72286 	0.0249916 	-0.00148151 	4.82486e-05
1.72436 	0.0250002 	-0.00147954 	4.85479e-05
1.72586 	0.0250087 	-0.00147757 	4.88472e-05
1.72736 	0.0250172 	-0.0014756 	4.91465e-05
1.72886 	0.0250258 	-0.00147364 	4.94458e-05
1.73037 	0.0250343 	-0.00147167 	4.97451e-05
1.73187 	0.0250428 	-0.0014697 	5.00444e-05
1.73337 	0.0250514 	-0.00146773 	5.03437e-05
1.73487 	0.0250599 	-0.00146576 	5.0643e-05
1.73637 	0.0250684 	-0.00146379 	5.09423e-05
1.73787 	0.0250769 	-0.00146182 	5.12416e-05
1.73937 	0.0250855 	-0.00145985 	5.15409e-05
1.74087 	0.025094 	-0.00145793 	5.18343e-05
1.74237 	0.0251025 	-0.00145602 	5.21267e-05
1.74387 	0.025111 	-0.0014541 	5.2419e-05
1.74537 	0.0251195 	-0.00145219 	5.27114e-05
1.74687 	0.0251281 	-0.00145028 	5.30037e-05
1.74837 	0.0251366 	-0.00144836 	5.32961e-05
1.74987 	0.0251451 	-0.00144645 	5.35884e-05
1.75138 	0.0251536 	-0.00144454 	5.38808e-05
1.75288 	0.0251621 	-0.00144262 	5.41731e-05
1.75438 	0.0251707 	-0.00144071 	5.44655e-05
1.75588 	0.0251792 	-0.0014388 	5.47578e-05
1.75738 	0.0251877 	-0.00143688 	5.50502e-05
1.75888 	0.0251962 	-0.00143497 	5.53425e-05
1.76038 	0.0252047 	-0.00143306 	5.56349e-05
1.76188 	0.0252132 	-0.00143114 	5.59272e-05
1.76338 	0.0252218 	-0.00142923 	5.62196e-05
1.76488 	0.0252303 	-0.00142732 	5.65119e-05
1.76638 	0.0252388 	-0.0014254 	5.68043e-05
1.76788 	0.0252473 	-0.00142349 	5.70966e-05
1.76938 	0.0252558 	-0.00142158 	5.7389e-05
1.77089 	0.0252643 	-0.00141966 	5.76655e-05
1.77239 	0.025272 	-0.00141776 	5.77144e-05
1.77389 	0.0252798 	-0.00141585 	5.77634e-05
1.77539 	0.0252875 	-0.00141394 	5.78123e-05
1.77689 	0.0252946 	-0.00141208 	5.76472e-05
1.77839 	0.0253016 	-0.00141023 	5.74814e-05
1.77989 	0.0253087 	-0.00140838 	5.73156e-05
1.78139 	0.0253158 	-0.00140652 	5.71498e-05
1.78289 	0.0253229 	-0.00140467 	5.6984e-05
1.78439 	0.0253299 	-0.00140281 	5.68182e-05
1.78589 	0.025337 	-0.00140096 	5.66524e-05
1.78739 	0.0253441 	-0.00139911 	5.64866e-05
1.78889 	0.0253512 	-0.00139725 	5.63208e-05
1.7904 	0.0253582 	-0.0013954 	5.6155e-05
1.7919 	0.0253653 	-0.00139354 	5.59892e-05
1.7934 	0.0253724 	-0.00139169 	5.58234e-05
1.7949 	0.0253795 	-0.00138983 	5.56576e-05
1.7964 	0.0253866 	-0.00138798 	5.54918e-05
1.7979 	0.0253936 	-0.00138613 	5.5326e-05
1.7994 	0.0254007 	-0.00138427 	5.51602e-05
1.8009 	0.0254078 	-0.00138242 	5.49944e-05
1.8024 	0.0254149 	-0.00138056 	5.48286e-05
1.8039 	0.0254219 	-0.00137871 	5.46628e-05
1.8054 	0.025429 	-0.00137685 	5.4497e-05
1.8069 	0.0254361 	-0.00137501 	5.43319e-05
1.8084 	0.0254432 	-0.0013732 	5.41689e-05
1.8099 	0.0254502 	-0.00137139 	5.4006e-05
1.81141 	0.0254573 	-0.00136957 	5.3843e-05
1.81291 	0.0254644 	-0.00136776 	5.36801e-05
1.81441 	0.0254715 	-0.00136595 	5.35171e-05
1.81591 	0.0254785 	-0.00136414 	5.33542e-05
1.81741 	0.0254856 	-0.00136233 	5.31912e-05
1.81891 	0.0254927 	-0.00136051 	5.30283e-05
1.82041 	0.0254998 	-0.0013587 	5.28653e-05
1.82191 	0.0255068 	-0.00135689 	5.27024e-05
1.82341 	0.0255139 	-0.00135508 	5.25394e-05
1.82491 	0.025521 	-0.00135327 	5.23765e-05
1.82641 	0.0255281 	-0.00135146 	5.22135e-05
1.82791 	0.0255351 	-0.00134964 	5.20506e-05
1.82941 	0.0255422 	-0.00134783 	5.18876e-05
1.83092 	0.0255493 	-0.00134602 	5.17247e-05
1.83242 	0.0255564 	-0.00134421 	5.15617e-05
1.83392 	0.0255635 	-0.0013424 	5.13988e-05
1.83542 	0.0255705 	-0.00134058 	5.12358e-05
1.83692 	0.0255775 	-0.00133879 	5.10681e-05
1.83842 	0.0255832 	-0.00133726 	5.08428e-05
1.83992 	0.0255889 	-0.00133573 	5.06174e-05
1.84142 	0.0255946 	-0.00133419 	5.03921e-05
1.84292 	0.0255998 	-0.0013328 	5.01412e-05
1.84442 	0.0256042 	-0.00133157 	4.98614e-05
1.84592 	0.0256087 	-0.00133034 	4.95816e-05
1.84742 	0.0256131 	-0.00132911 	4.93018e-05
1.84892 	0.0256176 	-0.00132788 	4.9022e-05
1.85043 	0.0256221 	-0.00132665 	4.87422e-05
1.85193 	0.0256265 	-0.00132542 	4.84625e-05
1.85343 	0.025631 	-0.00132419 	4.81827e-05
1.85493 	0.0256354 	-0.00132296 	4.79029e-05
1.85643 	0.0256399 	-0.00132173 	4.76231e-05
1.85793 	0.0256443 	-0.0013205 	4.73433e-05
1.85943 	0.0256488 	-0.00131927 	4.70635e-05
1.86093 	0.0256533 	-0.00131805 	4.67837e-05
1.86243 	0.0256577 	-0.00131682 	4.65039e-05
1.86393 	0.0256622 	-0.00131559 	4.62241e-05
1.86543 	0.0256666 	-0.00131436 	4.59444e-05
1.86693 	0.0256711 	-0.00131313 	4.56646e-05
1.86843 	0.0256756 	-0.0013119 	4.53848e-05
1.86993 	0.02568 	-0.00131067 	4.5105e-05
1.87144 	0.0256845 	-0.00130944 	4.48252e-05
1.87294 	0.0256889 	-0.00130822 	4.45475e-05
1.87444 	0.0256934 	-0.00130703 	4.42739e-05
1.87594 	0.0256979 	-0.00130584 	4.40003e-05
1.87744 	0.0257023 	-0.00130465 	4.37267e-05
1.87894 	0.0257068 	-0.00130346 	4.34531e-05
1.88044 	0.0257112 	-0.00130227 	4.31795e-05
1.88194 	0.0257157 	-0.00130108 	4.29059e-05
1.88344 	0.0257201 	-0.00129989 	4.26323e-05
1.88494 	0.0257246 	-0.0012987 	4.23587e-05
1.88644 	0.025729 	-0.00129751 	4.20851e-05
1.88794 	0.0257335 	-0.00129632 	4.18115e-05
1.88944 	0.0257379 	-0.00129513 	4.15379e-05
1.89095 	0.0257424 	-0.00129394 	4.12643e-05
1.89245 	0.0257469 	-0.00129275 	4.09907e-05
1.89395 	0.0257513 	-0.00129156 	4.07171e-05
1.89545 	0.0257558 	-0.00129037 	4.04435e-05
1.89695 	0.0257602 	-0.00128918 	4.01699e-05
1.89845 	0.0257647 	-0.00128799 	3.98963e-05
1.89995 	0.0257691 	-0.0012868 	3.96227e-05
1.90145 	0.0257736 	-0.00128561 	3.93491e-05
1.90295 	0.0257787 	-0.00128416 	3.90415e-05
1.90445 	0.025784 	-0.00128267 	3.87286e-05
1.90595 	0.0257893 	-0.00128118 	3.84157e-05
1.90745 	0.0257945 	-0.00127968 	3.81028e-05
1.90895 	0.0258005 	-0.00127799 	3.77444e-05
1.91046 	0.0258066 	-0.00127624 	3.73717e-05
1.91196 	0.0258127 	-0.00127448 	3.69989e-05
1.91346 	0.0258188 	-0.00127273 	3.66262e-05
1.91496 	0.0258249 	-0.00127097 	3.62535e-05
1.91646 	0.025831 	-0.00126922 	3.58807e-05
1.91796 	0.0258371 	-0.00126746 	3.5508e-05
1.91946 	0.0258433 	-0.0012657 	3.51353e-05
1.92096 	0.0258494 	-0.00126395 	3.47625e-05
1.92246 	0.0258555 	-0.00126219 	3.43898e-05
1.92396 	0.0258616 	-0.00126044 	3.4017e-05
1.92546 	0.0258677 	-0.00125868 	3.36443e-05
1.92696 	0.0258738 	-0.00125693 	3.32716e-05
1.92846 	0.0258799 	-0.00125517 	3.28988e-05
1.92996 	0.025886 	-0.00125342 	3.25261e-05
1.93147 	0.0258922 	-0.00125166 	3.21533e-05
1.93297 	0.0258983 	-0.00124991 	3.17806e-05
1.93447 	0.0259044 	-0.00124815 	3.14079e-05
1.93597 	0.0259105 	-0.0012464 	3.10351e-05
1.93747 	0.0259166 	-0.00124465 	3.06585e-05
1.93897 	0.0259228 	-0.00124292 	3.02731e-05
1.94047 	0.025929 	-0.00124119 	2.98878e-05
1.94197 	0.0259351 	-0.00123946 	2.95024e-05
1.94347 	0.0259413 	-0.00123774 	2.91171e-05
1.94497 	0.0259475 	-0.00123601 	2.87317e-05
1.94647 	0.0259536 	-0.00123428 	2.83464e-05
1.94797 	0.0259598 	-0.00123255 	2.7961e-05
1.94947 	0.025966 	-0.00123082 	2.75756e-05
1.95098 	0.0259721 	-0.00122909 	2.71903e-05
1.95248 	0.0259783 	-0.00122736 	2.68049e-05
1.95398 	0.0259844 	-0.00122563 	2.64196e-05
1.95548 	0.0259906 	-0.0012239 	2.60342e-05
1.95698 	0.0259968 	-0.00122218 	2.56489e-05
1.95848 	0.0260029 	-0.00122045 	2.52635e-05
1.95998 	0.0260091 	-0.00121872 	2.48782e-05
1.96148 	0.0260153 	-0.00121699 	2.44928e-05
1.96298 	0.0260214 	-0.00121526 	2.41074e-05
1.96448 	0.0260276 	-0.00121353 	2.37221e-05
1.96598 	0.0260336 	-0.00121178 	2.33973e-05
1.96748 	0.0260395 	-0.00121 	2.31201e-05
1.96898 	0.0260455 	-0.00120823 	2.28429e-05
1.97049 	0.0260514 	-0.00120646 	2.25658e-05
1.97199 	0.0260573 	-0.00120468 	2.22893e-05
1.97349 	0.026063 	-0.00120292 	2.21175e-05
1.97499 	0.0260686 	-0.00120115 	2.19458e-05
1.97649 	0.0260743 	-0.00119939 	2.1774e-05
1.97799 	0.02608 	-0.00119763 	2.16022e-05
1.97949 	0.0260857 	-0.00119586 	2.14305e-05
1.98099 	0.0260914 	-0.0011941 	2.12587e-05
1.98249 	0.026097 	-0.00119233 	2.1087e-05
1.98399 	0.0261027 	-0.00119057 	2.09152e-05
1.98549 	0.0261084 	-0.0011888 	2.07434e-05
1.98699 	0.0261141 	-0.00118704 	2.05717e-05
1.98849 	0.0261198 	-0.00118528 	2.03999e-05
1.98999 	0.0261254 	-0.00118351 	2.02282e-05
1.9915 	0.0261311 	-0.00118175 	2.00564e-05
1.993 	0.0261368 	-0.00117998 	1.98846e-05
1.9945 	0.0261425 	-0.00117822 	1.97129e-05
1.996 	0.0261482 	-0.00117645 	1.95411e-05
1.9975 	0.0261538 	-0.00117469 	1.93694e-05
1.999 	0.0261595 	-0.00117293 	1.91976e-05
2.0005 	0.0261652 	-0.00117117 	1.90201e-05
2.002 	0.026171 	-0.00116943 	1.8828e-05
2.0035 	0.0261767 	-0.00116769 	1.86359e-05
2.005 	0.0261824 	-0.00116595 	1.84438e-05
2.0065 	0.0261882 	-0.00116421 	1.82517e-05
2.008 	0.0261939 	-0.00116248 	1.80596e-05
2.0095 	0.0261996 	-0.00116074 	1.78675e-05
2.01101 	0.0262054 	-0.001159 	1.76754e-05
2.01251 	0.0262111 	-0.00115726 	1.74833e-05
2.01401 	0.0262168 	-0.00115552 	1.72912e-05
2.01551 	0.0262225 	-0.00115379 	1.70992e-05
2.01701 	0.0262283 	-0.00115205 	1.69071e-05
2.01851 	0.026234 	-0.00115031 	1.6715e-05
2.02001 	0.0262397 	-0.00114857 	1.65229e-05
2.02151 	0.0262455 	-0.00114683 	1.63308e-05
2.02301 	0.0262512 	-0.00114509 	1.61387e-05
2.02451 	0.0262569 	-0.00114336 	1.59466e-05
2.02601 	0.0262627 	-0.00114162 	1.57545e-05
2.02751 	0.0262683 	-0.00113987 	1.55821e-05
2.02901 	0.0262736 	-0.00113811 	1.54591e-05
2.03052 	0.026279 	-0.00113635 	1.53361e-05
2.03202 	0.0262843 	-0.00113459 	1.52131e-05
2.03352 	0.0262897 	-0.00113283 	1.50902e-05
2.03502 	0.0262949 	-0.00113108 	1.49969e-05
2.03652 	0.0262999 	-0.00112935 	1.49632e-05
2.03802 	0.0263049 	-0.00112761 	1.49295e-05
2.03952 	0.0263098 	-0.00112588 	1.48959e-05
2.04102 	0.0263148 	-0.00112415 	1.48622e-05
2.04252 	0.0263198 	-0.00112242 	1.48285e-05
2.04402 	0.0263248 	-0.00112069 	1.47948e-05
2.04552 	0.0263298 	-0.00111895 	1.47611e-05
2.04702 	0.0263347 	-0.00111722 	1.47274e-05
2.04852 	0.0263397 	-0.00111549 	1.46937e-05
2.05003 	0.0263447 	-0.00111376 	1.466e-05
2.05153 	0.0263497 	-0.00111202 	1.46263e-05
2.05303 	0.0263547 	-0.00111029 	1.45926e-05
2.05453 	0.0263597 	-0.00110856 	1.45589e-05
2.05603 	0.0263646 	-0.00110683 	1.45252e-05
2.05753 	0.0263696 	-0.00110509 	1.44915e-05
2.05903 	0.0263746 	-0.00110336 	1.44578e-05
2.06053 	0.0263796 	-0.00110163 	1.44241e-05
2.06203 	0.0263846 	-0.00109991 	1.43899e-05
2.06353 	0.0263896 	-0.0010982 	1.43548e-05
2.06503 	0.0263946 	-0.00109649 	1.43198e-05
2.06653 	0.0263996 	-0.00109479 	1.42847e-05
2.06803 	0.0264046 	-0.00109308 	1.42496e-05
2.06953 	0.0264097 	-0.00109138 	1.42145e-05
2.07104 	0.0264147 	-0.00108967 	1.41794e-05
2.07254 	0.0264197 	-0.00108796 	1.41444e-05
2.07404 	0.0264247 	-0.00108626 	1.41093e-05
2.07554 	0.0264297 	-0.00108455 	1.40742e-05
2.07704 	0.0264348 	-0.00108285 	1.40391e-05
2.07854 	0.0264398 	-0.00108114 	1.4004e-05
2.08004 	0.0264448 	-0.00107944 	1.3969e-05
2.08154 	0.0264498 	-0.00107773 	1.39339e-05
2.08304 	0.0264548 	-0.00107602 	1.38988e-05
2.08454 	0.0264598 	-0.00107432 	1.38637e-05
2.08604 	0.0264649 	-0.00107261 	1.38286e-05
2.08754 	0.0264697 	-0.00107094 	1.38069e-05
2.08904 	0.0264738 	-0.00106949 	1.38637e-05
2.09055 	0.0264778 	-0.00106804 	1.39205e-05
2.09205 	0.0264818 	-0.00106659 	1.39773e-05
2.09355 	0.0264858 	-0.00106514 	1.40341e-05
2.09505 	0.0264899 	-0.00106369 	1.40909e-05
2.09655 	0.0264931 	-0.00106248 	1.42381e-05
2.09805 	0.0264962 	-0.00106131 	1.44013e-05
2.09955 	0.0264992 	-0.00106014 	1.45645e-05
2.10105 	0.0265023 	-0.00105897 	1.47278e-05
2.10255 	0.0265054 	-0.0010578 	1.4891e-05
2.10405 	0.0265085 	-0.00105663 	1.50542e-05
2.10555 	0.0265116 	-0.00105545 	1.52174e-05
2.10705 	0.0265146 	-0.00105428 	1.53806e-05
2.10855 	0.0265177 	-0.00105311 	1.55439e-05
2.11006 	0.0265208 	-0.00105194 	1.57071e-05
2.11156 	0.0265239 	-0.00105077 	1.58703e-05
2.11306 	0.0265269 	-0.0010496 	1.60335e-05
2.11456 	0.02653 	-0.00104843 	1.61967e-05
2.11606 	0.0265331 	-0.00104726 	1.636e-05
2.11756 	0.0265362 	-0.00104609 	1.65232e-05
2.11906 	0.0265393 	-0.00104492 	1.66864e-05
2.12056 	0.0265423 	-0.00104375 	1.68496e-05
2.12206 	0.0265454 	-0.0010426 	1.70232e-05
2.12356 	0.0265485 	-0.00104146 	1.72022e-05
2.12506 	0.0265516 	-0.00104032 	1.73811e-05
2.12656 	0.0265547 	-0.00103919 	1.75601e-05
2.12806 	0.0265578 	-0.00103805 	1.77391e-05
2.12956 	0.0265609 	-0.00103691 	1.7918e-05
2.13107 	0.026564 	-0.00103577 	1.8097e-05
2.13257 	0.0265671 	-0.00103463 	1.8276e-05
2.13407 	0.0265702 	-0.0010335 	1.84549e-05
2.13557 	0.0265733 	-0.00103236 	1.86339e-05
2.13707 	0.0265764 	-0.00103122 	1.88129e-05
2.13857 	0.0265795 	-0.00103008 	1.89918e-05
2.14007 	0.0265825 	-0.00102894 	1.91708e-05
2.14157 	0.0265856 	-0.0010278 	1.93498e-05
2.14307 	0.0265887 	-0.00102667 	1.95287e-05
2.14457 	0.0265918 	-0.00102553 	1.97077e-05
2.14607 	0.026595 	-0.00102432 	1.99125e-05
2.14757 	0.0265985 	-0.00102287 	2.02021e-05
2.14907 	0.026602 	-0.00102142 	2.04917e-05
2.15058 	0.0266055 	-0.00101998 	2.07813e-05
2.15208 	0.026609 	-0.00101853 	2.10709e-05
2.15358 	0.0266125 	-0.00101708 	2.13605e-05
2.15508 	0.0266162 	-0.00101546 	2.17253e-05
2.15658 	0.0266201 	-0.00101373 	2.21305e-05
2.15808 	0.026624 	-0.00101201 	2.25357e-05
2.15958 	0.0266279 	-0.00101029 	2.2941e-05
2.16108 	0.0266319 	-0.00100856 	2.33462e-05
2.16258 	0.0266358 	-0.00100684 	2.37514e-05
2.16408 	0.0266397 	-0.00100511 	2.41567e-05
2.16558 	0.0266436 	-0.00100339 	2.45619e-05
2.16708 	0.0266475 	-0.00100167 	2.49671e-05
2.16858 	0.0266514 	-0.000999944 	2.53724e-05
2.17009 	0.0266553 	-0.00099822 	2.57776e-05
2.17159 	0.0266592 	-0.000996497 	2.61828e-05
2.17309 	0.0266631 	-0.000994773 	2.65881e-05
2.17459 	0.026667 	-0.000993049 	2.69933e-05
2.17609 	0.0266709 	-0.000991326 	2.73985e-05
2.17759 	0.0266748 	-0.000989602 	2.78038e-05
2.17909 	0.0266787 	-0.00098788 	2.82117e-05
2.18059 	0.0266827 	-0.00098616 	2.86275e-05
2.18209 	0.0266866 	-0.00098444 	2.90434e-05
2.18359 	0.0266906 	-0.000982721 	2.94592e-05
2.18509 	0.0266946 	-0.000981001 	2.98751e-05
2.18659 	0.0266985 	-0.000979281 	3.02909e-05
2.18809 	0.0267025 	-0.000977562 	3.07068e-05
2.18959 	0.0267065 	-0.000975842 	3.11226e-05
2.1911 	0.0267104 	-0.000974122 	3.15385e-05
2.1926 	0.0267144 	-0.000972403 	3.19543e-05
2.1941 	0.0267184 	-0.000970683 	3.23702e-05
2.1956 	0.0267223 	-0.000968964 	3.2786e-05
2.1971 	0.0267263 	-0.000967244 	3.32018e-05
2.1986 	0.0267303 	-0.000965524 	3.36177e-05
2.2001 	0.0267342 	-0.000963805 	3.40335e-05
2.2016 	0.0267382 	-0.000962085 	3.44494e-05
2.2031 	0.0267419 	-0.000960342 	3.48879e-05
2.2046 	0.0267455 	-0.000958586 	3.53398e-05
2.2061 	0.0267491 	-0.000956831 	3.57916e-05
2.2076 	0.0267527 	-0.000955075 	3.62434e-05
2.2091 	0.0267563 	-0.000953319 	3.66953e-05
2.21061 	0.0267598 	-0.000951563 	3.71471e-05
2.21211 	0.0267631 	-0.000949818 	3.76079e-05
2.21361 	0.0267663 	-0.000948075 	3.80707e-05
2.21511 	0.0267695 	-0.000946333 	3.85335e-05
2.21661 	0.0267727 	-0.00094459 	3.89963e-05
2.21811 	0.0267759 	-0.000942847 	3.94592e-05
2.21961 	0.026779 	-0.000941105 	3.9922e-05
2.22111 	0.0267822 	-0.000939362 	4.03848e-05
2.22261 	0.0267854 	-0.00093762 	4.08476e-05
2.22411 	0.0267886 	-0.000935877 	4.13104e-05
2.22561 	0.0267918 	-0.000934135 	4.17732e-05
2.22711 	0.026795 	-0.000932392 	4.2236e-05
2.22861 	0.0267982 	-0.00093065 	4.26988e-05
2.23012 	0.0268014 	-0.000928907 	4.31616e-05
2.23162 	0.0268045 	-0.000927164 	4.36245e-05
2.23312 	0.0268077 	-0.000925422 	4.40873e-05
2.23462 	0.0268109 	-0.00092368 	4.45489e-05
2.23612 	0.0268141 	-0.000921939 	4.50062e-05
2.23762 	0.0268174 	-0.000920198 	4.54636e-05
2.23912 	0.0268206 	-0.000918458 	4.59209e-05
2.24062 	0.0268238 	-0.000916717 	4.63782e-05
2.24212 	0.026827 	-0.000914976 	4.68356e-05
2.24362 	0.0268303 	-0.000913236 	4.72929e-05
2.24512 	0.0268335 	-0.000911495 	4.77503e-05
2.24662 	0.0268367 	-0.000909754 	4.82076e-05
2.24812 	0.0268399 	-0.000908013 	4.8665e-05
2.24962 	0.0268431 	-0.000906273 	4.91223e-05
2.25113 	0.0268464 	-0.000904532 	4.95796e-05
2.25263 	0.0268496 	-0.000902791 	5.0037e-05
2.25413 	0.0268528 	-0.000901051 	5.04943e-05
2.25563 	0.026856 	-0.00089931 	5.09517e-05
2.25713 	0.0268591 	-0.000897559 	5.14515e-05
2.25863 	0.026862 	-0.000895793 	5.20149e-05
2.26013 	0.026865 	-0.000894027 	5.25784e-05
2.26163 	0.0268679 	-0.00089226 	5.31418e-05
2.26313 	0.0268708 	-0.000890494 	5.37052e-05
2.26463 	0.0268737 	-0.000888728 	5.42686e-05
2.26613 	0.0268765 	-0.000886974 	5.48577e-05
2.26763 	0.0268791 	-0.000885237 	5.54838e-05
2.26913 	0.0268817 	-0.0008835 	5.61099e-05
2.27064 	0.0268842 	-0.000881763 	5.6736e-05
2.27214 	0.0268868 	-0.000880026 	5.73621e-05
2.27364 	0.0268894 	-0.000878289 	5.79882e-05
2.27514 	0.026892 	-0.000876552 	5.86143e-05
2.27664 	0.0268946 	-0.000874815 	5.92405e-05
2.27814 	0.0268972 	-0.000873078 	5.98666e-05
2.27964 	0.0268998 	-0.000871341 	6.04927e-05
2.28114 	0.0269024 	-0.000869604 	6.11188e-05
2.28264 	0.0269049 	-0.000867867 	6.17449e-05
2.28414 	0.0269075 	-0.00086613 	6.2371e-05
2.28564 	0.0269101 	-0.000864393 	6.29971e-05
2.28714 	0.0269127 	-0.000862656 	6.36232e-05
2.28864 	0.0269153 	-0.000860919 	6.42595e-05
2.29015 	0.0269179 	-0.000859183 	6.49021e-05
2.29165 	0.0269205 	-0.000857447 	6.55448e-05
2.29315 	0.0269231 	-0.00085571 	6.61874e-05
2.29465 	0.0269257 	-0.000853974 	6.68301e-05
2.29615 	0.0269283 	-0.000852238 	6.74727e-05
2.29765 	0.0269309 	-0.000850502 	6.81154e-05
2.29915 	0.0269335 	-0.000848765 	6.8758e-05
2.30065 	0.0269361 	-0.000847029 	6.94007e-05
2.30215 	0.0269387 	-0.000845293 	7.00433e-05
2.30365 	0.0269413 	-0.000843556 	7.0686e-05
2.30515 	0.0269439 	-0.00084182 	7.13286e-05
2.30665 	0.0269465 	-0.000840084 	7.19712e-05
2.30815 	0.0269491 	-0.000838347 	7.26139e-05
2.30965 	0.0269513 	-0.000836773 	7.31793e-05
2.31116 	0.0269533 	-0.000835309 	7.3692e-05
2.31266 	0.0269553 	-0.000833845 	7.42047e-05
2.31416 	0.0269573 	-0.000832382 	7.47174e-05
2.31566 	0.0269593 	-0.000830918 	7.52301e-05
2.31716 	0.0269613 	-0.000829454 	7.57428e-05
2.31866 	0.026963 	-0.000828135 	7.61894e-05
2.32016 	0.0269644 	-0.000826972 	7.65648e-05
2.32166 	0.0269658 	-0.000825809 	7.69403e-05
2.32316 	0.0269671 	-0.000824646 	7.73157e-05
2.32466 	0.0269685 	-0.000823482 	7.76912e-05
2.32616 	0.0269699 	-0.000822319 	7.80667e-05
2.32766 	0.0269713 	-0.000821156 	7.84421e-05
2.32916 	0.0269727 	-0.000819993 	7.88176e-05
2.33067 	0.0269741 	-0.000818829 	7.9193e-05
2.33217 	0.0269755 	-0.000817666 	7.95685e-05
2.33367 	0.0269768 	-0.000816503 	7.9944e-05
2.33517 	0.0269782 	-0.00081534 	8.03194e-05
2.33667 	0.0269796 	-0.000814177 	8.06949e-05
2.33817 	0.026981 	-0.000813013 	8.10703e-05
2.33967 	0.0269824 	-0.000811856 	8.14629e-05
2.34117 	0.0269837 	-0.000810705 	8.18734e-05
2.34267 	0.0269851 	-0.000809554 	8.22838e-05
2.34417 	0.0269864 	-0.000808402 	8.26943e-05
2.34567 	0.0269878 	-0.000807251 	8.31048e-05
2.34717 	0.0269892 	-0.0008061 	8.35153e-05
2.34867 	0.0269905 	-0.000804949 	8.39258e-05
2.35018 	0.0269919 	-0.000803798 	8.43363e-05
2.35168 	0.0269932 	-0.000802646 	8.47468e-05
2.35318 	0.0269946 	-0.000801495 	8.51573e-05
2.35468 	0.026996 	-0.000800344 	8.55678e-05
2.35618 	0.0269973 	-0.000799193 	8.59783e-05
2.35768 	0.0269987 	-0.000798042 	8.63888e-05
2.35918 	0.0270001 	-0.000796809 	8.68049e-05
2.36068 	0.0270016 	-0.000795329 	8.7238e-05
2.36218 	0.0270031 	-0.000793849 	8.76712e-05
2.36368 	0.0270046 	-0.000792369 	8.81043e-05
2.36518 	0.0270062 	-0.000790889 	8.85375e-05
2.36668 	0.0270077 	-0.000789409 	8.89706e-05
2.36818 	0.0270092 	-0.000787909 	8.94055e-05
2.36968 	0.0270109 	-0.000786134 	8.98651e-05
2.37119 	0.0270125 	-0.000784359 	9.03247e-05
2.37269 	0.0270142 	-0.000782583 	9.07843e-05
2.37419 	0.0270159 	-0.000780808 	9.12438e-05
2.37569 	0.0270176 	-0.000779032 	9.17034e-05
2.37719 	0.0270193 	-0.000777257 	9.2163e-05
2.37869 	0.0270209 	-0.000775482 	9.26226e-05
2.38019 	0.0270226 	-0.000773706 	9.30821e-05
2.38169 	0.0270243 	-0.000771931 	9.35417e-05
2.38319 	0.027026 	-0.000770156 	9.40013e-05
2.38469 	0.0270276 	-0.00076838 	9.44609e-05
2.38619 	0.0270293 	-0.000766605 	9.49205e-05
2.38769 	0.027031 	-0.000764829 	9.538e-05
2.38919 	0.0270326 	-0.00076304 	9.58752e-05
2.3907 	0.0270343 	-0.000761248 	9.63764e-05
2.3922 	0.027036 	-0.000759457 	9.68776e-05
2.3937 	0.0270376 	-0.000757665 	9.73787e-05
2.3952 	0.0270393 	-0.000755873 	9.78799e-05
2.3967 	0.027041 	-0.000754081 	9.83811e-05
2.3982 	0.0270426 	-0.00075229 	9.88822e-05
2.3997 	0.0270443 	-0.000750498 	9.93834e-05
2.4012 	0.0270459 	-0.000748706 	9.98845e-05
2.4027 	0.0270476 	-0.000746914 	0.000100386
2.4042 	0.0270493 	-0.000745123 	0.000100887
2.4057 	0.0270509 	-0.000743331 	0.000101388
2.4072 	0.0270524 	-0.000741526 	0.000101874
2.4087 	0.0270537 	-0.000739702 	0.000102337
2.41021 	0.027055 	-0.000737878 	0.0001028
2.41171 	0.0270563 	-0.000736054 	0.000103263
2.41321 	0.0270576 	-0.000734229 	0.000103726
2.41471 	0.0270588 	-0.000732405 	0.000104189
2.41621 	0.02706 	-0.000730586 	0.000104642
2.41771 	0.0270609 	-0.00072879 	0.000105051
2.41921 	0.0270618 	-0.000726994 	0.00010546
2.42071 	0.0270626 	-0.000725198 	0.000105868
2.42221 	0.0270635 	-0.000723402 	0.000106277
2.42371 	0.0270644 	-0.000721607 	0.000106686
2.42521 	0.0270652 	-0.000719811 	0.000107095
2.42671 	0.0270661 	-0.000718015 	0.000107503
2.42821 	0.0270669 	-0.000716219 	0.000107912
2.42971 	0.0270678 	-0.000714423 	0.000108321
2.43122 	0.0270687 	-0.000712627 	0.00010873
2.43272 	0.0270695 	-0.000710831 	0.000109138
2.43422 	0.0270704 	-0.000709035 	0.000109547
2.43572 	0.0270712 	-0.000707227 	0.00010998
2.43722 	0.027072 	-0.000705415 	0.000110421
2.43872 	0.0270729 	-0.000703603 	0.000110862
2.44022 	0.0270737 	-0.00070179 	0.000111303
2.44172 	0.0270745 	-0.000699978 	0.000111744
2.44322 	0.0270753 	-0.000698166 	0.000112185
2.44472 	0.0270761 	-0.000696354 	0.000112626
2.44622 	0.0270769 	-0.000694541 	0.000113067
2.44772 	0.0270777 	-0.000692729 	0.000113508
2.44922 	0.0270786 	-0.000690917 	0.000113949
2.45073 	0.0270794 	-0.000689104 	0.00011439
2.45223 	0.0270802 	-0.000687299 	0.000114828
2.45373 	0.0270806 	-0.000685791 	0.000115166
2.45523 	0.027081 	-0.000684283 	0.000115503
2.45673 	0.0270813 	-0.000682775 	0.00011584
2.45823 	0.0270817 	-0.000681267 	0.000116178
2.45973 	0.0270821 	-0.000679759 	0.000116515
2.46123 	0.0270825 	-0.000678251 	0.000116853
2.46273 	0.0270825 	-0.000677016 	0.000117102
2.46423 	0.0270824 	-0.000675832 	0.000117335
2.46573 	0.0270823 	-0.000674648 	0.000117567
2.46723 	0.0270822 	-0.000673464 	0.0001178
2.46873 	0.0270821 	-0.00067228 	0.000118033
2.47024 	0.027082 	-0.000671095 	0.000118265
2.47174 	0.0270819 	-0.000669911 	0.000118498
2.47324 	0.0270818 	-0.000668727 	0.000118731
2.47474 	0.0270817 	-0.000667543 	0.000118964
2.47624 	0.0270816 	-0.000666359 	0.000119196
2.47774 	0.0270815 	-0.000665175 	0.000119429
2.47924 	0.0270814 	-0.000663992 	0.000119664
2.48074 	0.0270813 	-0.00066281 	0.000119914
2.48224 	0.0270811 	-0.000661628 	0.000120164
2.48374 	0.0270809 	-0.000660447 	0.000120414
2.48524 	0.0270808 	-0.000659265 	0.000120664
2.48674 	0.0270806 	-0.000658084 	0.000120913
2.48824 	0.0270804 	-0.000656902 	0.000121163
2.48974 	0.0270803 	-0.00065572 	0.000121413
2.49125 	0.0270801 	-0.000654539 	0.000121663
2.49275 	0.0270799 	-0.000653357 	0.000121913
2.49425 	0.0270798 	-0.000652176 	0.000122163
2.49575 	0.0270795 	-0.000650939 	0.000122414
2.49725 	0.0270788 	-0.000649404 	0.000122672
2.49875 	0.0270781 	-0.000647869 	0.000122931
2.50025 	0.0270773 	-0.000646334 	0.000123189
2.50175 	0.0270766 	-0.0006448 	0.000123448
2.50325 	0.0270759 	-0.000643265 	0.000123707
2.50475 	0.0270752 	-0.000641718 	0.000123966
2.50625 	0.0270739 	-0.000639854 	0.000124255
2.50775 	0.0270726 	-0.00063799 	0.000124544
2.50925 	0.0270713 	-0.000636126 	0.000124833
2.51076 	0.02707 	-0.000634262 	0.000125122
2.51226 	0.0270687 	-0.000632398 	0.000125411
2.51376 	0.0270674 	-0.000630534 	0.0001257
2.51526 	0.0270661 	-0.000628671 	0.000125989
2.51676 	0.0270648 	-0.000626807 	0.000126278
2.51826 	0.0270635 	-0.000624943 	0.000126567
2.51976 	0.0270622 	-0.000623079 	0.000126856
2.52126 	0.0270609 	-0.000621212 	0.000127146
2.52276 	0.0270594 	-0.000619306 	0.000127446
2.52426 	0.027058 	-0.0006174 	0.000127746
2.52576 	0.0270566 	-0.000615493 	0.000128046
2.52726 	0.0270551 	-0.000613587 	0.000128347
2.52876 	0.0270537 	-0.000611681 	0.000128647
2.53027 	0.0270523 	-0.000609775 	0.000128947
2.53177 	0.0270508 	-0.000607869 	0.000129247
2.53327 	0.0270494 	-0.000605963 	0.000129548
2.53477 	0.027048 	-0.000604056 	0.000129848
2.53627 	0.0270465 	-0.00060215 	0.000130148
2.53777 	0.0270447 	-0.00060023 	0.000130384
2.53927 	0.0270427 	-0.000598307 	0.000130601
2.54077 	0.0270407 	-0.000596383 	0.000130818
2.54227 	0.0270386 	-0.000594459 	0.000131035
2.54377 	0.0270366 	-0.000592535 	0.000131251
2.54527 	0.0270346 	-0.000590611 	0.000131468
2.54677 	0.0270322 	-0.000588721 	0.000131637
2.54827 	0.0270296 	-0.000586841 	0.000131789
2.54977 	0.027027 	-0.000584961 	0.000131942
2.55128 	0.0270244 	-0.000583082 	0.000132094
2.55278 	0.0270218 	-0.000581202 	0.000132247
2.55428 	0.0270192 	-0.000579322 	0.000132399
2.55578 	0.0270166 	-0.000577442 	0.000132551
2.55728 	0.027014 	-0.000575563 	0.000132704
2.55878 	0.0270114 	-0.000573683 	0.000132856
2.56028 	0.0270088 	-0.000571803 	0.000133009
2.56178 	0.0270061 	-0.0005699 	0.000133162
2.56328 	0.0270033 	-0.000567973 	0.000133316
2.56478 	0.0270005 	-0.000566045 	0.00013347
2.56628 	0.0269977 	-0.000564118 	0.000133625
2.56778 	0.0269949 	-0.00056219 	0.000133779
2.56928 	0.0269921 	-0.000560263 	0.000133933
2.57079 	0.0269893 	-0.000558335 	0.000134087
2.57229 	0.0269865 	-0.000556408 	0.000134241
2.57379 	0.0269837 	-0.00055448 	0.000134395
2.57529 	0.0269809 	-0.000552553 	0.000134549
2.57679 	0.0269783 	-0.000550928 	0.00013464
2.57829 	0.0269758 	-0.000549351 	0.000134722
2.57979 	0.0269732 	-0.000547775 	0.000134803
2.58129 	0.0269707 	-0.000546198 	0.000134884
2.58279 	0.0269681 	-0.000544622 	0.000134965
2.58429 	0.0269656 	-0.000543046 	0.000135046
2.58579 	0.0269632 	-0.000541828 	0.000135064
2.58729 	0.0269608 	-0.000540621 	0.000135079
2.58879 	0.0269585 	-0.000539414 	0.000135095
2.5903 	0.0269561 	-0.000538207 	0.000135111
2.5918 	0.0269537 	-0.000537001 	0.000135127
2.5933 	0.0269513 	-0.000535794 	0.000135143
2.5948 	0.0269489 	-0.000534587 	0.000135159
2.5963 	0.0269466 	-0.00053338 	0.000135174
2.5978 	0.0269442 	-0.000532174 	0.00013519
2.5993 	0.0269417 	-0.000530963 	0.000135207
2.6008 	0.0269392 	-0.000529746 	0.000135225
2.6023 	0.0269366 	-0.000528528 	0.000135243
2.6038 	0.026934 	-0.000527311 	0.000135262
2.6053 	0.0269314 	-0.000526094 	0.00013528
2.6068 	0.0269288 	-0.000524877 	0.000135298
2.6083 	0.0269263 	-0.000523659 	0.000135316
2.6098 	0.0269237 	-0.000522442 	0.000135334
2.61131 	0.0269211 	-0.000521225 	0.000135353
2.61281 	0.026918 	-0.00051985 	0.000135351
2.61431 	0.0269139 	-0.000518228 	0.000135318
2.61581 	0.0269099 	-0.000516606 	0.000135285
2.61731 	0.0269059 	-0.000514985 	0.000135252
2.61881 	0.0269019 	-0.000513363 	0.000135219
2.62031 	0.0268979 	-0.000511741 	0.000135186
2.62181 	0.0268928 	-0.000509871 	0.000135125
2.62331 	0.0268873 	-0.000507869 	0.000135048
2.62481 	0.0268817 	-0.000505866 	0.000134971
2.62631 	0.0268761 	-0.000503863 	0.000134895
2.62781 	0.0268706 	-0.000501861 	0.000134818
2.62931 	0.026865 	-0.000499858 	0.000134741
2.63082 	0.0268594 	-0.000497856 	0.000134665
2.63232 	0.0268538 	-0.000495853 	0.000134588
2.63382 	0.0268483 	-0.000493851 	0.000134511
2.63532 	0.0268424 	-0.000491807 	0.000134435
2.63682 	0.0268365 	-0.000489745 	0.000134359
2.63832 	0.0268305 	-0.000487683 	0.000134282
2.63982 	0.0268245 	-0.000485621 	0.000134206
2.64132 	0.0268186 	-0.000483559 	0.00013413
2.64282 	0.0268126 	-0.000481497 	0.000134053
2.64432 	0.0268066 	-0.000479434 	0.000133977
2.64582 	0.0268007 	-0.000477372 	0.0001339
2.64732 	0.026795 	-0.000475436 	0.000133817
2.64882 	0.0267898 	-0.000473763 	0.00013372
2.65033 	0.0267846 	-0.000472089 	0.000133622
2.65183 	0.0267795 	-0.000470416 	0.000133524
2.65333 	0.0267743 	-0.000468743 	0.000133427
2.65483 	0.0267691 	-0.00046707 	0.000133329
2.65633 	0.0267638 	-0.000465574 	0.000133202
2.65783 	0.0267585 	-0.000464134 	0.000133064
2.65933 	0.0267531 	-0.000462693 	0.000132927
2.66083 	0.0267478 	-0.000461253 	0.00013279
2.66233 	0.0267424 	-0.000459812 	0.000132653
2.66383 	0.0267371 	-0.000458372 	0.000132516
2.66533 	0.0267317 	-0.000456932 	0.000132379
2.66683 	0.0267263 	-0.000455491 	0.000132242
2.66833 	0.0267215 	-0.00045419 	0.000132118
2.66983 	0.0267175 	-0.000453088 	0.000132015
2.67134 	0.0267134 	-0.000451986 	0.000131911
2.67284 	0.0267094 	-0.000450885 	0.000131807
2.67434 	0.0267053 	-0.000449783 	0.000131704
2.67584 	0.0267013 	-0.000448681 	0.0001316
2.67734 	0.0266972 	-0.000447579 	0.000131496
2.67884 	0.0266932 	-0.000446477 	0.000131393
2.68034 	0.026687 	-0.000444978 	0.000131231
2.68184 	0.0266796 	-0.000443238 	0.000131033
2.68334 	0.0266721 	-0.000441497 	0.000130836
2.68484 	0.0266647 	-0.000439757 	0.000130639
2.68634 	0.0266573 	-0.000438016 	0.000130442
2.68784 	0.0266489 	-0.000436119 	0.00013022
2.68934 	0.0266379 	-0.000433767 	0.000129929
2.69085 	0.0266269 	-0.000431415 	0.000129637
2.69235 	0.0266159 	-0.000429063 	0.000129346
2.69385 	0.0266049 	-0.000426711 	0.000129054
2.69535 	0.0265939 	-0.000424359 	0.000128763
2.69685 	0.026583 	-0.000422008 	0.000128471
2.69835 	0.026572 	-0.000419656 	0.00012818
2.69985 	0.0265615 	-0.000417448 	0.000127899
2.70135 	0.0265515 	-0.000415395 	0.00012763
2.70285 	0.0265416 	-0.000413342 	0.000127361
2.70435 	0.0265317 	-0.000411289 	0.000127093
2.70585 	0.0265217 	-0.000409236 	0.000126824
2.70735 	0.0265118 	-0.000407183 	0.000126555
2.70885 	0.0265019 	-0.00040513 	0.000126286
2.71036 	0.0264913 	-0.000403017 	0.000126004
2.71186 	0.0264789 	-0.000400711 	0.000125679
2.71336 	0.0264664 	-0.000398405 	0.000125354
2.71486 	0.026454 	-0.000396099 	0.000125029
2.71636 	0.0264415 	-0.000393793 	0.000124704
2.71786 	0.026429 	-0.000391488 	0.000124376
2.71936 	0.0264148 	-0.000389205 	0.000124006
2.72086 	0.0264007 	-0.000386922 	0.000123637
2.72236 	0.0263865 	-0.000384639 	0.000123268
2.72386 	0.0263724 	-0.000382356 	0.000122899
2.72536 	0.0263583 	-0.000380072 	0.00012253
2.72686 	0.0263441 	-0.000377789 	0.000122161
2.72836 	0.02633 	-0.000375506 	0.000121792
2.72986 	0.026315 	-0.000373133 	0.000121406
2.73137 	0.0262998 	-0.000370745 	0.000121018
2.73287 	0.0262847 	-0.000368357 	0.00012063
2.73437 	0.0262695 	-0.000365968 	0.000120242
2.73587 	0.0262544 	-0.00036358 	0.000119853
2.73737 	0.0262392 	-0.000361192 	0.000119465
2.73887 	0.0262244 	-0.000358866 	0.000119087
2.74037 	0.0262117 	-0.000356949 	0.000118775
2.74187 	0.026199 	-0.000355031 	0.000118462
2.74337 	0.0261863 	-0.000353114 	0.00011815
2.74487 	0.0261736 	-0.000351196 	0.000117837
2.74637 	0.0261613 	-0.000349372 	0.000117533
2.74787 	0.0261507 	-0.000347943 	0.000117265
2.74937 	0.02614 	-0.000346514 	0.000116997
2.75088 	0.0261294 	-0.000345085 	0.000116729
2.75238 	0.0261187 	-0.000343656 	0.00011646
2.75388 	0.0261081 	-0.000342227 	0.000116192
2.75538 	0.0260974 	-0.000340798 	0.000115924
2.75688 	0.0260864 	-0.000339346 	0.000115653
2.75838 	0.026075 	-0.000337869 	0.000115379
2.75988 	0.0260636 	-0.000336393 	0.000115105
2.76138 	0.0260522 	-0.000334917 	0.000114831
2.76288 	0.0260408 	-0.00033344 	0.000114557
2.76438 	0.0260294 	-0.000331964 	0.000114283
2.76588 	0.0260166 	-0.000330347 	0.000113996
2.76738 	0.0259994 	-0.000328296 	0.000113671
2.76888 	0.0259822 	-0.000326245 	0.000113346
2.77039 	0.025965 	-0.000324194 	0.000113021
2.77189 	0.0259478 	-0.000322143 	0.000112696
2.77339 	0.0259274 	-0.0003198 	0.000112344
2.77489 	0.025904 	-0.000317197 	0.000111966
2.77639 	0.0258806 	-0.000314593 	0.000111589
2.77789 	0.0258572 	-0.00031199 	0.000111211
2.77939 	0.0258339 	-0.000309387 	0.000110834
2.78089 	0.0258105 	-0.000306783 	0.000110456
2.78239 	0.0257866 	-0.00030414 	0.00011007
2.78389 	0.0257616 	-0.000301404 	0.000109665
2.78539 	0.0257366 	-0.000298669 	0.000109259
2.78689 	0.0257116 	-0.000295933 	0.000108854
2.78839 	0.0256865 	-0.000293198 	0.000108448
2.78989 	0.0256615 	-0.000290462 	0.000108042
2.7914 	0.0256388 	-0.000288021 	0.000107707
2.7929 	0.0256181 	-0.000285849 	0.000107436
2.7944 	0.0255975 	-0.000283677 	0.000107165
2.7959 	0.0255769 	-0.000281505 	0.000106894
2.7974 	0.0255563 	-0.000279354 	0.000106629
2.7989 	0.0255395 	-0.000277766 	0.000106519
2.8004 	0.0255227 	-0.000276178 	0.00010641
2.8019 	0.0255059 	-0.00027459 	0.000106301
2.8034 	0.0254891 	-0.000273002 	0.000106191
2.8049 	0.0254723 	-0.000271414 	0.000106082
2.8064 	0.0254552 	-0.000269807 	0.000105967
2.8079 	0.0254373 	-0.000268151 	0.000105838
2.8094 	0.0254193 	-0.000266494 	0.000105709
2.81091 	0.0254013 	-0.000264837 	0.00010558
2.81241 	0.0253833 	-0.00026318 	0.000105451
2.81391 	0.0253653 	-0.000261523 	0.000105322
2.81541 	0.0253387 	-0.000259267 	0.00010516
2.81691 	0.0253114 	-0.000256955 	0.000104994
2.81841 	0.025284 	-0.000254642 	0.000104829
2.81991 	0.0252566 	-0.00025233 	0.000104663
2.82141 	0.0252228 	-0.000249611 	0.000104494
2.82291 	0.0251858 	-0.000246681 	0.000104323
2.82441 	0.0251487 	-0.000243751 	0.000104151
2.82591 	0.0251116 	-0.00024082 	0.00010398
2.82741 	0.0250745 	-0.00023789 	0.000103808
2.82891 	0.0250365 	-0.000234903 	0.000103633
2.83042 	0.0249967 	-0.000231795 	0.00010345
2.83192 	0.0249569 	-0.000228687 	0.000103267
2.83342 	0.0249171 	-0.000225579 	0.000103084
2.83492 	0.0248773 	-0.000222471 	0.000102901
2.83642 	0.0248401 	-0.000219606 	0.000102721
2.83792 	0.0248075 	-0.000217171 	0.000102545
2.83942 	0.0247749 	-0.000214735 	0.000102369
2.84092 	0.0247423 	-0.0002123 	0.000102194
2.84242 	0.0247119 	-0.000210102 	0.000102026
2.84392 	0.0246861 	-0.000208381 	0.000101875
2.84542 	0.0246603 	-0.000206659 	0.000101725
2.84692 	0.0246344 	-0.000204937 	0.000101574
2.84842 	0.0246086 	-0.000203216 	0.000101423
2.84992 	0.0245819 	-0.000201454 	0.000101274
2.85143 	0.0245542 	-0.00019963 	0.000101125
2.85293 	0.0245264 	-0.000197806 	0.000100977
2.85443 	0.0244986 	-0.000195981 	0.000100829
2.85593 	0.0244708 	-0.000194157 	0.000100681
2.85743 	0.0244307 	-0.000191745 	0.000100472
2.85893 	0.0243879 	-0.000189197 	0.000100249
2.86043 	0.024345 	-0.000186648 	0.000100026
2.86193 	0.024302 	-0.000184095 	9.98021e-05
2.86343 	0.0242441 	-0.000180885 	9.95044e-05
2.86493 	0.0241861 	-0.000177676 	9.92067e-05
2.86643 	0.0241281 	-0.000174466 	9.8909e-05
2.86793 	0.0240702 	-0.000171257 	9.86113e-05
2.86943 	0.0240102 	-0.000167949 	9.83109e-05
2.87094 	0.0239477 	-0.000164513 	9.80072e-05
2.87244 	0.0238852 	-0.000161076 	9.77035e-05
2.87394 	0.0238226 	-0.00015764 	9.73998e-05
2.87544 	0.0237625 	-0.000154366 	9.71146e-05
2.87694 	0.0237117 	-0.000151714 	9.69007e-05
2.87844 	0.023661 	-0.000149062 	9.66868e-05
2.87994 	0.0236102 	-0.00014641 	9.64729e-05
2.88144 	0.0235667 	-0.000144298 	9.63153e-05
2.88294 	0.0235276 	-0.000142511 	9.61915e-05
2.88444 	0.0234885 	-0.000140723 	9.60677e-05
2.88594 	0.0234494 	-0.000138936 	9.59439e-05
2.88744 	0.023409 	-0.000137092 	9.58245e-05
2.88894 	0.0233665 	-0.000135163 	9.57115e-05
2.89045 	0.023324 	-0.000133235 	9.55985e-05
2.89195 	0.0232815 	-0.000131307 	9.54855e-05
2.89345 	0.0232272 	-0.000129018 	9.53721e-05
2.89495 	0.0231608 	-0.000126362 	9.52581e-05
2.89645 	0.0230945 	-0.000123706 	9.51442e-05
2.89795 	0.0230251 	-0.000120971 	9.50311e-05
2.89945 	0.0229356 	-0.000117699 	9.49242e-05
2.90095 	0.0228461 	-0.000114427 	9.48173e-05
2.90245 	0.0227565 	-0.000111155 	9.47104e-05
2.90395 	0.0226652 	-0.000107821 	9.46032e-05
2.90545 	0.0225679 	-0.000104279 	9.44955e-05
2.90695 	0.0224706 	-0.000100737 	9.43877e-05
2.90845 	0.0223733 	-9.71949e-05 	9.42799e-05
2.90995 	0.0222874 	-9.4185e-05 	9.42083e-05
2.91146 	0.0222085 	-9.14981e-05 	9.41587e-05
2.91296 	0.0221295 	-8.88111e-05 	9.41091e-05
2.91446 	0.0220594 	-8.65818e-05 	9.40908e-05
2.91596 	0.0219996 	-8.48811e-05 	9.41088e-05
2.91746 	0.0219398 	-8.31803e-05 	9.41268e-05
2.91896 	0.02188 	-8.14796e-05 	9.41447e-05
2.92046 	0.0218151 	-7.96371e-05 	9.41428e-05
2.92196 	0.0217493 	-7.77723e-05 	9.41378e-05
2.92346 	0.0216836 	-7.59074e-05 	9.41327e-05
2.92496 	0.0216163 	-7.40774e-05 	9.41466e-05
2.92646 	0.0215478 	-7.22772e-05 	9.41768e-05
2.92796 	0.0214793 	-7.04769e-05 	9.4207e-05
2.92946 	0.0214089 	-6.87482e-05 	9.42523e-05
2.93097 	0.021337 	-6.70712e-05 	9.43085e-05
2.93247 	0.0212652 	-6.53941e-05 	9.43647e-05
2.93397 	0.0211917 	-6.36796e-05 	9.44142e-05
2.93547 	0.0211136 	-6.18585e-05 	9.44447e-05
2.93697 	0.0210356 	-6.00374e-05 	9.44753e-05
2.93847 	0.0209481 	-5.80964e-05 	9.45035e-05
2.93997 	0.0208211 	-5.56558e-05 	9.45219e-05
2.94147 	0.0206941 	-5.32153e-05 	9.45403e-05
2.94297 	0.0205472 	-5.05816e-05 	9.45381e-05
2.94447 	0.020374 	-4.76904e-05 	9.45082e-05
2.94597 	0.0202008 	-4.47991e-05 	9.44784e-05
2.94747 	0.020022 	-4.18138e-05 	9.44467e-05
2.94897 	0.0198335 	-3.86655e-05 	9.44119e-05
2.95048 	0.0196451 	-3.55173e-05 	9.43771e-05
2.95198 	0.019475 	-3.2819e-05 	9.43053e-05
2.95348 	0.0193207 	-3.05036e-05 	9.42022e-05
2.95498 	0.0191663 	-2.81882e-05 	9.40991e-05
2.95648 	0.0190476 	-2.68551e-05 	9.39012e-05
2.95798 	0.0189305 	-2.55639e-05 	9.36993e-05
2.95948 	0.0188118 	-2.42511e-05 	9.34968e-05
2.96098 	0.0186828 	-2.28013e-05 	9.32902e-05
2.96248 	0.0185539 	-2.13516e-05 	9.30835e-05
2.96398 	0.0184204 	-1.99599e-05 	9.28181e-05
2.96548 	0.0182829 	-1.86191e-05 	9.25013e-05
2.96698 	0.0181445 	-1.73066e-05 	9.21717e-05
2.96848 	0.0179992 	-1.61901e-05 	9.17537e-05
2.96998 	0.0178539 	-1.50736e-05 	9.13358e-05
2.97149 	0.0177015 	-1.38772e-05 	9.08983e-05
2.97299 	0.0175429 	-1.26089e-05 	9.04434e-05
2.97449 	0.0173828 	-1.13561e-05 	8.99691e-05
2.97599 	0.0172126 	-1.02086e-05 	8.93643e-05
2.97749 	0.0170424 	-9.06118e-06 	8.87595e-05
2.97899 	0.0168628 	-8.13494e-06 	8.80479e-05
2.98049 	0.016682 	-7.23652e-06 	8.73229e-05
2.98199 	0.0164938 	-6.26744e-06 	8.65648e-05
2.98349 	0.016298 	-5.22574e-06 	8.57727e-05
2.98499 	0.0160626 	-4.16154e-06 	8.47336e-05
2.98649 	0.015728 	-3.04112e-06 	8.30772e-05
2.98799 	0.0153669 	-1.94385e-06 	8.1262e-05
2.98949 	0.0149013 	-9.37859e-07 	7.88206e-05
2.991 	0.0144356 	6.81299e-08 	7.63793e-05
2.9925 	0.0139294 	1.22613e-06 	7.37304e-05
2.994 	0.013423 	2.3846e-06 	7.10809e-05
2.9955 	0.0110783 	2.56629e-06 	5.87236e-05
2.997 	0.00861084 	2.66863e-06 	4.5714e-05
2.9985 	0.00430542 	1.33432e-06 	2.2857e-05
3 	0 	0 	0
