4.99583e-19 	7.12388e-20 	-2.61299e-22 	-2.60757e-21
0.00150075 	0.000214002 	-7.84944e-07 	-7.83316e-06
0.0030015 	0.000419783 	-1.95644e-06 	-1.42611e-05
0.00450225 	0.000625003 	-3.15432e-06 	-2.0593e-05
0.006003 	0.000830223 	-4.3522e-06 	-2.6925e-05
0.00750375 	0.00103387 	-5.57207e-06 	-3.31832e-05
0.0090045 	0.00121347 	-7.12856e-06 	-3.83166e-05
0.0105053 	0.00137841 	-9.11651e-06 	-4.34346e-05
0.012006 	0.0015253 	-1.09297e-05 	-4.74404e-05
0.0135068 	0.00166924 	-1.27144e-05 	-5.12645e-05
0.0150075 	0.00181318 	-1.44991e-05 	-5.50885e-05
0.0165083 	0.00195711 	-1.62838e-05 	-5.89125e-05
0.018009 	0.00208167 	-1.78963e-05 	-6.19646e-05
0.0195098 	0.00219074 	-1.99615e-05 	-6.45514e-05
0.0210105 	0.00229894 	-2.26326e-05 	-6.71003e-05
0.0225113 	0.00241687 	-2.54919e-05 	-6.96479e-05
0.024012 	0.0025348 	-2.83513e-05 	-7.21955e-05
0.0255128 	0.00265273 	-3.12107e-05 	-7.47432e-05
0.0270135 	0.00277067 	-3.407e-05 	-7.72908e-05
0.0285143 	0.00289382 	-3.70422e-05 	-7.98883e-05
0.030015 	0.00301442 	-4.08363e-05 	-8.21867e-05
0.0315158 	0.0031259 	-4.5284e-05 	-8.40813e-05
0.0330165 	0.0032176 	-4.86406e-05 	-8.57254e-05
0.0345173 	0.0033093 	-5.19973e-05 	-8.73696e-05
0.036018 	0.003401 	-5.53539e-05 	-8.90137e-05
0.0375188 	0.0034927 	-5.87106e-05 	-9.06578e-05
0.0390195 	0.00357977 	-6.18289e-05 	-9.22843e-05
0.0405203 	0.00364433 	-6.37886e-05 	-9.38256e-05
0.042021 	0.00370381 	-6.76227e-05 	-9.43851e-05
0.0435218 	0.00376112 	-7.13013e-05 	-9.49582e-05
0.0450225 	0.00381678 	-7.44383e-05 	-9.57334e-05
0.0465233 	0.00387245 	-7.75752e-05 	-9.65087e-05
0.048024 	0.00392812 	-8.07122e-05 	-9.7284e-05
0.0495248 	0.00398379 	-8.38491e-05 	-9.80592e-05
0.0510255 	0.00403932 	-8.69517e-05 	-9.88562e-05
0.0525263 	0.00409079 	-8.90166e-05 	-0.000100308
0.054027 	0.00413909 	-9.25109e-05 	-0.000100891
0.0555278 	0.00418628 	-9.67999e-05 	-0.00010105
0.0570285 	0.00423833 	-0.000100875 	-0.000101739
0.0585293 	0.00429038 	-0.00010495 	-0.000102428
0.06003 	0.00434243 	-0.000109025 	-0.000103117
0.0615308 	0.00439448 	-0.0001131 	-0.000103806
0.0630315 	0.00444653 	-0.000117175 	-0.000104495
0.0645323 	0.0044997 	-0.000121169 	-0.000105432
0.066033 	0.00455653 	-0.000124894 	-0.000107185
0.0675338 	0.00460963 	-0.000130033 	-0.000107899
0.0690345 	0.00466012 	-0.00013547 	-0.000108285
0.0705353 	0.00470225 	-0.000139616 	-0.000108906
0.072036 	0.00474438 	-0.000143761 	-0.000109527
0.0735368 	0.00478651 	-0.000147907 	-0.000110148
0.0750375 	0.00482864 	-0.000152053 	-0.000110769
0.0765383 	0.00487077 	-0.000156199 	-0.00011139
0.078039 	0.0049129 	-0.000160345 	-0.000112011
0.0795398 	0.00494782 	-0.000163368 	-0.000113147
0.0810405 	0.0049797 	-0.000166177 	-0.000114323
0.0825413 	0.00500944 	-0.00017029 	-0.000114525
0.084042 	0.00503855 	-0.000174142 	-0.000114869
0.0855428 	0.00506681 	-0.000177643 	-0.000115406
0.0870435 	0.00509506 	-0.000181143 	-0.000115943
0.0885443 	0.00512332 	-0.000184643 	-0.00011648
0.090045 	0.00515157 	-0.000188143 	-0.000117017
0.0915458 	0.00517982 	-0.000191644 	-0.000117553
0.0930465 	0.00520808 	-0.000195144 	-0.00011809
0.0945473 	0.00523571 	-0.000198388 	-0.00011889
0.096048 	0.00526265 	-0.000201338 	-0.000119992
0.0975488 	0.00528866 	-0.000204996 	-0.000120516
0.0990495 	0.00531441 	-0.000208862 	-0.000120869
0.10055 	0.00533869 	-0.000212372 	-0.000121509
0.102051 	0.0053629 	-0.000215864 	-0.000122163
0.103552 	0.00538711 	-0.000219357 	-0.000122817
0.105053 	0.00541132 	-0.000222849 	-0.00012347
0.106553 	0.00543553 	-0.000226342 	-0.000124124
0.108054 	0.00545974 	-0.000229834 	-0.000124777
0.109555 	0.00548395 	-0.000233327 	-0.000125431
0.111056 	0.0055076 	-0.000236738 	-0.000126212
0.112556 	0.0055304 	-0.000240026 	-0.000127187
0.114057 	0.00555307 	-0.00024352 	-0.000127888
0.115558 	0.00557565 	-0.000247152 	-0.000128406
0.117059 	0.00559735 	-0.000250678 	-0.000129118
0.118559 	0.00561861 	-0.000254153 	-0.000129925
0.12006 	0.00563987 	-0.000257628 	-0.000130731
0.121561 	0.00566114 	-0.000261103 	-0.000131538
0.123062 	0.0056824 	-0.000264578 	-0.000132344
0.124562 	0.00570367 	-0.000268053 	-0.000133151
0.126063 	0.00572493 	-0.000271527 	-0.000133958
0.127564 	0.00574619 	-0.000275002 	-0.000134764
0.129065 	0.00576681 	-0.000278534 	-0.000135618
0.130565 	0.00578668 	-0.00028213 	-0.000136527
0.132066 	0.00580673 	-0.00028564 	-0.000137251
0.133567 	0.00582692 	-0.000289084 	-0.000137831
0.135068 	0.00584653 	-0.000292543 	-0.00013857
0.136568 	0.00586561 	-0.000296015 	-0.000139452
0.138069 	0.00588468 	-0.000299487 	-0.000140334
0.13957 	0.00590376 	-0.000302959 	-0.000141216
0.141071 	0.00592284 	-0.000306431 	-0.000142098
0.142571 	0.00594192 	-0.000309902 	-0.00014298
0.144072 	0.005961 	-0.000313374 	-0.000143862
0.145573 	0.00598008 	-0.000316846 	-0.000144745
0.147074 	0.00599916 	-0.000320318 	-0.000145627
0.148574 	0.00601745 	-0.000324032 	-0.000146487
0.150075 	0.00603525 	-0.000327894 	-0.000147335
0.151576 	0.00605342 	-0.000331442 	-0.000147972
0.153077 	0.00607183 	-0.000334788 	-0.000148475
0.154577 	0.00608977 	-0.0003382 	-0.000149137
0.156078 	0.00610715 	-0.000341686 	-0.000149984
0.157579 	0.00612453 	-0.000345173 	-0.000150832
0.15908 	0.00614191 	-0.00034866 	-0.00015168
0.16058 	0.00615929 	-0.000352146 	-0.000152527
0.162081 	0.00617668 	-0.000355633 	-0.000153375
0.163582 	0.00619406 	-0.00035912 	-0.000154222
0.165083 	0.00621144 	-0.000362606 	-0.00015507
0.166583 	0.00622882 	-0.000366093 	-0.000155918
0.168084 	0.0062462 	-0.00036958 	-0.000156765
0.169585 	0.00626273 	-0.000373524 	-0.000157578
0.171086 	0.00627906 	-0.00037758 	-0.000158381
0.172586 	0.00629592 	-0.000381219 	-0.000158938
0.174087 	0.00631304 	-0.000384667 	-0.000159381
0.175588 	0.00632973 	-0.000388132 	-0.000159953
0.177089 	0.00634583 	-0.000391622 	-0.000160697
0.178589 	0.00636194 	-0.000395112 	-0.000161441
0.18009 	0.00637805 	-0.000398602 	-0.000162184
0.181591 	0.00639416 	-0.000402092 	-0.000162928
0.183092 	0.00641027 	-0.000405582 	-0.000163672
0.184592 	0.00642637 	-0.000409072 	-0.000164416
0.186093 	0.00644248 	-0.000412562 	-0.00016516
0.187594 	0.00645859 	-0.000416052 	-0.000165903
0.189095 	0.0064747 	-0.000419542 	-0.000166647
0.190595 	0.00649081 	-0.000423032 	-0.000167391
0.192096 	0.00650614 	-0.000427017 	-0.000168077
0.193597 	0.00652144 	-0.000431026 	-0.000168761
0.195098 	0.0065374 	-0.000434743 	-0.000169429
0.196598 	0.00655361 	-0.000438355 	-0.000170093
0.198099 	0.00656944 	-0.000441911 	-0.000170717
0.1996 	0.00658461 	-0.000445371 	-0.000171273
0.201101 	0.00659979 	-0.000448831 	-0.00017183
0.202601 	0.00661497 	-0.000452292 	-0.000172387
0.204102 	0.00663014 	-0.000455752 	-0.000172943
0.205603 	0.00664532 	-0.000459212 	-0.0001735
0.207104 	0.0066605 	-0.000462673 	-0.000174056
0.208604 	0.00667567 	-0.000466133 	-0.000174613
0.210105 	0.00669085 	-0.000469593 	-0.00017517
0.211606 	0.00670603 	-0.000473053 	-0.000175726
0.213107 	0.0067212 	-0.000476514 	-0.000176283
0.214607 	0.00673637 	-0.000479981 	-0.000176831
0.216108 	0.00675092 	-0.000483751 	-0.000176967
0.217609 	0.00676547 	-0.000487522 	-0.000177104
0.21911 	0.00678061 	-0.000491213 	-0.00017778
0.22061 	0.006796 	-0.000494868 	-0.000178693
0.222111 	0.00681122 	-0.000498469 	-0.000179452
0.223612 	0.00682586 	-0.000501883 	-0.000179678
0.225113 	0.00684051 	-0.000505296 	-0.000179904
0.226613 	0.00685515 	-0.00050871 	-0.00018013
0.228114 	0.00686979 	-0.000512124 	-0.000180357
0.229615 	0.00688443 	-0.000515537 	-0.000180583
0.231116 	0.00689907 	-0.000518951 	-0.000180809
0.232616 	0.00691371 	-0.000522365 	-0.000181035
0.234117 	0.00692835 	-0.000525778 	-0.000181261
0.235618 	0.006943 	-0.000529192 	-0.000181488
0.237119 	0.00695764 	-0.000532606 	-0.000181714
0.238619 	0.00697228 	-0.000536019 	-0.00018194
0.24012 	0.00698692 	-0.000539433 	-0.000182166
0.241621 	0.00700129 	-0.000542973 	-0.000181543
0.243122 	0.00701565 	-0.000546521 	-0.000180866
0.244622 	0.00703028 	-0.000550086 	-0.000180952
0.246123 	0.00704516 	-0.000553667 	-0.000181747
0.247624 	0.00706004 	-0.000557248 	-0.000182542
0.249125 	0.00707463 	-0.000560612 	-0.000182507
0.250625 	0.0070892 	-0.000563964 	-0.000182424
0.252126 	0.00710378 	-0.000567316 	-0.000182341
0.253627 	0.00711835 	-0.000570668 	-0.000182258
0.255128 	0.00713292 	-0.00057402 	-0.000182176
0.256628 	0.00714749 	-0.000577372 	-0.000182093
0.258129 	0.00716206 	-0.000580724 	-0.00018201
0.25963 	0.00717663 	-0.000584076 	-0.000181927
0.261131 	0.0071912 	-0.000587428 	-0.000181845
0.262631 	0.00720577 	-0.00059078 	-0.000181762
0.264132 	0.00722034 	-0.000594132 	-0.000181679
0.265633 	0.00723492 	-0.000597484 	-0.000181596
0.267134 	0.00724949 	-0.000600836 	-0.000181514
0.268634 	0.00726411 	-0.000604205 	-0.000180787
0.270135 	0.00727877 	-0.000607584 	-0.000179726
0.271636 	0.00729345 	-0.000610977 	-0.000178876
0.273137 	0.00730827 	-0.000614461 	-0.000179292
0.274637 	0.00732309 	-0.000617945 	-0.000179707
0.276138 	0.00733787 	-0.000621329 	-0.000179835
0.277639 	0.00735262 	-0.000624604 	-0.00017965
0.27914 	0.00736737 	-0.000627879 	-0.000179464
0.28064 	0.00738212 	-0.000631155 	-0.000179279
0.282141 	0.00739687 	-0.00063443 	-0.000179094
0.283642 	0.00741162 	-0.000637705 	-0.000178908
0.285143 	0.00742637 	-0.000640981 	-0.000178723
0.286643 	0.00744112 	-0.000644256 	-0.000178538
0.288144 	0.00745587 	-0.000647531 	-0.000178352
0.289645 	0.00747062 	-0.000650807 	-0.000178167
0.291146 	0.00748537 	-0.000654082 	-0.000177982
0.292646 	0.00750012 	-0.000657357 	-0.000177796
0.294147 	0.00751487 	-0.000660633 	-0.000177611
0.295648 	0.00752962 	-0.000663908 	-0.000177426
0.297149 	0.0075444 	-0.00066718 	-0.000177167
0.298649 	0.00755943 	-0.000670431 	-0.000176346
0.30015 	0.00757446 	-0.000673682 	-0.000175525
0.301651 	0.00758937 	-0.000676996 	-0.000175161
0.303152 	0.00760417 	-0.000680367 	-0.000175225
0.304652 	0.00761898 	-0.000683739 	-0.000175289
0.306153 	0.00763388 	-0.000686983 	-0.000175167
0.307654 	0.00764881 	-0.000690189 	-0.00017499
0.309155 	0.00766375 	-0.000693396 	-0.000174813
0.310655 	0.00767868 	-0.000696602 	-0.000174636
0.312156 	0.00769361 	-0.000699809 	-0.00017446
0.313657 	0.00770855 	-0.000703015 	-0.000174283
0.315158 	0.00772348 	-0.000706222 	-0.000174106
0.316658 	0.00773841 	-0.000709428 	-0.000173929
0.318159 	0.00775335 	-0.000712635 	-0.000173752
0.31966 	0.00776828 	-0.000715841 	-0.000173575
0.321161 	0.00778321 	-0.000719048 	-0.000173398
0.322661 	0.00779815 	-0.000722254 	-0.000173222
0.324162 	0.00781308 	-0.000725461 	-0.000173045
0.325663 	0.00782801 	-0.000728667 	-0.000172868
0.327164 	0.00784295 	-0.000731874 	-0.000172691
0.328664 	0.007858 	-0.000735081 	-0.000172473
0.330165 	0.00787338 	-0.000738292 	-0.000172136
0.331666 	0.00788876 	-0.000741502 	-0.000171799
0.333167 	0.0079038 	-0.000744765 	-0.000171606
0.334667 	0.00791861 	-0.000748065 	-0.000171514
0.336168 	0.00793341 	-0.000751365 	-0.000171421
0.337669 	0.00794845 	-0.000754528 	-0.000171189
0.33917 	0.00796356 	-0.00075765 	-0.000170916
0.34067 	0.00797867 	-0.000760772 	-0.000170643
0.342171 	0.00799378 	-0.000763895 	-0.00017037
0.343672 	0.00800889 	-0.000767017 	-0.000170097
0.345173 	0.008024 	-0.000770139 	-0.000169824
0.346673 	0.00803911 	-0.000773262 	-0.000169551
0.348174 	0.00805422 	-0.000776384 	-0.000169278
0.349675 	0.00806933 	-0.000779506 	-0.000169006
0.351176 	0.00808444 	-0.000782629 	-0.000168733
0.352676 	0.00809955 	-0.000785751 	-0.00016846
0.354177 	0.00811466 	-0.000788873 	-0.000168187
0.355678 	0.00812977 	-0.000791996 	-0.000167914
0.357179 	0.00814488 	-0.000795118 	-0.000167641
0.358679 	0.00815999 	-0.00079824 	-0.000167368
0.36018 	0.0081751 	-0.000801363 	-0.000167095
0.361681 	0.00819023 	-0.000804484 	-0.000166824
0.363182 	0.00820601 	-0.000807575 	-0.0001666
0.364682 	0.00822179 	-0.000810666 	-0.000166376
0.366183 	0.00823733 	-0.000813803 	-0.000166131
0.367684 	0.00825234 	-0.000817047 	-0.000165838
0.369185 	0.00826736 	-0.00082029 	-0.000165545
0.370685 	0.00828268 	-0.000823424 	-0.000165178
0.372186 	0.00829841 	-0.000826417 	-0.000164719
0.373687 	0.00831414 	-0.00082941 	-0.00016426
0.375188 	0.00832987 	-0.000832403 	-0.0001638
0.376688 	0.0083456 	-0.000835396 	-0.000163341
0.378189 	0.00836133 	-0.000838389 	-0.000162881
0.37969 	0.00837705 	-0.000841382 	-0.000162422
0.381191 	0.00839278 	-0.000844375 	-0.000161962
0.382691 	0.00840851 	-0.000847368 	-0.000161503
0.384192 	0.00842424 	-0.000850362 	-0.000161043
0.385693 	0.00843997 	-0.000853355 	-0.000160584
0.387194 	0.00845569 	-0.000856348 	-0.000160124
0.388694 	0.00847142 	-0.000859341 	-0.000159665
0.390195 	0.00848715 	-0.000862334 	-0.000159206
0.391696 	0.00850288 	-0.000865327 	-0.000158746
0.393197 	0.00851861 	-0.00086832 	-0.000158287
0.394697 	0.00853433 	-0.000871313 	-0.000157827
0.396198 	0.00855006 	-0.000874306 	-0.000157368
0.397699 	0.00856626 	-0.00087724 	-0.000156952
0.3992 	0.00858318 	-0.000880085 	-0.000156601
0.4007 	0.00860009 	-0.00088293 	-0.00015625
0.402201 	0.00861645 	-0.000885937 	-0.000155821
0.403702 	0.00863248 	-0.000889039 	-0.000155346
0.405203 	0.00864851 	-0.000892141 	-0.000154872
0.406703 	0.00866527 	-0.000895036 	-0.000154272
0.408204 	0.00868231 	-0.000897851 	-0.000153623
0.409705 	0.00869935 	-0.000900666 	-0.000152975
0.411206 	0.00871639 	-0.000903482 	-0.000152327
0.412706 	0.00873342 	-0.000906297 	-0.000151679
0.414207 	0.00875046 	-0.000909112 	-0.00015103
0.415708 	0.0087675 	-0.000911928 	-0.000150382
0.417209 	0.00878454 	-0.000914743 	-0.000149734
0.418709 	0.00880158 	-0.000917558 	-0.000149086
0.42021 	0.00881862 	-0.000920374 	-0.000148437
0.421711 	0.00883565 	-0.000923189 	-0.000147789
0.423212 	0.00885269 	-0.000926004 	-0.000147141
0.424712 	0.00886973 	-0.000928819 	-0.000146493
0.426213 	0.00888677 	-0.000931635 	-0.000145844
0.427714 	0.00890381 	-0.00093445 	-0.000145196
0.429215 	0.00892085 	-0.000937265 	-0.000144548
0.430715 	0.00893789 	-0.000940081 	-0.0001439
0.432216 	0.00895492 	-0.000942896 	-0.000143251
0.433717 	0.00897196 	-0.000945711 	-0.000142603
0.435218 	0.00898945 	-0.000948462 	-0.000141961
0.436718 	0.00900796 	-0.000951067 	-0.000141332
0.438219 	0.00902646 	-0.000953672 	-0.000140702
0.43972 	0.0090445 	-0.000956361 	-0.000139912
0.441221 	0.00906209 	-0.00095913 	-0.000138969
0.442721 	0.00907968 	-0.000961899 	-0.000138027
0.444222 	0.0090977 	-0.000964575 	-0.000137197
0.445723 	0.00911601 	-0.000967188 	-0.000136444
0.447224 	0.00913432 	-0.0009698 	-0.000135691
0.448724 	0.00915263 	-0.000972412 	-0.000134938
0.450225 	0.00917094 	-0.000975025 	-0.000134185
0.451726 	0.00918925 	-0.000977637 	-0.000133432
0.453227 	0.00920756 	-0.000980249 	-0.000132679
0.454727 	0.00922587 	-0.000982862 	-0.000131926
0.456228 	0.00924418 	-0.000985474 	-0.000131173
0.457729 	0.0092625 	-0.000988087 	-0.00013042
0.45923 	0.00928081 	-0.000990699 	-0.000129667
0.46073 	0.00929912 	-0.000993311 	-0.000128914
0.462231 	0.00931743 	-0.000995924 	-0.000128162
0.463732 	0.00933574 	-0.000998536 	-0.000127409
0.465233 	0.00935405 	-0.00100115 	-0.000126656
0.466733 	0.00937236 	-0.00100376 	-0.000125903
0.468234 	0.00939067 	-0.00100637 	-0.00012515
0.469735 	0.00940898 	-0.00100899 	-0.000124397
0.471236 	0.0094273 	-0.0010116 	-0.000123644
0.472736 	0.00944561 	-0.00101421 	-0.000122891
0.474237 	0.00946392 	-0.00101682 	-0.000122138
0.475738 	0.00948302 	-0.0010194 	-0.000121533
0.477239 	0.00950242 	-0.00102197 	-0.000120985
0.478739 	0.00952183 	-0.00102454 	-0.000120437
0.48024 	0.00954059 	-0.00102701 	-0.000119446
0.481741 	0.00955929 	-0.00102947 	-0.000118421
0.483242 	0.00957801 	-0.00103194 	-0.000117397
0.484742 	0.00959706 	-0.00103436 	-0.000116454
0.486243 	0.0096161 	-0.00103678 	-0.00011551
0.487744 	0.00963515 	-0.00103921 	-0.000114566
0.489245 	0.0096542 	-0.00104163 	-0.000113622
0.490745 	0.00967325 	-0.00104405 	-0.000112678
0.492246 	0.0096923 	-0.00104647 	-0.000111734
0.493747 	0.00971135 	-0.0010489 	-0.00011079
0.495248 	0.0097304 	-0.00105132 	-0.000109847
0.496748 	0.00974945 	-0.00105374 	-0.000108903
0.498249 	0.00976849 	-0.00105616 	-0.000107959
0.49975 	0.00978754 	-0.00105858 	-0.000107015
0.501251 	0.00980659 	-0.00106101 	-0.000106071
0.502751 	0.00982564 	-0.00106343 	-0.000105127
0.504252 	0.00984469 	-0.00106585 	-0.000104183
0.505753 	0.00986374 	-0.00106827 	-0.000103239
0.507254 	0.00988279 	-0.0010707 	-0.000102296
0.508754 	0.00990184 	-0.00107312 	-0.000101352
0.510255 	0.00992088 	-0.00107554 	-0.000100408
0.511756 	0.00993993 	-0.00107796 	-9.9464e-05
0.513257 	0.00995898 	-0.00108039 	-9.85201e-05
0.514757 	0.00997803 	-0.00108281 	-9.75762e-05
0.516258 	0.00999708 	-0.00108523 	-9.66324e-05
0.517759 	0.0100165 	-0.00108773 	-9.57379e-05
0.51926 	0.0100362 	-0.00109027 	-9.48744e-05
0.52076 	0.0100558 	-0.00109281 	-9.40109e-05
0.522261 	0.010075 	-0.00109509 	-9.28116e-05
0.523762 	0.0100941 	-0.00109731 	-9.15531e-05
0.525263 	0.0101131 	-0.00109953 	-9.02946e-05
0.526763 	0.0101292 	-0.00110144 	-8.92879e-05
0.528264 	0.0101453 	-0.00110333 	-8.8288e-05
0.529765 	0.0101613 	-0.00110522 	-8.72881e-05
0.531266 	0.0101773 	-0.00110712 	-8.62882e-05
0.532766 	0.0101933 	-0.00110901 	-8.52884e-05
0.534267 	0.0102094 	-0.0011109 	-8.42885e-05
0.535768 	0.0102254 	-0.0011128 	-8.32886e-05
0.537269 	0.0102414 	-0.00111469 	-8.22887e-05
0.538769 	0.0102574 	-0.00111658 	-8.12888e-05
0.54027 	0.0102734 	-0.00111848 	-8.02889e-05
0.541771 	0.0102895 	-0.00112037 	-7.9289e-05
0.543272 	0.0103055 	-0.00112226 	-7.82891e-05
0.544772 	0.0103215 	-0.00112416 	-7.72892e-05
0.546273 	0.0103375 	-0.00112605 	-7.62893e-05
0.547774 	0.0103535 	-0.00112794 	-7.52895e-05
0.549275 	0.0103696 	-0.00112984 	-7.42896e-05
0.550775 	0.0103856 	-0.00113173 	-7.32897e-05
0.552276 	0.0104016 	-0.00113362 	-7.22898e-05
0.553777 	0.0104176 	-0.00113552 	-7.12899e-05
0.555278 	0.0104337 	-0.00113741 	-7.029e-05
0.556778 	0.0104497 	-0.0011393 	-6.92901e-05
0.558279 	0.0104657 	-0.0011412 	-6.82902e-05
0.55978 	0.0104817 	-0.00114309 	-6.72903e-05
0.561281 	0.0104977 	-0.00114498 	-6.62904e-05
0.562781 	0.0105111 	-0.00114672 	-6.56257e-05
0.564282 	0.0105244 	-0.00114845 	-6.49726e-05
0.565783 	0.0105375 	-0.00115008 	-6.42007e-05
0.567284 	0.0105505 	-0.00115146 	-6.30853e-05
0.568784 	0.0105634 	-0.00115283 	-6.19699e-05
0.570285 	0.010578 	-0.00115441 	-6.08636e-05
0.571786 	0.0105946 	-0.00115624 	-5.97688e-05
0.573287 	0.0106111 	-0.00115807 	-5.8674e-05
0.574787 	0.0106277 	-0.00115991 	-5.75793e-05
0.576288 	0.0106443 	-0.00116174 	-5.64845e-05
0.577789 	0.0106608 	-0.00116357 	-5.53897e-05
0.57929 	0.0106774 	-0.0011654 	-5.42949e-05
0.58079 	0.010694 	-0.00116724 	-5.32001e-05
0.582291 	0.0107105 	-0.00116907 	-5.21053e-05
0.583792 	0.0107271 	-0.0011709 	-5.10105e-05
0.585293 	0.0107437 	-0.00117273 	-4.99157e-05
0.586793 	0.0107602 	-0.00117457 	-4.88209e-05
0.588294 	0.0107768 	-0.0011764 	-4.77261e-05
0.589795 	0.0107934 	-0.00117823 	-4.66313e-05
0.591296 	0.0108099 	-0.00118006 	-4.55365e-05
0.592796 	0.0108265 	-0.00118189 	-4.44417e-05
0.594297 	0.0108431 	-0.00118373 	-4.33469e-05
0.595798 	0.0108596 	-0.00118556 	-4.22521e-05
0.597299 	0.0108762 	-0.00118739 	-4.11573e-05
0.598799 	0.0108928 	-0.00118922 	-4.00625e-05
0.6003 	0.0109093 	-0.00119106 	-3.89677e-05
0.601801 	0.0109259 	-0.00119289 	-3.78729e-05
0.603302 	0.0109425 	-0.00119472 	-3.67781e-05
0.604802 	0.010959 	-0.00119655 	-3.56833e-05
0.606303 	0.0109756 	-0.00119839 	-3.45885e-05
0.607804 	0.0109922 	-0.00120022 	-3.34937e-05
0.609305 	0.0110117 	-0.00120251 	-3.24662e-05
0.610805 	0.0110321 	-0.00120494 	-3.14594e-05
0.612306 	0.0110524 	-0.00120732 	-3.03767e-05
0.613807 	0.0110722 	-0.00120939 	-2.88399e-05
0.615308 	0.011092 	-0.00121147 	-2.73032e-05
0.616808 	0.011112 	-0.00121353 	-2.59968e-05
0.618309 	0.0111323 	-0.00121557 	-2.49929e-05
0.61981 	0.0111526 	-0.00121762 	-2.39889e-05
0.621311 	0.0111729 	-0.00121966 	-2.2985e-05
0.622811 	0.0111932 	-0.0012217 	-2.19811e-05
0.624312 	0.0112136 	-0.00122374 	-2.09771e-05
0.625813 	0.0112339 	-0.00122578 	-1.99732e-05
0.627314 	0.0112542 	-0.00122782 	-1.89692e-05
0.628814 	0.0112745 	-0.00122987 	-1.79653e-05
0.630315 	0.0112948 	-0.00123191 	-1.69613e-05
0.631816 	0.0113151 	-0.00123395 	-1.59574e-05
0.633317 	0.0113354 	-0.00123599 	-1.49535e-05
0.634817 	0.0113557 	-0.00123803 	-1.39495e-05
0.636318 	0.011376 	-0.00124008 	-1.29456e-05
0.637819 	0.0113963 	-0.00124212 	-1.19416e-05
0.63932 	0.0114166 	-0.00124416 	-1.09377e-05
0.64082 	0.0114369 	-0.0012462 	-9.93375e-06
0.642321 	0.0114572 	-0.00124824 	-8.92981e-06
0.643822 	0.0114776 	-0.00125029 	-7.92586e-06
0.645323 	0.0114979 	-0.00125233 	-6.92192e-06
0.646823 	0.0115182 	-0.00125437 	-5.91798e-06
0.648324 	0.0115385 	-0.00125641 	-4.91404e-06
0.649825 	0.0115588 	-0.00125845 	-3.91009e-06
0.651326 	0.0115791 	-0.0012605 	-2.90615e-06
0.652826 	0.0115994 	-0.00126254 	-1.90221e-06
0.654327 	0.0116197 	-0.00126458 	-8.98265e-07
0.655828 	0.01164 	-0.00126662 	1.05678e-07
0.657329 	0.0116603 	-0.00126866 	1.10342e-06
0.658829 	0.0116816 	-0.00127078 	1.61001e-06
0.66033 	0.0117028 	-0.00127289 	2.1166e-06
0.661831 	0.0117236 	-0.00127488 	2.8722e-06
0.663332 	0.0117441 	-0.00127675 	3.86444e-06
0.664832 	0.0117646 	-0.00127861 	4.85669e-06
0.666333 	0.0117854 	-0.00128037 	5.33267e-06
0.667834 	0.0118063 	-0.00128211 	5.77392e-06
0.669335 	0.0118272 	-0.00128385 	6.21517e-06
0.670835 	0.011848 	-0.0012856 	6.65641e-06
0.672336 	0.0118689 	-0.00128734 	7.09766e-06
0.673837 	0.0118898 	-0.00128908 	7.53891e-06
0.675338 	0.0119106 	-0.00129083 	7.98016e-06
0.676838 	0.0119315 	-0.00129257 	8.42141e-06
0.678339 	0.0119524 	-0.00129431 	8.86265e-06
0.67984 	0.0119732 	-0.00129606 	9.3039e-06
0.681341 	0.0119941 	-0.0012978 	9.74515e-06
0.682841 	0.012015 	-0.00129954 	1.01864e-05
0.684342 	0.0120359 	-0.00130129 	1.06276e-05
0.685843 	0.0120567 	-0.00130303 	1.10689e-05
0.687344 	0.0120776 	-0.00130477 	1.15101e-05
0.688844 	0.0120985 	-0.00130651 	1.19514e-05
0.690345 	0.0121193 	-0.00130826 	1.23926e-05
0.691846 	0.0121402 	-0.00131 	1.28339e-05
0.693347 	0.0121611 	-0.00131174 	1.32751e-05
0.694847 	0.0121819 	-0.00131349 	1.37164e-05
0.696348 	0.0122028 	-0.00131523 	1.41576e-05
0.697849 	0.0122237 	-0.00131697 	1.45989e-05
0.69935 	0.0122445 	-0.00131872 	1.50401e-05
0.70085 	0.0122654 	-0.00132046 	1.54814e-05
0.702351 	0.0122863 	-0.0013222 	1.59226e-05
0.703852 	0.0123072 	-0.00132395 	1.63639e-05
0.705353 	0.012328 	-0.00132569 	1.68051e-05
0.706853 	0.0123489 	-0.00132743 	1.72464e-05
0.708354 	0.0123698 	-0.00132918 	1.76876e-05
0.709855 	0.0123914 	-0.00133088 	1.78361e-05
0.711356 	0.0124132 	-0.00133257 	1.78717e-05
0.712856 	0.0124348 	-0.0013342 	1.80462e-05
0.714357 	0.012456 	-0.00133573 	1.84462e-05
0.715858 	0.0124771 	-0.00133727 	1.88461e-05
0.717359 	0.0124984 	-0.00133862 	1.89211e-05
0.718859 	0.0125197 	-0.00133998 	1.89888e-05
0.72036 	0.0125409 	-0.00134133 	1.90565e-05
0.721861 	0.0125622 	-0.00134268 	1.91243e-05
0.723362 	0.0125835 	-0.00134404 	1.9192e-05
0.724862 	0.0126047 	-0.00134539 	1.92597e-05
0.726363 	0.012626 	-0.00134674 	1.93275e-05
0.727864 	0.0126473 	-0.0013481 	1.93952e-05
0.729365 	0.0126686 	-0.00134945 	1.94629e-05
0.730865 	0.0126898 	-0.0013508 	1.95307e-05
0.732366 	0.0127111 	-0.00135216 	1.95984e-05
0.733867 	0.0127324 	-0.00135351 	1.96661e-05
0.735368 	0.0127536 	-0.00135486 	1.97338e-05
0.736868 	0.0127749 	-0.00135622 	1.98016e-05
0.738369 	0.0127962 	-0.00135757 	1.98693e-05
0.73987 	0.0128175 	-0.00135892 	1.9937e-05
0.741371 	0.0128387 	-0.00136028 	2.00048e-05
0.742871 	0.01286 	-0.00136163 	2.00725e-05
0.744372 	0.0128813 	-0.00136298 	2.01402e-05
0.745873 	0.0129025 	-0.00136434 	2.0208e-05
0.747374 	0.0129238 	-0.00136569 	2.02757e-05
0.748874 	0.0129451 	-0.00136704 	2.03434e-05
0.750375 	0.0129663 	-0.0013684 	2.04112e-05
0.751876 	0.0129876 	-0.00136975 	2.04789e-05
0.753377 	0.0130089 	-0.0013711 	2.05466e-05
0.754877 	0.0130302 	-0.00137246 	2.06144e-05
0.756378 	0.0130514 	-0.00137381 	2.06821e-05
0.757879 	0.0130727 	-0.00137516 	2.07498e-05
0.75938 	0.013094 	-0.00137652 	2.08176e-05
0.76088 	0.0131152 	-0.00137787 	2.08853e-05
0.762381 	0.0131365 	-0.00137922 	2.0953e-05
0.763882 	0.0131585 	-0.0013805 	2.08619e-05
0.765383 	0.0131805 	-0.00138177 	2.07568e-05
0.766883 	0.0132021 	-0.0013829 	2.08145e-05
0.768384 	0.0132236 	-0.00138398 	2.09185e-05
0.769885 	0.0132451 	-0.001385 	2.09353e-05
0.771386 	0.0132666 	-0.00138597 	2.08909e-05
0.772886 	0.0132881 	-0.00138694 	2.08464e-05
0.774387 	0.0133097 	-0.00138792 	2.0802e-05
0.775888 	0.0133312 	-0.00138889 	2.07575e-05
0.777389 	0.0133527 	-0.00138987 	2.0713e-05
0.778889 	0.0133743 	-0.00139084 	2.06686e-05
0.78039 	0.0133958 	-0.00139181 	2.06241e-05
0.781891 	0.0134173 	-0.00139279 	2.05797e-05
0.783392 	0.0134389 	-0.00139376 	2.05352e-05
0.784892 	0.0134604 	-0.00139474 	2.04908e-05
0.786393 	0.013482 	-0.00139571 	2.04463e-05
0.787894 	0.0135035 	-0.00139669 	2.04019e-05
0.789395 	0.013525 	-0.00139766 	2.03574e-05
0.790895 	0.0135466 	-0.00139863 	2.0313e-05
0.792396 	0.0135681 	-0.00139961 	2.02685e-05
0.793897 	0.0135896 	-0.00140058 	2.02241e-05
0.795398 	0.0136112 	-0.00140156 	2.01796e-05
0.796898 	0.0136327 	-0.00140253 	2.01351e-05
0.798399 	0.0136543 	-0.00140351 	2.00907e-05
0.7999 	0.0136758 	-0.00140448 	2.00462e-05
0.801401 	0.0136973 	-0.00140545 	2.00018e-05
0.802901 	0.0137189 	-0.00140643 	1.99573e-05
0.804402 	0.0137404 	-0.0014074 	1.99129e-05
0.805903 	0.0137619 	-0.00140838 	1.98684e-05
0.807404 	0.0137835 	-0.00140935 	1.9824e-05
0.808904 	0.013805 	-0.00141033 	1.97795e-05
0.810405 	0.0138266 	-0.0014113 	1.97351e-05
0.811906 	0.0138481 	-0.00141227 	1.96906e-05
0.813407 	0.0138696 	-0.00141325 	1.96462e-05
0.814907 	0.0138912 	-0.00141422 	1.96017e-05
0.816408 	0.0139127 	-0.0014152 	1.95572e-05
0.817909 	0.0139342 	-0.00141617 	1.95128e-05
0.81941 	0.0139562 	-0.00141714 	1.94527e-05
0.82091 	0.0139784 	-0.00141812 	1.93841e-05
0.822411 	0.0140001 	-0.00141892 	1.92938e-05
0.823912 	0.0140217 	-0.00141967 	1.9196e-05
0.825413 	0.0140402 	-0.00142028 	1.91995e-05
0.826913 	0.0140581 	-0.00142085 	1.92272e-05
0.828414 	0.0140759 	-0.00142143 	1.92549e-05
0.829915 	0.0140938 	-0.001422 	1.92827e-05
0.831416 	0.0141116 	-0.00142258 	1.93104e-05
0.832916 	0.0141295 	-0.00142315 	1.93381e-05
0.834417 	0.0141473 	-0.00142372 	1.93659e-05
0.835918 	0.0141652 	-0.0014243 	1.93936e-05
0.837419 	0.014183 	-0.00142487 	1.94214e-05
0.838919 	0.0142009 	-0.00142545 	1.94491e-05
0.84042 	0.0142187 	-0.00142602 	1.94768e-05
0.841921 	0.0142366 	-0.00142659 	1.95046e-05
0.843422 	0.0142544 	-0.00142717 	1.95323e-05
0.844922 	0.0142723 	-0.00142774 	1.95601e-05
0.846423 	0.0142901 	-0.00142832 	1.95878e-05
0.847924 	0.014308 	-0.00142889 	1.96155e-05
0.849425 	0.0143258 	-0.00142946 	1.96433e-05
0.850925 	0.0143437 	-0.00143004 	1.9671e-05
0.852426 	0.0143615 	-0.00143061 	1.96988e-05
0.853927 	0.0143794 	-0.00143119 	1.97265e-05
0.855428 	0.0143972 	-0.00143176 	1.97542e-05
0.856928 	0.0144151 	-0.00143233 	1.9782e-05
0.858429 	0.0144329 	-0.00143291 	1.98097e-05
0.85993 	0.0144508 	-0.00143348 	1.98375e-05
0.861431 	0.0144686 	-0.00143406 	1.98652e-05
0.862931 	0.0144865 	-0.00143463 	1.98929e-05
0.864432 	0.0145043 	-0.0014352 	1.99207e-05
0.865933 	0.0145222 	-0.00143578 	1.99484e-05
0.867434 	0.01454 	-0.00143635 	1.99762e-05
0.868934 	0.0145579 	-0.00143693 	2.00039e-05
0.870435 	0.0145757 	-0.0014375 	2.00316e-05
0.871936 	0.0145936 	-0.00143807 	2.00594e-05
0.873437 	0.0146114 	-0.00143865 	2.00871e-05
0.874937 	0.0146293 	-0.00143922 	2.01149e-05
0.876438 	0.0146472 	-0.0014398 	2.01426e-05
0.877939 	0.014662 	-0.00144026 	2.03522e-05
0.87944 	0.0146766 	-0.00144068 	2.04845e-05
0.88094 	0.0146909 	-0.001441 	2.04537e-05
0.882441 	0.0147079 	-0.00144131 	2.06128e-05
0.883942 	0.014726 	-0.00144161 	2.08554e-05
0.885443 	0.0147441 	-0.00144192 	2.10979e-05
0.886943 	0.0147623 	-0.00144222 	2.13405e-05
0.888444 	0.0147804 	-0.00144252 	2.15831e-05
0.889945 	0.0147986 	-0.00144282 	2.18256e-05
0.891446 	0.0148167 	-0.00144312 	2.20682e-05
0.892946 	0.0148349 	-0.00144342 	2.23108e-05
0.894447 	0.014853 	-0.00144373 	2.25533e-05
0.895948 	0.0148711 	-0.00144403 	2.27959e-05
0.897449 	0.0148893 	-0.00144433 	2.30385e-05
0.898949 	0.0149074 	-0.00144463 	2.3281e-05
0.90045 	0.0149256 	-0.00144493 	2.35236e-05
0.901951 	0.0149437 	-0.00144524 	2.37662e-05
0.903452 	0.0149618 	-0.00144554 	2.40087e-05
0.904952 	0.01498 	-0.00144584 	2.42513e-05
0.906453 	0.0149981 	-0.00144614 	2.44939e-05
0.907954 	0.0150163 	-0.00144644 	2.47364e-05
0.909455 	0.0150344 	-0.00144674 	2.4979e-05
0.910955 	0.0150525 	-0.00144705 	2.52216e-05
0.912456 	0.0150707 	-0.00144735 	2.54641e-05
0.913957 	0.0150888 	-0.00144765 	2.57067e-05
0.915458 	0.015107 	-0.00144795 	2.59493e-05
0.916958 	0.0151251 	-0.00144825 	2.61918e-05
0.918459 	0.0151432 	-0.00144856 	2.64344e-05
0.91996 	0.0151614 	-0.00144886 	2.66769e-05
0.921461 	0.0151795 	-0.00144916 	2.69195e-05
0.922961 	0.0151977 	-0.00144946 	2.71621e-05
0.924462 	0.0152158 	-0.00144976 	2.74046e-05
0.925963 	0.0152339 	-0.00145007 	2.76472e-05
0.927464 	0.0152521 	-0.00145037 	2.78898e-05
0.928964 	0.0152702 	-0.00145067 	2.81323e-05
0.930465 	0.0152884 	-0.00145097 	2.83749e-05
0.931966 	0.0153065 	-0.00145127 	2.86175e-05
0.933467 	0.0153247 	-0.00145157 	2.886e-05
0.934967 	0.0153428 	-0.00145188 	2.91026e-05
0.936468 	0.0153609 	-0.00145218 	2.93452e-05
0.937969 	0.0153831 	-0.00145248 	2.98512e-05
0.93947 	0.0154051 	-0.00145275 	3.02101e-05
0.94097 	0.015427 	-0.00145296 	3.05003e-05
0.942471 	0.015449 	-0.00145302 	3.0844e-05
0.943972 	0.0154709 	-0.00145308 	3.11876e-05
0.945473 	0.0154929 	-0.00145314 	3.15313e-05
0.946973 	0.0155149 	-0.0014532 	3.18749e-05
0.948474 	0.0155369 	-0.00145327 	3.22186e-05
0.949975 	0.0155589 	-0.00145333 	3.25622e-05
0.951476 	0.0155809 	-0.00145339 	3.29059e-05
0.952976 	0.0156028 	-0.00145345 	3.32495e-05
0.954477 	0.0156248 	-0.00145352 	3.35932e-05
0.955978 	0.0156468 	-0.00145358 	3.39368e-05
0.957479 	0.0156688 	-0.00145364 	3.42805e-05
0.958979 	0.0156908 	-0.0014537 	3.46241e-05
0.96048 	0.0157127 	-0.00145376 	3.49678e-05
0.961981 	0.0157347 	-0.00145383 	3.53115e-05
0.963482 	0.0157567 	-0.00145389 	3.56551e-05
0.964982 	0.0157787 	-0.00145395 	3.59988e-05
0.966483 	0.0158007 	-0.00145401 	3.63424e-05
0.967984 	0.0158227 	-0.00145408 	3.66861e-05
0.969485 	0.0158446 	-0.00145414 	3.70297e-05
0.970985 	0.0158666 	-0.0014542 	3.73734e-05
0.972486 	0.0158886 	-0.00145426 	3.7717e-05
0.973987 	0.0159106 	-0.00145432 	3.80607e-05
0.975488 	0.0159326 	-0.00145439 	3.84043e-05
0.976988 	0.0159545 	-0.00145445 	3.8748e-05
0.978489 	0.0159765 	-0.00145451 	3.90916e-05
0.97999 	0.0159985 	-0.00145457 	3.94353e-05
0.981491 	0.0160205 	-0.00145464 	3.97789e-05
0.982991 	0.0160425 	-0.0014547 	4.01226e-05
0.984492 	0.0160645 	-0.00145476 	4.04662e-05
0.985993 	0.0160864 	-0.00145482 	4.08099e-05
0.987494 	0.0161084 	-0.00145488 	4.11535e-05
0.988994 	0.0161304 	-0.00145495 	4.14972e-05
0.990495 	0.0161524 	-0.00145501 	4.18408e-05
0.991996 	0.0161744 	-0.00145507 	4.21845e-05
0.993497 	0.0161963 	-0.00145513 	4.25281e-05
0.994997 	0.0162183 	-0.0014552 	4.28718e-05
0.996498 	0.0162403 	-0.00145526 	4.32154e-05
0.997999 	0.0162623 	-0.00145532 	4.35591e-05
0.9995 	0.0162847 	-0.00145523 	4.39763e-05
1.001 	0.0163069 	-0.00145509 	4.43208e-05
1.0025 	0.0163291 	-0.0014548 	4.45171e-05
1.004 	0.0163513 	-0.00145447 	4.46828e-05
1.0055 	0.0163735 	-0.00145414 	4.48486e-05
1.007 	0.0163958 	-0.0014538 	4.50143e-05
1.0085 	0.016418 	-0.00145347 	4.518e-05
1.01001 	0.0164402 	-0.00145314 	4.53457e-05
1.01151 	0.0164624 	-0.0014528 	4.55114e-05
1.01301 	0.0164847 	-0.00145247 	4.56772e-05
1.01451 	0.0165069 	-0.00145214 	4.58429e-05
1.01601 	0.0165291 	-0.00145181 	4.60086e-05
1.01751 	0.0165513 	-0.00145147 	4.61743e-05
1.01901 	0.0165736 	-0.00145114 	4.63401e-05
1.02051 	0.0165958 	-0.00145081 	4.65058e-05
1.02201 	0.016618 	-0.00145047 	4.66715e-05
1.02351 	0.0166402 	-0.00145014 	4.68372e-05
1.02501 	0.0166625 	-0.00144981 	4.7003e-05
1.02651 	0.0166847 	-0.00144947 	4.71687e-05
1.02801 	0.0167069 	-0.00144914 	4.73344e-05
1.02951 	0.0167291 	-0.00144881 	4.75001e-05
1.03102 	0.0167514 	-0.00144848 	4.76659e-05
1.03252 	0.0167736 	-0.00144814 	4.78316e-05
1.03402 	0.0167958 	-0.00144781 	4.79973e-05
1.03552 	0.016818 	-0.00144748 	4.8163e-05
1.03702 	0.0168403 	-0.00144714 	4.83288e-05
1.03852 	0.0168625 	-0.00144681 	4.84945e-05
1.04002 	0.0168847 	-0.00144648 	4.86602e-05
1.04152 	0.0169069 	-0.00144615 	4.88259e-05
1.04302 	0.0169292 	-0.00144581 	4.89917e-05
1.04452 	0.0169514 	-0.00144548 	4.91574e-05
1.04602 	0.0169736 	-0.00144515 	4.93231e-05
1.04752 	0.0169958 	-0.00144481 	4.94888e-05
1.04902 	0.0170181 	-0.00144448 	4.96546e-05
1.05053 	0.0170403 	-0.00144415 	4.98203e-05
1.05203 	0.0170625 	-0.00144382 	4.9986e-05
1.05353 	0.0170847 	-0.00144348 	5.01517e-05
1.05503 	0.017107 	-0.00144315 	5.03175e-05
1.05653 	0.0171292 	-0.00144282 	5.04832e-05
1.05803 	0.0171514 	-0.00144248 	5.06489e-05
1.05953 	0.0171737 	-0.00144215 	5.08146e-05
1.06103 	0.0171959 	-0.00144182 	5.09804e-05
1.06253 	0.0172183 	-0.00144142 	5.11152e-05
1.06403 	0.0172408 	-0.00144083 	5.10778e-05
1.06553 	0.0172628 	-0.0014401 	5.1014e-05
1.06703 	0.0172848 	-0.00143937 	5.09501e-05
1.06853 	0.0173068 	-0.00143864 	5.08863e-05
1.07004 	0.0173288 	-0.00143791 	5.08225e-05
1.07154 	0.0173508 	-0.00143718 	5.07586e-05
1.07304 	0.0173729 	-0.00143645 	5.06948e-05
1.07454 	0.0173949 	-0.00143572 	5.0631e-05
1.07604 	0.0174169 	-0.00143499 	5.05671e-05
1.07754 	0.0174389 	-0.00143426 	5.05033e-05
1.07904 	0.0174609 	-0.00143353 	5.04395e-05
1.08054 	0.0174829 	-0.0014328 	5.03756e-05
1.08204 	0.0175049 	-0.00143207 	5.03118e-05
1.08354 	0.0175269 	-0.00143134 	5.0248e-05
1.08504 	0.017549 	-0.00143061 	5.01842e-05
1.08654 	0.017571 	-0.00142988 	5.01203e-05
1.08804 	0.017593 	-0.00142915 	5.00565e-05
1.08954 	0.017615 	-0.00142842 	4.99927e-05
1.09105 	0.017637 	-0.00142769 	4.99288e-05
1.09255 	0.017659 	-0.00142696 	4.9865e-05
1.09405 	0.017681 	-0.00142623 	4.98012e-05
1.09555 	0.017703 	-0.0014255 	4.97373e-05
1.09705 	0.0177251 	-0.00142477 	4.96735e-05
1.09855 	0.0177471 	-0.00142404 	4.96097e-05
1.10005 	0.0177691 	-0.00142331 	4.95458e-05
1.10155 	0.0177911 	-0.00142258 	4.9482e-05
1.10305 	0.0178131 	-0.00142185 	4.94182e-05
1.10455 	0.0178351 	-0.00142112 	4.93543e-05
1.10605 	0.0178571 	-0.00142039 	4.92905e-05
1.10755 	0.0178791 	-0.00141966 	4.92267e-05
1.10905 	0.0179012 	-0.00141893 	4.91628e-05
1.11056 	0.0179232 	-0.0014182 	4.9099e-05
1.11206 	0.0179452 	-0.00141747 	4.90352e-05
1.11356 	0.0179672 	-0.00141674 	4.89714e-05
1.11506 	0.0179892 	-0.00141601 	4.89075e-05
1.11656 	0.0180112 	-0.00141528 	4.88437e-05
1.11806 	0.0180332 	-0.00141455 	4.87799e-05
1.11956 	0.0180552 	-0.00141382 	4.8716e-05
1.12106 	0.0180773 	-0.00141309 	4.86522e-05
1.12256 	0.0180993 	-0.00141236 	4.85884e-05
1.12406 	0.0181213 	-0.00141163 	4.85245e-05
1.12556 	0.0181433 	-0.0014109 	4.84607e-05
1.12706 	0.0181653 	-0.00141017 	4.83969e-05
1.12856 	0.0181856 	-0.00140929 	4.81607e-05
1.13007 	0.0182046 	-0.00140837 	4.78441e-05
1.13157 	0.0182236 	-0.00140744 	4.75275e-05
1.13307 	0.0182427 	-0.00140652 	4.72108e-05
1.13457 	0.0182617 	-0.0014056 	4.68942e-05
1.13607 	0.0182807 	-0.00140467 	4.65776e-05
1.13757 	0.0182997 	-0.00140375 	4.6261e-05
1.13907 	0.0183187 	-0.00140282 	4.59444e-05
1.14057 	0.0183378 	-0.0014019 	4.56277e-05
1.14207 	0.0183568 	-0.00140098 	4.53111e-05
1.14357 	0.0183758 	-0.00140005 	4.49972e-05
1.14507 	0.0183949 	-0.00139913 	4.46844e-05
1.14657 	0.018414 	-0.00139821 	4.43715e-05
1.14807 	0.018433 	-0.00139728 	4.40587e-05
1.14957 	0.0184521 	-0.00139636 	4.37459e-05
1.15108 	0.0184712 	-0.00139544 	4.3433e-05
1.15258 	0.0184903 	-0.00139451 	4.31202e-05
1.15408 	0.0185093 	-0.00139359 	4.28073e-05
1.15558 	0.0185284 	-0.00139267 	4.24945e-05
1.15708 	0.0185475 	-0.00139174 	4.21817e-05
1.15858 	0.0185665 	-0.00139082 	4.18688e-05
1.16008 	0.0185856 	-0.0013899 	4.1556e-05
1.16158 	0.0186047 	-0.00138897 	4.12432e-05
1.16308 	0.0186238 	-0.00138805 	4.09303e-05
1.16458 	0.0186428 	-0.00138713 	4.06175e-05
1.16608 	0.0186619 	-0.0013862 	4.03047e-05
1.16758 	0.018681 	-0.00138528 	3.99918e-05
1.16908 	0.0187 	-0.00138436 	3.9679e-05
1.17059 	0.0187191 	-0.00138343 	3.93662e-05
1.17209 	0.0187382 	-0.00138251 	3.90533e-05
1.17359 	0.0187572 	-0.00138159 	3.87405e-05
1.17509 	0.0187763 	-0.00138066 	3.84276e-05
1.17659 	0.0187954 	-0.00137974 	3.81148e-05
1.17809 	0.0188145 	-0.00137882 	3.7802e-05
1.17959 	0.0188335 	-0.00137789 	3.74891e-05
1.18109 	0.0188526 	-0.00137697 	3.71763e-05
1.18259 	0.0188717 	-0.00137604 	3.68635e-05
1.18409 	0.0188907 	-0.00137512 	3.65506e-05
1.18559 	0.0189098 	-0.0013742 	3.62378e-05
1.18709 	0.0189289 	-0.00137327 	3.5925e-05
1.18859 	0.018948 	-0.00137235 	3.56121e-05
1.1901 	0.018967 	-0.00137143 	3.52993e-05
1.1916 	0.0189861 	-0.0013705 	3.49865e-05
1.1931 	0.0190046 	-0.00136959 	3.46552e-05
1.1946 	0.0190184 	-0.00136879 	3.42459e-05
1.1961 	0.0190344 	-0.00136781 	3.3784e-05
1.1976 	0.0190505 	-0.00136682 	3.33222e-05
1.1991 	0.0190665 	-0.00136583 	3.28604e-05
1.2006 	0.0190825 	-0.00136485 	3.23985e-05
1.2021 	0.0190985 	-0.00136386 	3.19367e-05
1.2036 	0.0191145 	-0.00136288 	3.14749e-05
1.2051 	0.0191305 	-0.00136189 	3.10131e-05
1.2066 	0.0191465 	-0.0013609 	3.05512e-05
1.2081 	0.0191626 	-0.00135992 	3.00894e-05
1.2096 	0.0191786 	-0.00135893 	2.96276e-05
1.21111 	0.0191946 	-0.00135794 	2.91657e-05
1.21261 	0.0192106 	-0.00135696 	2.87039e-05
1.21411 	0.0192266 	-0.00135597 	2.82421e-05
1.21561 	0.0192426 	-0.00135499 	2.77802e-05
1.21711 	0.0192587 	-0.001354 	2.73184e-05
1.21861 	0.0192747 	-0.00135301 	2.68566e-05
1.22011 	0.0192907 	-0.00135203 	2.63947e-05
1.22161 	0.0193067 	-0.00135104 	2.59329e-05
1.22311 	0.0193227 	-0.00135005 	2.54711e-05
1.22461 	0.0193387 	-0.00134907 	2.50093e-05
1.22611 	0.0193548 	-0.00134808 	2.45474e-05
1.22761 	0.0193708 	-0.0013471 	2.40856e-05
1.22911 	0.0193868 	-0.00134611 	2.36238e-05
1.23062 	0.0194028 	-0.00134512 	2.31619e-05
1.23212 	0.0194188 	-0.00134414 	2.27001e-05
1.23362 	0.0194348 	-0.00134315 	2.22383e-05
1.23512 	0.0194508 	-0.00134216 	2.17764e-05
1.23662 	0.0194669 	-0.00134118 	2.13146e-05
1.23812 	0.0194829 	-0.00134019 	2.08528e-05
1.23962 	0.0194989 	-0.00133921 	2.03909e-05
1.24112 	0.0195149 	-0.00133822 	1.99291e-05
1.24262 	0.0195309 	-0.00133723 	1.94673e-05
1.24412 	0.0195469 	-0.00133625 	1.90054e-05
1.24562 	0.019563 	-0.00133526 	1.85436e-05
1.24712 	0.019579 	-0.00133427 	1.80818e-05
1.24862 	0.019595 	-0.00133329 	1.762e-05
1.25013 	0.019611 	-0.0013323 	1.71581e-05
1.25163 	0.019627 	-0.00133132 	1.66963e-05
1.25313 	0.019643 	-0.00133033 	1.62345e-05
1.25463 	0.0196591 	-0.00132934 	1.57726e-05
1.25613 	0.0196751 	-0.00132836 	1.53108e-05
1.25763 	0.0196911 	-0.00132737 	1.4849e-05
1.25913 	0.0197071 	-0.00132638 	1.43871e-05
1.26063 	0.0197274 	-0.00132504 	1.3814e-05
1.26213 	0.0197445 	-0.00132392 	1.33728e-05
1.26363 	0.0197614 	-0.00132267 	1.30749e-05
1.26513 	0.0197783 	-0.00132143 	1.27771e-05
1.26663 	0.0197952 	-0.00132019 	1.24792e-05
1.26813 	0.0198122 	-0.00131895 	1.21813e-05
1.26963 	0.0198291 	-0.00131771 	1.18835e-05
1.27114 	0.019846 	-0.00131646 	1.15856e-05
1.27264 	0.0198629 	-0.00131522 	1.12877e-05
1.27414 	0.0198798 	-0.00131398 	1.09899e-05
1.27564 	0.0198968 	-0.00131274 	1.0692e-05
1.27714 	0.0199137 	-0.00131149 	1.03941e-05
1.27864 	0.0199306 	-0.00131025 	1.00963e-05
1.28014 	0.0199475 	-0.00130901 	9.79838e-06
1.28164 	0.0199645 	-0.00130777 	9.50051e-06
1.28314 	0.0199814 	-0.00130653 	9.20264e-06
1.28464 	0.0199983 	-0.00130528 	8.90477e-06
1.28614 	0.0200152 	-0.00130404 	8.6069e-06
1.28764 	0.0200321 	-0.0013028 	8.30903e-06
1.28914 	0.0200491 	-0.00130156 	8.01116e-06
1.29065 	0.020066 	-0.00130032 	7.71329e-06
1.29215 	0.0200829 	-0.00129907 	7.41542e-06
1.29365 	0.0200998 	-0.00129783 	7.11755e-06
1.29515 	0.0201168 	-0.00129659 	6.81969e-06
1.29665 	0.0201337 	-0.00129535 	6.52182e-06
1.29815 	0.0201506 	-0.0012941 	6.22395e-06
1.29965 	0.0201675 	-0.00129286 	5.92608e-06
1.30115 	0.0201845 	-0.00129162 	5.62821e-06
1.30265 	0.0202014 	-0.00129038 	5.33034e-06
1.30415 	0.0202183 	-0.00128914 	5.03247e-06
1.30565 	0.0202352 	-0.00128789 	4.7346e-06
1.30715 	0.0202521 	-0.00128665 	4.43673e-06
1.30865 	0.0202691 	-0.00128541 	4.13886e-06
1.31016 	0.020286 	-0.00128417 	3.84099e-06
1.31166 	0.0203029 	-0.00128293 	3.54312e-06
1.31316 	0.0203198 	-0.00128168 	3.24525e-06
1.31466 	0.0203368 	-0.00128044 	2.94738e-06
1.31616 	0.0203537 	-0.0012792 	2.64951e-06
1.31766 	0.0203706 	-0.00127796 	2.35164e-06
1.31916 	0.0203875 	-0.00127671 	2.05377e-06
1.32066 	0.0204045 	-0.00127547 	1.7559e-06
1.32216 	0.0204214 	-0.00127423 	1.45803e-06
1.32366 	0.0204383 	-0.00127299 	1.16016e-06
1.32516 	0.0204552 	-0.00127175 	8.62293e-07
1.32666 	0.0204726 	-0.00127044 	6.08422e-07
1.32816 	0.0204909 	-0.00126897 	4.60431e-07
1.32966 	0.0205089 	-0.00126758 	2.86229e-07
1.33117 	0.0205266 	-0.00126616 	1.76653e-07
1.33267 	0.0205441 	-0.0012647 	1.15091e-07
1.33417 	0.0205617 	-0.00126324 	5.3529e-08
1.33567 	0.0205792 	-0.00126178 	-8.03318e-09
1.33717 	0.0205967 	-0.00126032 	-6.95953e-08
1.33867 	0.0206142 	-0.00125885 	-1.31157e-07
1.34017 	0.0206317 	-0.00125739 	-1.9272e-07
1.34167 	0.0206493 	-0.00125593 	-2.54282e-07
1.34317 	0.0206668 	-0.00125447 	-3.15844e-07
1.34467 	0.0206843 	-0.00125301 	-3.77406e-07
1.34617 	0.0207018 	-0.00125155 	-4.38968e-07
1.34767 	0.0207193 	-0.00125009 	-5.0053e-07
1.34917 	0.0207369 	-0.00124863 	-5.62092e-07
1.35068 	0.0207544 	-0.00124717 	-6.23655e-07
1.35218 	0.0207719 	-0.00124571 	-6.85217e-07
1.35368 	0.0207894 	-0.00124425 	-7.46779e-07
1.35518 	0.0208069 	-0.00124279 	-8.08341e-07
1.35668 	0.0208245 	-0.00124133 	-8.69903e-07
1.35818 	0.020842 	-0.00123987 	-9.31465e-07
1.35968 	0.0208595 	-0.00123841 	-9.93028e-07
1.36118 	0.020877 	-0.00123695 	-1.05459e-06
1.36268 	0.0208945 	-0.00123549 	-1.11615e-06
1.36418 	0.0209121 	-0.00123403 	-1.17771e-06
1.36568 	0.0209296 	-0.00123257 	-1.23928e-06
1.36718 	0.0209471 	-0.00123111 	-1.30084e-06
1.36868 	0.0209646 	-0.00122965 	-1.3624e-06
1.37019 	0.0209821 	-0.00122819 	-1.42396e-06
1.37169 	0.0209997 	-0.00122673 	-1.48552e-06
1.37319 	0.0210172 	-0.00122527 	-1.54709e-06
1.37469 	0.0210347 	-0.0012238 	-1.60865e-06
1.37619 	0.0210522 	-0.00122234 	-1.67021e-06
1.37769 	0.0210698 	-0.00122088 	-1.73177e-06
1.37919 	0.0210873 	-0.00121942 	-1.79334e-06
1.38069 	0.0211048 	-0.00121796 	-1.8549e-06
1.38219 	0.0211223 	-0.0012165 	-1.91646e-06
1.38369 	0.0211398 	-0.00121504 	-1.97802e-06
1.38519 	0.0211574 	-0.00121358 	-2.03958e-06
1.38669 	0.0211749 	-0.00121212 	-2.10115e-06
1.38819 	0.0211924 	-0.00121066 	-2.16271e-06
1.38969 	0.0212099 	-0.0012092 	-2.22427e-06
1.3912 	0.0212274 	-0.00120774 	-2.28583e-06
1.3927 	0.021245 	-0.00120628 	-2.34739e-06
1.3942 	0.0212624 	-0.00120481 	-2.3942e-06
1.3957 	0.0212793 	-0.0012033 	-2.37869e-06
1.3972 	0.0212962 	-0.00120181 	-2.36659e-06
1.3987 	0.021313 	-0.00120034 	-2.36101e-06
1.4002 	0.0213294 	-0.00119886 	-2.29015e-06
1.4017 	0.0213454 	-0.00119738 	-2.13673e-06
1.4032 	0.0213613 	-0.00119589 	-1.98332e-06
1.4047 	0.0213773 	-0.0011944 	-1.8299e-06
1.4062 	0.0213932 	-0.00119291 	-1.67649e-06
1.4077 	0.0214091 	-0.00119142 	-1.52307e-06
1.4092 	0.0214251 	-0.00118993 	-1.36966e-06
1.41071 	0.021441 	-0.00118844 	-1.21624e-06
1.41221 	0.021457 	-0.00118695 	-1.06283e-06
1.41371 	0.0214729 	-0.00118547 	-9.09415e-07
1.41521 	0.0214889 	-0.00118398 	-7.56e-07
1.41671 	0.0215048 	-0.00118249 	-6.02586e-07
1.41821 	0.0215207 	-0.001181 	-4.49171e-07
1.41971 	0.0215367 	-0.00117951 	-2.95757e-07
1.42121 	0.0215526 	-0.00117802 	-1.42342e-07
1.42271 	0.0215686 	-0.00117653 	1.10723e-08
1.42421 	0.0215845 	-0.00117505 	1.64487e-07
1.42571 	0.0216005 	-0.00117356 	3.17901e-07
1.42721 	0.0216164 	-0.00117207 	4.71316e-07
1.42871 	0.0216323 	-0.00117058 	6.24731e-07
1.43022 	0.0216483 	-0.00116909 	7.78145e-07
1.43172 	0.0216642 	-0.0011676 	9.3156e-07
1.43322 	0.0216802 	-0.00116611 	1.08497e-06
1.43472 	0.0216961 	-0.00116463 	1.23839e-06
1.43622 	0.0217121 	-0.00116314 	1.3918e-06
1.43772 	0.021728 	-0.00116165 	1.54522e-06
1.43922 	0.0217439 	-0.00116016 	1.69863e-06
1.44072 	0.0217599 	-0.00115867 	1.85205e-06
1.44222 	0.0217758 	-0.00115718 	2.00546e-06
1.44372 	0.0217918 	-0.00115569 	2.15888e-06
1.44522 	0.0218077 	-0.00115421 	2.31229e-06
1.44672 	0.0218237 	-0.00115272 	2.46571e-06
1.44822 	0.0218396 	-0.00115123 	2.61912e-06
1.44972 	0.0218555 	-0.00114974 	2.77253e-06
1.45123 	0.0218715 	-0.00114825 	2.92595e-06
1.45273 	0.0218874 	-0.00114676 	3.07936e-06
1.45423 	0.0219034 	-0.00114527 	3.23278e-06
1.45573 	0.0219193 	-0.00114378 	3.38619e-06
1.45723 	0.0219353 	-0.0011423 	3.53961e-06
1.45873 	0.0219512 	-0.00114081 	3.69302e-06
1.46023 	0.0219672 	-0.00113932 	3.84644e-06
1.46173 	0.0219831 	-0.00113783 	3.99985e-06
1.46323 	0.0219983 	-0.00113634 	4.2739e-06
1.46473 	0.0220134 	-0.00113484 	4.57069e-06
1.46623 	0.0220285 	-0.00113337 	4.87884e-06
1.46773 	0.0220435 	-0.00113191 	5.19949e-06
1.46923 	0.0220583 	-0.00113046 	5.51641e-06
1.47074 	0.0220701 	-0.00112924 	5.76324e-06
1.47224 	0.0220819 	-0.00112802 	6.01007e-06
1.47374 	0.0220936 	-0.0011268 	6.25691e-06
1.47524 	0.0221054 	-0.00112558 	6.50374e-06
1.47674 	0.0221172 	-0.00112437 	6.75057e-06
1.47824 	0.022129 	-0.00112315 	6.9974e-06
1.47974 	0.0221408 	-0.00112193 	7.24423e-06
1.48124 	0.0221526 	-0.00112071 	7.49106e-06
1.48274 	0.0221644 	-0.00111949 	7.73789e-06
1.48424 	0.0221762 	-0.00111827 	7.98473e-06
1.48574 	0.022188 	-0.00111705 	8.23156e-06
1.48724 	0.0221998 	-0.00111583 	8.47839e-06
1.48874 	0.0222115 	-0.00111461 	8.72522e-06
1.49025 	0.0222233 	-0.00111339 	8.97205e-06
1.49175 	0.0222351 	-0.00111217 	9.21888e-06
1.49325 	0.0222469 	-0.00111095 	9.46572e-06
1.49475 	0.0222587 	-0.00110973 	9.71255e-06
1.49625 	0.0222705 	-0.00110851 	9.95938e-06
1.49775 	0.0222823 	-0.00110729 	1.02062e-05
1.49925 	0.0222941 	-0.00110607 	1.0453e-05
1.50075 	0.0223059 	-0.00110485 	1.06999e-05
1.50225 	0.0223177 	-0.00110363 	1.09467e-05
1.50375 	0.0223295 	-0.00110241 	1.11935e-05
1.50525 	0.0223412 	-0.00110119 	1.14404e-05
1.50675 	0.022353 	-0.00109997 	1.16872e-05
1.50825 	0.0223648 	-0.00109875 	1.1934e-05
1.50975 	0.0223766 	-0.00109753 	1.21809e-05
1.51126 	0.0223884 	-0.00109631 	1.24277e-05
1.51276 	0.0224002 	-0.00109509 	1.26745e-05
1.51426 	0.022412 	-0.00109387 	1.29214e-05
1.51576 	0.0224238 	-0.00109265 	1.31682e-05
1.51726 	0.0224356 	-0.00109143 	1.3415e-05
1.51876 	0.0224474 	-0.00109021 	1.36619e-05
1.52026 	0.0224591 	-0.00108899 	1.39087e-05
1.52176 	0.0224709 	-0.00108777 	1.41555e-05
1.52326 	0.0224827 	-0.00108655 	1.44023e-05
1.52476 	0.0224945 	-0.00108533 	1.46492e-05
1.52626 	0.0225063 	-0.00108412 	1.4896e-05
1.52776 	0.0225181 	-0.0010829 	1.51428e-05
1.52926 	0.0225299 	-0.00108168 	1.53897e-05
1.53077 	0.0225403 	-0.00108057 	1.56124e-05
1.53227 	0.0225488 	-0.00107962 	1.57996e-05
1.53377 	0.0225572 	-0.00107867 	1.59869e-05
1.53527 	0.0225656 	-0.00107775 	1.62028e-05
1.53677 	0.0225739 	-0.00107686 	1.64449e-05
1.53827 	0.0225823 	-0.00107597 	1.6687e-05
1.53977 	0.0225918 	-0.00107488 	1.69311e-05
1.54127 	0.0226022 	-0.00107366 	1.71767e-05
1.54277 	0.0226126 	-0.00107244 	1.74222e-05
1.54427 	0.022623 	-0.00107121 	1.76678e-05
1.54577 	0.0226333 	-0.00106999 	1.79133e-05
1.54727 	0.0226437 	-0.00106876 	1.81589e-05
1.54877 	0.0226541 	-0.00106754 	1.84044e-05
1.55028 	0.0226645 	-0.00106632 	1.865e-05
1.55178 	0.0226749 	-0.00106509 	1.88955e-05
1.55328 	0.0226853 	-0.00106387 	1.9141e-05
1.55478 	0.0226956 	-0.00106264 	1.93866e-05
1.55628 	0.022706 	-0.00106142 	1.96321e-05
1.55778 	0.0227164 	-0.0010602 	1.98777e-05
1.55928 	0.0227268 	-0.00105897 	2.01232e-05
1.56078 	0.0227372 	-0.00105775 	2.03688e-05
1.56228 	0.0227476 	-0.00105652 	2.06143e-05
1.56378 	0.0227579 	-0.0010553 	2.08599e-05
1.56528 	0.0227683 	-0.00105408 	2.11054e-05
1.56678 	0.0227787 	-0.00105285 	2.1351e-05
1.56828 	0.0227891 	-0.00105163 	2.15965e-05
1.56978 	0.0227995 	-0.0010504 	2.18421e-05
1.57129 	0.0228099 	-0.00104918 	2.20876e-05
1.57279 	0.0228202 	-0.00104795 	2.23331e-05
1.57429 	0.0228306 	-0.00104673 	2.25787e-05
1.57579 	0.022841 	-0.00104551 	2.28242e-05
1.57729 	0.0228514 	-0.00104428 	2.30698e-05
1.57879 	0.0228618 	-0.00104306 	2.33153e-05
1.58029 	0.0228722 	-0.00104183 	2.35609e-05
1.58179 	0.0228825 	-0.00104061 	2.38064e-05
1.58329 	0.0228929 	-0.00103939 	2.4052e-05
1.58479 	0.0229033 	-0.00103816 	2.42975e-05
1.58629 	0.0229137 	-0.00103694 	2.45431e-05
1.58779 	0.0229241 	-0.00103571 	2.47886e-05
1.58929 	0.0229345 	-0.00103449 	2.50342e-05
1.5908 	0.0229448 	-0.00103327 	2.52797e-05
1.5923 	0.0229552 	-0.00103204 	2.55252e-05
1.5938 	0.0229656 	-0.00103082 	2.57708e-05
1.5953 	0.022976 	-0.00102959 	2.60163e-05
1.5968 	0.0229864 	-0.00102837 	2.62619e-05
1.5983 	0.0229968 	-0.00102713 	2.65067e-05
1.5998 	0.0230092 	-0.00102562 	2.67341e-05
1.6013 	0.0230216 	-0.0010241 	2.69615e-05
1.6028 	0.023034 	-0.00102258 	2.71889e-05
1.6043 	0.0230463 	-0.0010211 	2.74395e-05
1.6058 	0.0230587 	-0.00101963 	2.77022e-05
1.6073 	0.023071 	-0.00101817 	2.7965e-05
1.6088 	0.0230832 	-0.0010167 	2.82207e-05
1.61031 	0.0230948 	-0.00101519 	2.84503e-05
1.61181 	0.0231064 	-0.00101368 	2.86799e-05
1.61331 	0.0231181 	-0.00101217 	2.89094e-05
1.61481 	0.0231297 	-0.00101066 	2.9139e-05
1.61631 	0.0231413 	-0.00100916 	2.93685e-05
1.61781 	0.023153 	-0.00100765 	2.95981e-05
1.61931 	0.0231646 	-0.00100614 	2.98276e-05
1.62081 	0.0231762 	-0.00100463 	3.00572e-05
1.62231 	0.0231879 	-0.00100312 	3.02868e-05
1.62381 	0.0231995 	-0.00100161 	3.05163e-05
1.62531 	0.0232111 	-0.0010001 	3.07459e-05
1.62681 	0.0232228 	-0.000998595 	3.09754e-05
1.62831 	0.0232344 	-0.000997086 	3.1205e-05
1.62981 	0.0232461 	-0.000995577 	3.14345e-05
1.63132 	0.0232577 	-0.000994069 	3.16641e-05
1.63282 	0.0232693 	-0.00099256 	3.18937e-05
1.63432 	0.023281 	-0.000991052 	3.21232e-05
1.63582 	0.0232926 	-0.000989543 	3.23528e-05
1.63732 	0.0233042 	-0.000988034 	3.25823e-05
1.63882 	0.0233159 	-0.000986526 	3.28119e-05
1.64032 	0.0233275 	-0.000985017 	3.30415e-05
1.64182 	0.0233391 	-0.000983509 	3.3271e-05
1.64332 	0.0233508 	-0.000982 	3.35006e-05
1.64482 	0.0233624 	-0.000980491 	3.37301e-05
1.64632 	0.023374 	-0.000978983 	3.39597e-05
1.64782 	0.0233857 	-0.000977474 	3.41892e-05
1.64932 	0.0233973 	-0.000975965 	3.44188e-05
1.65083 	0.023409 	-0.000974457 	3.46484e-05
1.65233 	0.0234206 	-0.000972948 	3.48779e-05
1.65383 	0.0234322 	-0.00097144 	3.51075e-05
1.65533 	0.0234439 	-0.000969931 	3.5337e-05
1.65683 	0.0234555 	-0.000968422 	3.55666e-05
1.65833 	0.0234671 	-0.000966914 	3.57962e-05
1.65983 	0.0234788 	-0.000965405 	3.60257e-05
1.66133 	0.0234904 	-0.000963897 	3.62553e-05
1.66283 	0.023502 	-0.000962388 	3.64848e-05
1.66433 	0.0235137 	-0.000960879 	3.67144e-05
1.66583 	0.0235253 	-0.000959371 	3.69439e-05
1.66733 	0.0235364 	-0.000957873 	3.71226e-05
1.66883 	0.0235473 	-0.000956376 	3.72966e-05
1.67034 	0.0235583 	-0.000954879 	3.74706e-05
1.67184 	0.0235693 	-0.000953383 	3.76445e-05
1.67334 	0.0235803 	-0.00095193 	3.78161e-05
1.67484 	0.0235912 	-0.000950476 	3.79876e-05
1.67634 	0.0236021 	-0.000949022 	3.81591e-05
1.67784 	0.023613 	-0.000947564 	3.8338e-05
1.67934 	0.0236232 	-0.000946081 	3.85743e-05
1.68084 	0.0236334 	-0.000944598 	3.88106e-05
1.68234 	0.0236436 	-0.000943115 	3.90469e-05
1.68384 	0.0236538 	-0.000941632 	3.92832e-05
1.68534 	0.023664 	-0.000940149 	3.95196e-05
1.68684 	0.0236742 	-0.000938665 	3.97559e-05
1.68834 	0.0236844 	-0.000937182 	3.99922e-05
1.68984 	0.0236946 	-0.000935699 	4.02285e-05
1.69135 	0.0237049 	-0.000934216 	4.04648e-05
1.69285 	0.0237151 	-0.000932733 	4.07011e-05
1.69435 	0.0237253 	-0.00093125 	4.09375e-05
1.69585 	0.0237355 	-0.000929766 	4.11738e-05
1.69735 	0.0237457 	-0.000928283 	4.14101e-05
1.69885 	0.0237559 	-0.0009268 	4.16464e-05
1.70035 	0.0237661 	-0.000925317 	4.18827e-05
1.70185 	0.0237763 	-0.000923834 	4.2119e-05
1.70335 	0.0237865 	-0.000922351 	4.23553e-05
1.70485 	0.0237967 	-0.000920868 	4.25917e-05
1.70635 	0.0238069 	-0.000919384 	4.2828e-05
1.70785 	0.0238171 	-0.000917901 	4.30643e-05
1.70935 	0.0238273 	-0.000916418 	4.33006e-05
1.71086 	0.0238375 	-0.000914935 	4.35369e-05
1.71236 	0.0238478 	-0.000913452 	4.37732e-05
1.71386 	0.023858 	-0.000911969 	4.40096e-05
1.71536 	0.0238682 	-0.000910485 	4.42459e-05
1.71686 	0.0238784 	-0.000909002 	4.44822e-05
1.71836 	0.0238886 	-0.000907519 	4.47185e-05
1.71986 	0.0238988 	-0.000906036 	4.49548e-05
1.72136 	0.023909 	-0.000904553 	4.51911e-05
1.72286 	0.0239192 	-0.00090307 	4.54274e-05
1.72436 	0.0239294 	-0.000901586 	4.56638e-05
1.72586 	0.0239396 	-0.000900103 	4.59001e-05
1.72736 	0.0239498 	-0.00089862 	4.61364e-05
1.72886 	0.02396 	-0.000897137 	4.63727e-05
1.73037 	0.0239702 	-0.000895654 	4.6609e-05
1.73187 	0.0239804 	-0.000894171 	4.68453e-05
1.73337 	0.0239905 	-0.000892694 	4.70959e-05
1.73487 	0.0240001 	-0.000891245 	4.74096e-05
1.73637 	0.0240096 	-0.000889796 	4.77233e-05
1.73787 	0.0240191 	-0.000888347 	4.80371e-05
1.73937 	0.0240287 	-0.000886899 	4.83508e-05
1.74087 	0.0240382 	-0.000885479 	4.86676e-05
1.74237 	0.0240477 	-0.000884065 	4.89849e-05
1.74387 	0.0240572 	-0.000882651 	4.93023e-05
1.74537 	0.0240667 	-0.000881238 	4.96197e-05
1.74687 	0.0240759 	-0.000879815 	4.98344e-05
1.74837 	0.0240848 	-0.000878383 	4.99306e-05
1.74987 	0.0240937 	-0.000876951 	5.00268e-05
1.75138 	0.0241026 	-0.000875518 	5.01231e-05
1.75288 	0.0241115 	-0.000874086 	5.02193e-05
1.75438 	0.0241204 	-0.000872654 	5.03155e-05
1.75588 	0.0241293 	-0.000871222 	5.04117e-05
1.75738 	0.0241382 	-0.00086979 	5.0508e-05
1.75888 	0.0241471 	-0.000868357 	5.06042e-05
1.76038 	0.0241561 	-0.000866925 	5.07004e-05
1.76188 	0.024165 	-0.000865493 	5.07966e-05
1.76338 	0.0241739 	-0.000864061 	5.08928e-05
1.76488 	0.0241828 	-0.000862628 	5.09891e-05
1.76638 	0.0241917 	-0.000861196 	5.10853e-05
1.76788 	0.0242006 	-0.000859764 	5.11815e-05
1.76938 	0.0242095 	-0.000858332 	5.12777e-05
1.77089 	0.0242184 	-0.000856899 	5.1374e-05
1.77239 	0.0242273 	-0.000855467 	5.14702e-05
1.77389 	0.0242362 	-0.000854035 	5.15664e-05
1.77539 	0.0242451 	-0.000852603 	5.16626e-05
1.77689 	0.024254 	-0.000851171 	5.17588e-05
1.77839 	0.0242629 	-0.000849738 	5.18551e-05
1.77989 	0.0242719 	-0.000848306 	5.19513e-05
1.78139 	0.0242808 	-0.000846874 	5.20475e-05
1.78289 	0.0242897 	-0.000845442 	5.21437e-05
1.78439 	0.0242986 	-0.000844009 	5.224e-05
1.78589 	0.0243075 	-0.000842577 	5.23362e-05
1.78739 	0.0243164 	-0.000841145 	5.24324e-05
1.78889 	0.0243253 	-0.000839713 	5.25286e-05
1.7904 	0.0243342 	-0.000838281 	5.26249e-05
1.7919 	0.0243431 	-0.000836848 	5.27211e-05
1.7934 	0.024352 	-0.000835416 	5.28173e-05
1.7949 	0.0243609 	-0.000833984 	5.29135e-05
1.7964 	0.0243698 	-0.000832552 	5.30097e-05
1.7979 	0.0243787 	-0.000831119 	5.3106e-05
1.7994 	0.0243877 	-0.000829687 	5.32022e-05
1.8009 	0.024396 	-0.000828291 	5.3093e-05
1.8024 	0.0244044 	-0.000826895 	5.29832e-05
1.8039 	0.0244128 	-0.000825499 	5.28735e-05
1.8054 	0.0244212 	-0.000824103 	5.27638e-05
1.8069 	0.0244296 	-0.00082271 	5.26545e-05
1.8084 	0.024438 	-0.000821327 	5.25467e-05
1.8099 	0.0244464 	-0.000819943 	5.24389e-05
1.81141 	0.0244548 	-0.00081856 	5.23311e-05
1.81291 	0.0244632 	-0.000817177 	5.22232e-05
1.81441 	0.0244707 	-0.00081591 	5.2103e-05
1.81591 	0.0244772 	-0.000814801 	5.19661e-05
1.81741 	0.0244837 	-0.000813691 	5.18292e-05
1.81891 	0.0244901 	-0.000812582 	5.16923e-05
1.82041 	0.0244966 	-0.000811473 	5.15553e-05
1.82191 	0.024503 	-0.000810364 	5.14184e-05
1.82341 	0.0245095 	-0.000809254 	5.12815e-05
1.82491 	0.024516 	-0.000808145 	5.11446e-05
1.82641 	0.0245224 	-0.000807036 	5.10076e-05
1.82791 	0.0245289 	-0.000805926 	5.08707e-05
1.82941 	0.0245354 	-0.000804817 	5.07338e-05
1.83092 	0.0245418 	-0.000803708 	5.05969e-05
1.83242 	0.0245483 	-0.000802598 	5.046e-05
1.83392 	0.0245547 	-0.000801489 	5.0323e-05
1.83542 	0.0245612 	-0.00080038 	5.01861e-05
1.83692 	0.0245677 	-0.000799271 	5.00492e-05
1.83842 	0.0245741 	-0.000798161 	4.99123e-05
1.83992 	0.0245806 	-0.000797052 	4.97753e-05
1.84142 	0.024587 	-0.000795943 	4.96384e-05
1.84292 	0.0245935 	-0.000794833 	4.95015e-05
1.84442 	0.0246 	-0.000793724 	4.93646e-05
1.84592 	0.0246064 	-0.000792615 	4.92277e-05
1.84742 	0.0246129 	-0.000791505 	4.90907e-05
1.84892 	0.0246193 	-0.000790396 	4.89538e-05
1.85043 	0.0246258 	-0.000789287 	4.88169e-05
1.85193 	0.0246323 	-0.000788178 	4.868e-05
1.85343 	0.0246387 	-0.000787068 	4.85431e-05
1.85493 	0.0246452 	-0.000785959 	4.84061e-05
1.85643 	0.0246516 	-0.00078485 	4.82692e-05
1.85793 	0.0246581 	-0.00078374 	4.81323e-05
1.85943 	0.0246646 	-0.000782631 	4.79954e-05
1.86093 	0.024671 	-0.000781522 	4.78584e-05
1.86243 	0.0246775 	-0.000780412 	4.77215e-05
1.86393 	0.0246839 	-0.000779303 	4.75846e-05
1.86543 	0.0246894 	-0.000778356 	4.74326e-05
1.86693 	0.0246939 	-0.000777569 	4.72655e-05
1.86843 	0.0246985 	-0.000776782 	4.70985e-05
1.86993 	0.024703 	-0.000775996 	4.69315e-05
1.87144 	0.0247075 	-0.000775209 	4.67644e-05
1.87294 	0.024712 	-0.000774424 	4.65926e-05
1.87444 	0.0247165 	-0.000773643 	4.64114e-05
1.87594 	0.024721 	-0.000772862 	4.62301e-05
1.87744 	0.0247256 	-0.000772081 	4.60488e-05
1.87894 	0.0247301 	-0.000771299 	4.58675e-05
1.88044 	0.0247348 	-0.00077048 	4.56853e-05
1.88194 	0.0247405 	-0.000769449 	4.54982e-05
1.88344 	0.0247462 	-0.000768418 	4.5311e-05
1.88494 	0.0247519 	-0.000767387 	4.51239e-05
1.88644 	0.0247577 	-0.000766356 	4.49367e-05
1.88794 	0.0247634 	-0.000765326 	4.47496e-05
1.88944 	0.0247691 	-0.000764295 	4.45624e-05
1.89095 	0.0247748 	-0.000763264 	4.43752e-05
1.89245 	0.0247806 	-0.000762233 	4.41881e-05
1.89395 	0.0247863 	-0.000761202 	4.40009e-05
1.89545 	0.024792 	-0.000760171 	4.38138e-05
1.89695 	0.0247977 	-0.000759141 	4.36266e-05
1.89845 	0.0248035 	-0.00075811 	4.34395e-05
1.89995 	0.0248092 	-0.000757079 	4.32523e-05
1.90145 	0.0248149 	-0.000756048 	4.30652e-05
1.90295 	0.0248206 	-0.000755017 	4.2878e-05
1.90445 	0.0248264 	-0.000753986 	4.26909e-05
1.90595 	0.0248321 	-0.000752955 	4.25037e-05
1.90745 	0.0248378 	-0.000751925 	4.23165e-05
1.90895 	0.0248435 	-0.000750894 	4.21294e-05
1.91046 	0.0248493 	-0.000749863 	4.19422e-05
1.91196 	0.024855 	-0.000748832 	4.17551e-05
1.91346 	0.0248607 	-0.000747801 	4.15679e-05
1.91496 	0.0248664 	-0.00074677 	4.13808e-05
1.91646 	0.0248721 	-0.00074574 	4.11936e-05
1.91796 	0.0248779 	-0.000744709 	4.10065e-05
1.91946 	0.0248836 	-0.000743678 	4.08193e-05
1.92096 	0.0248893 	-0.000742647 	4.06322e-05
1.92246 	0.024895 	-0.000741616 	4.0445e-05
1.92396 	0.0249008 	-0.000740585 	4.02578e-05
1.92546 	0.0249065 	-0.000739554 	4.00707e-05
1.92696 	0.0249122 	-0.000738524 	3.98835e-05
1.92846 	0.0249179 	-0.000737493 	3.96964e-05
1.92996 	0.0249247 	-0.000736282 	3.95109e-05
1.93147 	0.0249318 	-0.000735036 	3.93257e-05
1.93297 	0.0249388 	-0.000733789 	3.91405e-05
1.93447 	0.0249458 	-0.000732542 	3.89553e-05
1.93597 	0.0249528 	-0.000731296 	3.87701e-05
1.93747 	0.0249598 	-0.000730049 	3.85844e-05
1.93897 	0.0249669 	-0.000728801 	3.83978e-05
1.94047 	0.0249739 	-0.000727553 	3.82112e-05
1.94197 	0.024981 	-0.000726305 	3.80246e-05
1.94347 	0.024988 	-0.000725057 	3.7838e-05
1.94497 	0.0249951 	-0.000723809 	3.76514e-05
1.94647 	0.0250018 	-0.000722561 	3.7495e-05
1.94797 	0.0250083 	-0.000721313 	3.73464e-05
1.94947 	0.0250149 	-0.000720066 	3.71979e-05
1.95098 	0.0250215 	-0.000718818 	3.70493e-05
1.95248 	0.0250281 	-0.00071757 	3.69007e-05
1.95398 	0.0250347 	-0.000716323 	3.67521e-05
1.95548 	0.0250413 	-0.000715075 	3.66036e-05
1.95698 	0.0250478 	-0.000713827 	3.6455e-05
1.95848 	0.0250544 	-0.00071258 	3.63064e-05
1.95998 	0.025061 	-0.000711332 	3.61578e-05
1.96148 	0.0250676 	-0.000710084 	3.60093e-05
1.96298 	0.0250742 	-0.000708837 	3.58607e-05
1.96448 	0.0250808 	-0.000707589 	3.57121e-05
1.96598 	0.0250873 	-0.000706341 	3.55635e-05
1.96748 	0.0250939 	-0.000705094 	3.54149e-05
1.96898 	0.0251005 	-0.000703846 	3.52664e-05
1.97049 	0.0251071 	-0.000702598 	3.51178e-05
1.97199 	0.0251137 	-0.000701351 	3.49692e-05
1.97349 	0.0251203 	-0.000700103 	3.48206e-05
1.97499 	0.0251268 	-0.000698855 	3.46721e-05
1.97649 	0.0251334 	-0.000697608 	3.45235e-05
1.97799 	0.02514 	-0.00069636 	3.43749e-05
1.97949 	0.0251466 	-0.000695113 	3.42263e-05
1.98099 	0.0251532 	-0.000693865 	3.40778e-05
1.98249 	0.0251598 	-0.000692617 	3.39292e-05
1.98399 	0.0251663 	-0.00069137 	3.37806e-05
1.98549 	0.0251729 	-0.000690122 	3.3632e-05
1.98699 	0.0251795 	-0.000688874 	3.34835e-05
1.98849 	0.0251861 	-0.000687627 	3.33349e-05
1.98999 	0.0251927 	-0.000686379 	3.31863e-05
1.9915 	0.0251992 	-0.000685136 	3.30453e-05
1.993 	0.0252054 	-0.000683933 	3.2962e-05
1.9945 	0.0252116 	-0.000682729 	3.28787e-05
1.996 	0.0252178 	-0.000681526 	3.27954e-05
1.9975 	0.025224 	-0.000680322 	3.27121e-05
1.999 	0.0252302 	-0.000679119 	3.26288e-05
2.0005 	0.0252364 	-0.000677915 	3.25473e-05
2.002 	0.0252426 	-0.000676711 	3.24701e-05
2.0035 	0.0252488 	-0.000675507 	3.23928e-05
2.005 	0.025255 	-0.000674303 	3.23156e-05
2.0065 	0.0252613 	-0.000673099 	3.22384e-05
2.008 	0.0252675 	-0.000671894 	3.21612e-05
2.0095 	0.0252735 	-0.000670683 	3.20877e-05
2.01101 	0.0252793 	-0.000669464 	3.20183e-05
2.01251 	0.0252851 	-0.000668246 	3.19488e-05
2.01401 	0.0252908 	-0.000667027 	3.18793e-05
2.01551 	0.0252966 	-0.000665808 	3.18099e-05
2.01701 	0.0253024 	-0.000664589 	3.17404e-05
2.01851 	0.0253082 	-0.00066337 	3.1671e-05
2.02001 	0.025314 	-0.000662151 	3.16015e-05
2.02151 	0.0253197 	-0.000660932 	3.1532e-05
2.02301 	0.0253255 	-0.000659713 	3.14626e-05
2.02451 	0.0253313 	-0.000658495 	3.13931e-05
2.02601 	0.0253371 	-0.000657276 	3.13236e-05
2.02751 	0.0253429 	-0.000656057 	3.12542e-05
2.02901 	0.0253486 	-0.000654838 	3.11847e-05
2.03052 	0.0253544 	-0.000653619 	3.11153e-05
2.03202 	0.0253602 	-0.0006524 	3.10458e-05
2.03352 	0.025366 	-0.000651181 	3.09763e-05
2.03502 	0.0253718 	-0.000649962 	3.09069e-05
2.03652 	0.0253775 	-0.000648744 	3.08374e-05
2.03802 	0.0253833 	-0.000647525 	3.0768e-05
2.03952 	0.0253891 	-0.000646306 	3.06985e-05
2.04102 	0.0253949 	-0.000645087 	3.0629e-05
2.04252 	0.0254007 	-0.000643868 	3.05596e-05
2.04402 	0.0254064 	-0.000642649 	3.04901e-05
2.04552 	0.0254122 	-0.00064143 	3.04206e-05
2.04702 	0.025418 	-0.000640211 	3.03512e-05
2.04852 	0.0254238 	-0.000638992 	3.02817e-05
2.05003 	0.0254296 	-0.000637774 	3.02123e-05
2.05153 	0.0254353 	-0.000636555 	3.01428e-05
2.05303 	0.0254409 	-0.000635353 	3.00889e-05
2.05453 	0.0254463 	-0.000634172 	3.00532e-05
2.05603 	0.0254517 	-0.000632991 	3.00174e-05
2.05753 	0.0254571 	-0.00063181 	2.99817e-05
2.05903 	0.0254624 	-0.000630629 	2.99459e-05
2.06053 	0.0254678 	-0.000629448 	2.99102e-05
2.06203 	0.0254732 	-0.000628267 	2.98772e-05
2.06353 	0.0254786 	-0.000627086 	2.9849e-05
2.06503 	0.025484 	-0.000625906 	2.98208e-05
2.06653 	0.0254894 	-0.000624725 	2.97926e-05
2.06803 	0.0254948 	-0.000623545 	2.97645e-05
2.06953 	0.0255002 	-0.000622364 	2.97363e-05
2.07104 	0.0255052 	-0.000621256 	2.97137e-05
2.07254 	0.0255092 	-0.000620301 	2.9703e-05
2.07404 	0.0255133 	-0.000619346 	2.96923e-05
2.07554 	0.0255174 	-0.000618391 	2.96816e-05
2.07704 	0.0255215 	-0.000617436 	2.96709e-05
2.07854 	0.0255255 	-0.000616481 	2.96602e-05
2.08004 	0.0255296 	-0.000615525 	2.96495e-05
2.08154 	0.0255337 	-0.00061457 	2.96388e-05
2.08304 	0.0255377 	-0.000613615 	2.96281e-05
2.08454 	0.0255418 	-0.00061266 	2.96174e-05
2.08604 	0.0255459 	-0.000611705 	2.96067e-05
2.08754 	0.02555 	-0.00061075 	2.9596e-05
2.08904 	0.025554 	-0.000609795 	2.95853e-05
2.09055 	0.0255581 	-0.00060884 	2.95746e-05
2.09205 	0.0255622 	-0.000607884 	2.95639e-05
2.09355 	0.0255663 	-0.000606929 	2.95532e-05
2.09505 	0.0255703 	-0.000605974 	2.95425e-05
2.09655 	0.0255744 	-0.000605019 	2.95318e-05
2.09805 	0.0255785 	-0.000604064 	2.95211e-05
2.09955 	0.0255826 	-0.000603109 	2.95104e-05
2.10105 	0.0255866 	-0.000602154 	2.94997e-05
2.10255 	0.0255907 	-0.000601199 	2.9489e-05
2.10405 	0.0255948 	-0.000600244 	2.94783e-05
2.10555 	0.0255989 	-0.000599288 	2.94676e-05
2.10705 	0.0256029 	-0.000598333 	2.94569e-05
2.10855 	0.025607 	-0.000597378 	2.94462e-05
2.11006 	0.0256111 	-0.000596423 	2.94355e-05
2.11156 	0.0256152 	-0.000595468 	2.94248e-05
2.11306 	0.0256182 	-0.000595008 	2.94254e-05
2.11456 	0.0256212 	-0.000594563 	2.94263e-05
2.11606 	0.0256242 	-0.000594119 	2.94272e-05
2.11756 	0.0256272 	-0.000593674 	2.94282e-05
2.11906 	0.0256301 	-0.000593229 	2.94291e-05
2.12056 	0.0256331 	-0.000592784 	2.943e-05
2.12206 	0.0256358 	-0.00059205 	2.9447e-05
2.12356 	0.0256382 	-0.000591166 	2.94723e-05
2.12506 	0.0256406 	-0.000590282 	2.94976e-05
2.12656 	0.025643 	-0.000589398 	2.95229e-05
2.12806 	0.0256455 	-0.000588514 	2.95482e-05
2.12956 	0.0256479 	-0.00058763 	2.95735e-05
2.13107 	0.0256507 	-0.000586731 	2.96841e-05
2.13257 	0.0256541 	-0.000585811 	2.99084e-05
2.13407 	0.0256575 	-0.000584891 	3.01327e-05
2.13557 	0.0256609 	-0.000583971 	3.03569e-05
2.13707 	0.0256642 	-0.000583051 	3.05812e-05
2.13857 	0.0256676 	-0.000582131 	3.08055e-05
2.14007 	0.025671 	-0.000581211 	3.10298e-05
2.14157 	0.0256744 	-0.000580291 	3.12541e-05
2.14307 	0.0256777 	-0.000579371 	3.14784e-05
2.14457 	0.0256811 	-0.000578451 	3.17027e-05
2.14607 	0.0256845 	-0.000577531 	3.1927e-05
2.14757 	0.0256879 	-0.000576611 	3.21513e-05
2.14907 	0.0256913 	-0.000575692 	3.23756e-05
2.15058 	0.0256946 	-0.000574772 	3.25999e-05
2.15208 	0.025698 	-0.000573852 	3.28242e-05
2.15358 	0.0257014 	-0.000572932 	3.30485e-05
2.15508 	0.0257048 	-0.000572012 	3.32728e-05
2.15658 	0.0257081 	-0.000571092 	3.34971e-05
2.15808 	0.0257115 	-0.000570172 	3.37213e-05
2.15958 	0.0257149 	-0.000569252 	3.39456e-05
2.16108 	0.0257183 	-0.000568332 	3.41699e-05
2.16258 	0.0257217 	-0.000567412 	3.43942e-05
2.16408 	0.025725 	-0.000566492 	3.46185e-05
2.16558 	0.0257284 	-0.000565572 	3.48428e-05
2.16708 	0.0257318 	-0.000564652 	3.50671e-05
2.16858 	0.0257352 	-0.000563733 	3.52914e-05
2.17009 	0.0257394 	-0.000562988 	3.56411e-05
2.17159 	0.0257441 	-0.000562308 	3.60371e-05
2.17309 	0.0257487 	-0.000561628 	3.6433e-05
2.17459 	0.0257533 	-0.000560948 	3.68289e-05
2.17609 	0.0257579 	-0.000560269 	3.72248e-05
2.17759 	0.0257625 	-0.000559589 	3.76207e-05
2.17909 	0.0257669 	-0.000558677 	3.80249e-05
2.18059 	0.0257704 	-0.000557084 	3.84533e-05
2.18209 	0.025774 	-0.000555492 	3.88818e-05
2.18359 	0.0257776 	-0.000553899 	3.93102e-05
2.18509 	0.0257811 	-0.000552307 	3.97386e-05
2.18659 	0.0257847 	-0.000550714 	4.0167e-05
2.18809 	0.0257882 	-0.000549122 	4.05955e-05
2.18959 	0.0257919 	-0.000547921 	4.10688e-05
2.1911 	0.0257956 	-0.000546771 	4.15479e-05
2.1926 	0.0257993 	-0.00054562 	4.20271e-05
2.1941 	0.025803 	-0.00054447 	4.25062e-05
2.1956 	0.0258067 	-0.00054332 	4.29853e-05
2.1971 	0.0258104 	-0.000542169 	4.34644e-05
2.1986 	0.0258141 	-0.000541019 	4.39436e-05
2.2001 	0.0258178 	-0.000539869 	4.44227e-05
2.2016 	0.0258215 	-0.000538719 	4.49018e-05
2.2031 	0.0258252 	-0.000537568 	4.53809e-05
2.2046 	0.0258289 	-0.000536418 	4.58601e-05
2.2061 	0.0258326 	-0.000535268 	4.63392e-05
2.2076 	0.0258363 	-0.000534117 	4.68183e-05
2.2091 	0.02584 	-0.000532967 	4.72975e-05
2.21061 	0.0258437 	-0.000531817 	4.77766e-05
2.21211 	0.0258474 	-0.000530667 	4.82557e-05
2.21361 	0.0258511 	-0.000529516 	4.87348e-05
2.21511 	0.0258547 	-0.000528366 	4.9214e-05
2.21661 	0.0258584 	-0.000527216 	4.96931e-05
2.21811 	0.0258621 	-0.000526066 	5.01722e-05
2.21961 	0.0258658 	-0.000524915 	5.06513e-05
2.22111 	0.0258695 	-0.000523765 	5.11305e-05
2.22261 	0.0258732 	-0.000522615 	5.16096e-05
2.22411 	0.0258769 	-0.000521464 	5.20887e-05
2.22561 	0.0258808 	-0.000520714 	5.25961e-05
2.22711 	0.0258847 	-0.000520056 	5.31099e-05
2.22861 	0.0258885 	-0.000519398 	5.36237e-05
2.23012 	0.0258924 	-0.00051874 	5.41376e-05
2.23162 	0.0258963 	-0.000518081 	5.46514e-05
2.23312 	0.0259002 	-0.000517423 	5.51652e-05
2.23462 	0.0259038 	-0.000516564 	5.56841e-05
2.23612 	0.0259066 	-0.000514998 	5.62207e-05
2.23762 	0.0259094 	-0.000513432 	5.67572e-05
2.23912 	0.0259121 	-0.000511866 	5.72938e-05
2.24062 	0.0259149 	-0.0005103 	5.78304e-05
2.24212 	0.0259177 	-0.000508734 	5.83669e-05
2.24362 	0.0259205 	-0.000507168 	5.89035e-05
2.24512 	0.0259232 	-0.000506016 	5.93336e-05
2.24662 	0.0259259 	-0.000504991 	5.97308e-05
2.24812 	0.0259286 	-0.000503966 	6.0128e-05
2.24962 	0.0259313 	-0.000502941 	6.05252e-05
2.25113 	0.0259341 	-0.000501916 	6.09224e-05
2.25263 	0.0259368 	-0.000500891 	6.13196e-05
2.25413 	0.0259395 	-0.000499866 	6.17168e-05
2.25563 	0.0259422 	-0.000498841 	6.2114e-05
2.25713 	0.0259449 	-0.000497816 	6.25112e-05
2.25863 	0.0259477 	-0.000496791 	6.29084e-05
2.26013 	0.0259504 	-0.000495767 	6.33056e-05
2.26163 	0.0259531 	-0.000494742 	6.37028e-05
2.26313 	0.0259558 	-0.000493717 	6.41e-05
2.26463 	0.0259585 	-0.000492692 	6.44972e-05
2.26613 	0.0259612 	-0.000491667 	6.48945e-05
2.26763 	0.025964 	-0.000490642 	6.52917e-05
2.26913 	0.0259667 	-0.000489617 	6.56889e-05
2.27064 	0.0259694 	-0.000488592 	6.60861e-05
2.27214 	0.0259721 	-0.000487567 	6.64833e-05
2.27364 	0.0259748 	-0.000486542 	6.68805e-05
2.27514 	0.0259776 	-0.000485517 	6.72777e-05
2.27664 	0.0259803 	-0.000484493 	6.76749e-05
2.27814 	0.0259829 	-0.000483666 	6.80233e-05
2.27964 	0.0259853 	-0.000483359 	6.82445e-05
2.28114 	0.0259877 	-0.000483051 	6.84658e-05
2.28264 	0.0259901 	-0.000482743 	6.8687e-05
2.28414 	0.0259925 	-0.000482435 	6.89082e-05
2.28564 	0.0259949 	-0.000482127 	6.91294e-05
2.28714 	0.0259973 	-0.000481819 	6.93506e-05
2.28864 	0.0259986 	-0.000481115 	6.95416e-05
2.29015 	0.0259992 	-0.000480166 	6.9714e-05
2.29165 	0.0259999 	-0.000479217 	6.98864e-05
2.29315 	0.0260005 	-0.000478269 	7.00587e-05
2.29465 	0.0260012 	-0.00047732 	7.02311e-05
2.29615 	0.0260018 	-0.000476371 	7.04035e-05
2.29765 	0.0260026 	-0.000475428 	7.05814e-05
2.29915 	0.0260045 	-0.000474527 	7.08004e-05
2.30065 	0.0260064 	-0.000473626 	7.10194e-05
2.30215 	0.0260083 	-0.000472725 	7.12384e-05
2.30365 	0.0260102 	-0.000471825 	7.14574e-05
2.30515 	0.0260121 	-0.000470924 	7.16764e-05
2.30665 	0.026014 	-0.000470023 	7.18954e-05
2.30815 	0.0260159 	-0.000469122 	7.21143e-05
2.30965 	0.0260178 	-0.000468221 	7.23333e-05
2.31116 	0.0260197 	-0.00046732 	7.25523e-05
2.31266 	0.0260216 	-0.00046642 	7.27713e-05
2.31416 	0.0260236 	-0.000465519 	7.29903e-05
2.31566 	0.0260255 	-0.000464618 	7.32093e-05
2.31716 	0.0260274 	-0.000463717 	7.34283e-05
2.31866 	0.0260293 	-0.000462816 	7.36473e-05
2.32016 	0.0260312 	-0.000461915 	7.38663e-05
2.32166 	0.0260331 	-0.000461015 	7.40853e-05
2.32316 	0.026035 	-0.000460114 	7.43043e-05
2.32466 	0.0260369 	-0.000459213 	7.45233e-05
2.32616 	0.0260388 	-0.000458312 	7.47423e-05
2.32766 	0.0260407 	-0.000457411 	7.49613e-05
2.32916 	0.0260428 	-0.000456526 	7.51878e-05
2.33067 	0.026046 	-0.000455718 	7.54523e-05
2.33217 	0.0260491 	-0.000454911 	7.57167e-05
2.33367 	0.0260523 	-0.000454103 	7.59812e-05
2.33517 	0.0260555 	-0.000453295 	7.62456e-05
2.33667 	0.0260586 	-0.000452488 	7.651e-05
2.33817 	0.0260618 	-0.00045168 	7.67745e-05
2.33967 	0.0260641 	-0.000450561 	7.70136e-05
2.34117 	0.0260654 	-0.000449115 	7.72261e-05
2.34267 	0.0260667 	-0.000447669 	7.74386e-05
2.34417 	0.0260681 	-0.000446223 	7.76511e-05
2.34567 	0.0260694 	-0.000444777 	7.78636e-05
2.34717 	0.0260707 	-0.000443331 	7.80761e-05
2.34867 	0.0260721 	-0.000441885 	7.82886e-05
2.35018 	0.0260736 	-0.000440838 	7.84716e-05
2.35168 	0.0260751 	-0.000439796 	7.86542e-05
2.35318 	0.0260766 	-0.000438753 	7.88369e-05
2.35468 	0.0260781 	-0.00043771 	7.90195e-05
2.35618 	0.0260796 	-0.000436667 	7.92022e-05
2.35768 	0.0260811 	-0.000435624 	7.93848e-05
2.35918 	0.0260826 	-0.000434582 	7.95675e-05
2.36068 	0.0260842 	-0.000433539 	7.97501e-05
2.36218 	0.0260857 	-0.000432496 	7.99328e-05
2.36368 	0.0260872 	-0.000431453 	8.01155e-05
2.36518 	0.0260887 	-0.00043041 	8.02981e-05
2.36668 	0.0260902 	-0.000429368 	8.04808e-05
2.36818 	0.0260917 	-0.000428325 	8.06634e-05
2.36968 	0.0260932 	-0.000427282 	8.08461e-05
2.37119 	0.0260947 	-0.000426239 	8.10287e-05
2.37269 	0.0260963 	-0.000425196 	8.12114e-05
2.37419 	0.0260978 	-0.000424154 	8.1394e-05
2.37569 	0.0260993 	-0.000423111 	8.15767e-05
2.37719 	0.0261008 	-0.000422068 	8.17593e-05
2.37869 	0.0261025 	-0.000421192 	8.1943e-05
2.38019 	0.0261045 	-0.000420474 	8.21276e-05
2.38169 	0.0261064 	-0.000419755 	8.23123e-05
2.38319 	0.0261084 	-0.000419037 	8.24969e-05
2.38469 	0.0261103 	-0.000418319 	8.26815e-05
2.38619 	0.0261123 	-0.0004176 	8.28662e-05
2.38769 	0.0261142 	-0.000416882 	8.30508e-05
2.38919 	0.026115 	-0.000415401 	8.32401e-05
2.3907 	0.0261155 	-0.000413793 	8.34302e-05
2.3922 	0.0261161 	-0.000412184 	8.36202e-05
2.3937 	0.0261167 	-0.000410576 	8.38103e-05
2.3952 	0.0261172 	-0.000408968 	8.40003e-05
2.3967 	0.0261178 	-0.000407359 	8.41904e-05
2.3982 	0.0261184 	-0.000405916 	8.44299e-05
2.3997 	0.0261191 	-0.000404718 	8.47428e-05
2.4012 	0.0261198 	-0.000403521 	8.50558e-05
2.4027 	0.0261205 	-0.000402323 	8.53688e-05
2.4042 	0.0261212 	-0.000401125 	8.56818e-05
2.4057 	0.0261219 	-0.000399927 	8.59948e-05
2.4072 	0.0261227 	-0.000398729 	8.63077e-05
2.4087 	0.0261234 	-0.000397531 	8.66207e-05
2.41021 	0.0261241 	-0.000396334 	8.69337e-05
2.41171 	0.0261248 	-0.000395136 	8.72467e-05
2.41321 	0.0261255 	-0.000393938 	8.75597e-05
2.41471 	0.0261262 	-0.00039274 	8.78726e-05
2.41621 	0.0261269 	-0.000391542 	8.81856e-05
2.41771 	0.0261276 	-0.000390344 	8.84986e-05
2.41921 	0.0261283 	-0.000389147 	8.88116e-05
2.42071 	0.026129 	-0.000387949 	8.91246e-05
2.42221 	0.0261297 	-0.000386751 	8.94375e-05
2.42371 	0.0261304 	-0.000385553 	8.97505e-05
2.42521 	0.0261312 	-0.000384515 	9.01065e-05
2.42671 	0.026132 	-0.000383785 	9.0546e-05
2.42821 	0.0261329 	-0.000383056 	9.09855e-05
2.42971 	0.0261337 	-0.000382327 	9.1425e-05
2.43122 	0.0261345 	-0.000381598 	9.18646e-05
2.43272 	0.0261354 	-0.000380868 	9.23041e-05
2.43422 	0.0261362 	-0.000380139 	9.27436e-05
2.43572 	0.0261359 	-0.000378744 	9.31984e-05
2.43722 	0.0261352 	-0.00037712 	9.36584e-05
2.43872 	0.0261345 	-0.000375495 	9.41185e-05
2.44022 	0.0261338 	-0.00037387 	9.45786e-05
2.44172 	0.0261331 	-0.000372245 	9.50386e-05
2.44322 	0.0261324 	-0.000370621 	9.54987e-05
2.44472 	0.0261321 	-0.000369322 	9.59276e-05
2.44622 	0.0261323 	-0.00036858 	9.6303e-05
2.44772 	0.0261325 	-0.000367839 	9.66785e-05
2.44922 	0.0261327 	-0.000367098 	9.7054e-05
2.45073 	0.0261329 	-0.000366357 	9.74294e-05
2.45223 	0.0261331 	-0.000365615 	9.78049e-05
2.45373 	0.0261333 	-0.000364874 	9.81803e-05
2.45523 	0.0261335 	-0.000364133 	9.85558e-05
2.45673 	0.0261337 	-0.000363391 	9.89313e-05
2.45823 	0.026134 	-0.00036265 	9.93067e-05
2.45973 	0.0261342 	-0.000361909 	9.96822e-05
2.46123 	0.0261344 	-0.000361168 	0.000100058
2.46273 	0.0261346 	-0.000360426 	0.000100433
2.46423 	0.0261348 	-0.000359685 	0.000100809
2.46573 	0.026135 	-0.000358944 	0.000101184
2.46723 	0.0261352 	-0.000358203 	0.000101559
2.46873 	0.0261354 	-0.000357461 	0.000101935
2.47024 	0.0261362 	-0.000357328 	0.000102251
2.47174 	0.0261373 	-0.000357523 	0.000102536
2.47324 	0.0261384 	-0.000357718 	0.000102821
2.47474 	0.0261396 	-0.000357912 	0.000103105
2.47624 	0.0261407 	-0.000358107 	0.00010339
2.47774 	0.0261418 	-0.000358302 	0.000103674
2.47924 	0.0261429 	-0.000358496 	0.000103962
2.48074 	0.026144 	-0.000358689 	0.000104266
2.48224 	0.0261452 	-0.000358882 	0.00010457
2.48374 	0.0261463 	-0.000359074 	0.000104874
2.48524 	0.0261475 	-0.000359267 	0.000105179
2.48674 	0.0261486 	-0.00035946 	0.000105483
2.48824 	0.0261497 	-0.000359653 	0.000105787
2.48974 	0.0261492 	-0.000359013 	0.000106165
2.49125 	0.0261484 	-0.000358268 	0.000106552
2.49275 	0.0261476 	-0.000357524 	0.00010694
2.49425 	0.0261468 	-0.000356779 	0.000107327
2.49575 	0.0261461 	-0.000356035 	0.000107715
2.49725 	0.0261453 	-0.000355291 	0.000108102
2.49875 	0.0261445 	-0.000354546 	0.00010849
2.50025 	0.0261437 	-0.000353802 	0.000108877
2.50175 	0.026143 	-0.000353058 	0.000109264
2.50325 	0.0261422 	-0.000352313 	0.000109652
2.50475 	0.0261414 	-0.000351569 	0.000110039
2.50625 	0.0261406 	-0.000350825 	0.000110427
2.50775 	0.0261398 	-0.00035008 	0.000110814
2.50925 	0.0261391 	-0.000349336 	0.000111201
2.51076 	0.0261383 	-0.000348592 	0.000111589
2.51226 	0.0261366 	-0.000347448 	0.000112007
2.51376 	0.0261339 	-0.000345797 	0.000112464
2.51526 	0.0261311 	-0.000344147 	0.000112922
2.51676 	0.0261284 	-0.000342496 	0.000113379
2.51826 	0.0261256 	-0.000340846 	0.000113837
2.51976 	0.0261228 	-0.000339195 	0.000114294
2.52126 	0.0261202 	-0.0003376 	0.000114754
2.52276 	0.026119 	-0.00033674 	0.000115252
2.52426 	0.0261179 	-0.000335879 	0.00011575
2.52576 	0.0261167 	-0.000335019 	0.000116248
2.52726 	0.0261155 	-0.000334159 	0.000116746
2.52876 	0.0261143 	-0.000333298 	0.000117243
2.53027 	0.0261132 	-0.000332438 	0.000117741
2.53177 	0.0261104 	-0.00033116 	0.000118155
2.53327 	0.0261076 	-0.000329861 	0.000118565
2.53477 	0.0261048 	-0.000328562 	0.000118975
2.53627 	0.026102 	-0.000327263 	0.000119385
2.53777 	0.0260992 	-0.000325963 	0.000119795
2.53927 	0.0260964 	-0.000324664 	0.000120205
2.54077 	0.0260936 	-0.000323365 	0.000120615
2.54227 	0.0260908 	-0.000322066 	0.000121025
2.54377 	0.026088 	-0.000320766 	0.000121435
2.54527 	0.0260852 	-0.000319467 	0.000121844
2.54677 	0.0260824 	-0.000318168 	0.000122254
2.54827 	0.0260796 	-0.000316869 	0.000122664
2.54977 	0.0260768 	-0.00031557 	0.000123074
2.55128 	0.026074 	-0.00031427 	0.000123484
2.55278 	0.02607 	-0.000312701 	0.000123826
2.55428 	0.0260654 	-0.000311016 	0.00012414
2.55578 	0.0260609 	-0.000309331 	0.000124453
2.55728 	0.0260564 	-0.000307646 	0.000124767
2.55878 	0.0260518 	-0.000305961 	0.00012508
2.56028 	0.0260473 	-0.000304276 	0.000125394
2.56178 	0.0260436 	-0.000302962 	0.000125731
2.56328 	0.0260407 	-0.000302044 	0.000126093
2.56478 	0.0260379 	-0.000301125 	0.000126456
2.56628 	0.026035 	-0.000300206 	0.000126818
2.56778 	0.0260321 	-0.000299288 	0.00012718
2.56928 	0.0260293 	-0.000298369 	0.000127543
2.57079 	0.0260262 	-0.000297383 	0.000127826
2.57229 	0.0260228 	-0.000296338 	0.000128041
2.57379 	0.0260195 	-0.000295294 	0.000128256
2.57529 	0.0260162 	-0.000294249 	0.000128471
2.57679 	0.0260129 	-0.000293204 	0.000128685
2.57829 	0.0260095 	-0.000292159 	0.0001289
2.57979 	0.0260062 	-0.000291115 	0.000129115
2.58129 	0.0260029 	-0.00029007 	0.000129329
2.58279 	0.0259996 	-0.000289025 	0.000129544
2.58429 	0.0259963 	-0.000287981 	0.000129759
2.58579 	0.0259929 	-0.000286936 	0.000129974
2.58729 	0.0259896 	-0.000285891 	0.000130188
2.58879 	0.0259863 	-0.000284847 	0.000130403
2.5903 	0.0259827 	-0.000283767 	0.000130558
2.5918 	0.0259789 	-0.000282637 	0.000130626
2.5933 	0.025975 	-0.000281507 	0.000130694
2.5948 	0.0259711 	-0.000280378 	0.000130762
2.5963 	0.0259673 	-0.000279248 	0.00013083
2.5978 	0.0259634 	-0.000278118 	0.000130898
2.5993 	0.0259603 	-0.000277285 	0.000130979
2.6008 	0.0259583 	-0.000276958 	0.000131082
2.6023 	0.0259564 	-0.00027663 	0.000131185
2.6038 	0.0259544 	-0.000276302 	0.000131288
2.6053 	0.0259525 	-0.000275975 	0.000131391
2.6068 	0.0259505 	-0.000275647 	0.000131494
2.6083 	0.0259466 	-0.000274856 	0.00013155
2.6098 	0.0259414 	-0.000273764 	0.000131576
2.61131 	0.0259362 	-0.000272671 	0.000131602
2.61281 	0.025931 	-0.000271579 	0.000131627
2.61431 	0.0259258 	-0.000270487 	0.000131653
2.61581 	0.0259206 	-0.000269395 	0.000131679
2.61731 	0.0259154 	-0.000268303 	0.000131704
2.61881 	0.0259102 	-0.000267211 	0.00013173
2.62031 	0.025905 	-0.000266119 	0.000131756
2.62181 	0.0258998 	-0.000265027 	0.000131782
2.62331 	0.0258946 	-0.000263935 	0.000131807
2.62481 	0.0258894 	-0.000262843 	0.000131833
2.62631 	0.0258824 	-0.000261363 	0.000131824
2.62781 	0.0258738 	-0.000259538 	0.000131785
2.62931 	0.0258652 	-0.000257712 	0.000131745
2.63082 	0.0258566 	-0.000255887 	0.000131706
2.63232 	0.025848 	-0.000254062 	0.000131667
2.63382 	0.0258394 	-0.000252236 	0.000131627
2.63532 	0.0258322 	-0.000250943 	0.000131596
2.63682 	0.0258255 	-0.000249887 	0.000131569
2.63832 	0.0258188 	-0.000248831 	0.000131541
2.63982 	0.0258121 	-0.000247774 	0.000131514
2.64132 	0.0258054 	-0.000246718 	0.000131486
2.64282 	0.0257987 	-0.000245648 	0.000131454
2.64432 	0.0257921 	-0.000244494 	0.000131388
2.64582 	0.0257855 	-0.00024334 	0.000131323
2.64732 	0.0257789 	-0.000242186 	0.000131258
2.64882 	0.0257723 	-0.000241032 	0.000131192
2.65033 	0.0257656 	-0.000239878 	0.000131127
2.65183 	0.025759 	-0.000238724 	0.000131061
2.65333 	0.0257524 	-0.00023757 	0.000130996
2.65483 	0.0257458 	-0.000236416 	0.00013093
2.65633 	0.0257392 	-0.000235262 	0.000130865
2.65783 	0.0257326 	-0.000234107 	0.0001308
2.65933 	0.025726 	-0.000232951 	0.000130733
2.66083 	0.0257193 	-0.000231738 	0.000130642
2.66233 	0.0257126 	-0.000230525 	0.000130551
2.66383 	0.025706 	-0.000229312 	0.00013046
2.66533 	0.0256993 	-0.000228099 	0.000130369
2.66683 	0.0256926 	-0.000226886 	0.000130278
2.66833 	0.0256869 	-0.000226008 	0.000130184
2.66983 	0.0256826 	-0.000225611 	0.000130086
2.67134 	0.0256782 	-0.000225214 	0.000129988
2.67284 	0.0256739 	-0.000224816 	0.00012989
2.67434 	0.0256696 	-0.000224419 	0.000129793
2.67584 	0.0256648 	-0.000223963 	0.000129688
2.67734 	0.0256553 	-0.000222736 	0.000129487
2.67884 	0.0256457 	-0.000221509 	0.000129286
2.68034 	0.0256362 	-0.000220282 	0.000129085
2.68184 	0.0256266 	-0.000219055 	0.000128884
2.68334 	0.0256171 	-0.000217828 	0.000128683
2.68484 	0.0256075 	-0.000216601 	0.000128482
2.68634 	0.0255979 	-0.000215373 	0.000128281
2.68784 	0.0255884 	-0.000214146 	0.00012808
2.68934 	0.0255788 	-0.000212919 	0.000127879
2.69085 	0.0255693 	-0.000211692 	0.000127678
2.69235 	0.0255549 	-0.000209767 	0.000127382
2.69385 	0.02554 	-0.000207746 	0.000127074
2.69535 	0.025525 	-0.000205724 	0.000126765
2.69685 	0.02551 	-0.000203703 	0.000126457
2.69835 	0.025495 	-0.000201681 	0.000126148
2.69985 	0.0254811 	-0.000200031 	0.000125832
2.70135 	0.0254682 	-0.000198779 	0.000125509
2.70285 	0.0254554 	-0.000197528 	0.000125186
2.70435 	0.0254426 	-0.000196276 	0.000124862
2.70585 	0.0254297 	-0.000195025 	0.000124539
2.70735 	0.0254156 	-0.000193605 	0.00012421
2.70885 	0.0253992 	-0.000191897 	0.00012387
2.71036 	0.0253829 	-0.000190189 	0.00012353
2.71186 	0.0253665 	-0.000188482 	0.00012319
2.71336 	0.0253501 	-0.000186774 	0.00012285
2.71486 	0.0253338 	-0.000185066 	0.00012251
2.71636 	0.0253174 	-0.000183358 	0.00012217
2.71786 	0.0253011 	-0.00018165 	0.00012183
2.71936 	0.0252847 	-0.000179943 	0.000121491
2.72086 	0.0252683 	-0.000178228 	0.000121151
2.72236 	0.0252482 	-0.000176129 	0.000120798
2.72386 	0.0252282 	-0.00017403 	0.000120445
2.72536 	0.0252081 	-0.000171932 	0.000120092
2.72686 	0.0251881 	-0.000169833 	0.000119739
2.72836 	0.025168 	-0.000167734 	0.000119386
2.72986 	0.0251498 	-0.000166267 	0.000119014
2.73137 	0.0251319 	-0.000164905 	0.000118639
2.73287 	0.025114 	-0.000163544 	0.000118264
2.73437 	0.025096 	-0.000162183 	0.000117889
2.73587 	0.0250781 	-0.000160821 	0.000117514
2.73737 	0.0250622 	-0.000159445 	0.000117254
2.73887 	0.0250464 	-0.000158068 	0.000116996
2.74037 	0.0250306 	-0.000156692 	0.000116739
2.74187 	0.0250148 	-0.000155315 	0.000116481
2.74337 	0.0249989 	-0.000153939 	0.000116223
2.74487 	0.0249831 	-0.000152562 	0.000115966
2.74637 	0.0249673 	-0.000151185 	0.000115708
2.74787 	0.0249515 	-0.000149809 	0.000115451
2.74937 	0.0249364 	-0.000148446 	0.000115248
2.75088 	0.0249226 	-0.000147103 	0.000115126
2.75238 	0.0249087 	-0.00014576 	0.000115004
2.75388 	0.0248949 	-0.000144417 	0.000114882
2.75538 	0.024881 	-0.000143074 	0.00011476
2.75688 	0.0248685 	-0.000142111 	0.000114624
2.75838 	0.0248576 	-0.000141555 	0.000114474
2.75988 	0.0248467 	-0.000140999 	0.000114324
2.76138 	0.0248357 	-0.000140443 	0.000114174
2.76288 	0.0248248 	-0.000139887 	0.000114024
2.76438 	0.0248059 	-0.000138597 	0.000113854
2.76588 	0.0247855 	-0.000137165 	0.00011368
2.76738 	0.024765 	-0.000135734 	0.000113506
2.76888 	0.0247446 	-0.000134302 	0.000113332
2.77039 	0.0247242 	-0.000132871 	0.000113157
2.77189 	0.0247037 	-0.000131439 	0.000112983
2.77339 	0.0246833 	-0.000130008 	0.000112809
2.77489 	0.0246629 	-0.000128576 	0.000112635
2.77639 	0.0246329 	-0.00012633 	0.000112453
2.77789 	0.0246028 	-0.00012407 	0.000112271
2.77939 	0.0245727 	-0.000121809 	0.000112089
2.78089 	0.0245426 	-0.000119548 	0.000111907
2.78239 	0.0245132 	-0.000117506 	0.00011171
2.78389 	0.0244852 	-0.000115964 	0.000111479
2.78539 	0.0244573 	-0.000114422 	0.000111248
2.78689 	0.0244293 	-0.00011288 	0.000111017
2.78839 	0.0244014 	-0.000111338 	0.000110785
2.78989 	0.0243771 	-0.000109833 	0.000110619
2.7914 	0.0243532 	-0.000108332 	0.000110461
2.7929 	0.0243294 	-0.000106831 	0.000110302
2.7944 	0.0243055 	-0.000105329 	0.000110144
2.7959 	0.0242816 	-0.000103828 	0.000109985
2.7974 	0.0242578 	-0.000102327 	0.000109826
2.7989 	0.0242339 	-0.000100826 	0.000109668
2.8004 	0.0242129 	-9.93975e-05 	0.000109563
2.8019 	0.024193 	-9.80004e-05 	0.000109481
2.8034 	0.0241732 	-9.66033e-05 	0.000109398
2.8049 	0.0241533 	-9.52061e-05 	0.000109316
2.8064 	0.0241343 	-9.40121e-05 	0.000109222
2.8079 	0.0241177 	-9.33755e-05 	0.000109096
2.8094 	0.024101 	-9.27389e-05 	0.00010897
2.81091 	0.0240844 	-9.21023e-05 	0.000108844
2.81241 	0.0240665 	-9.13808e-05 	0.000108713
2.81391 	0.0240367 	-8.98711e-05 	0.000108536
2.81541 	0.024007 	-8.83615e-05 	0.000108359
2.81691 	0.0239772 	-8.68519e-05 	0.000108182
2.81841 	0.0239474 	-8.53422e-05 	0.000108005
2.81991 	0.0239177 	-8.38326e-05 	0.000107827
2.82141 	0.0238879 	-8.2323e-05 	0.00010765
2.82291 	0.0238515 	-8.04046e-05 	0.000107429
2.82441 	0.0238085 	-7.8093e-05 	0.000107165
2.82591 	0.0237656 	-7.57815e-05 	0.000106901
2.82741 	0.0237226 	-7.34699e-05 	0.000106637
2.82891 	0.0236803 	-7.1366e-05 	0.000106367
2.83042 	0.0236392 	-6.97147e-05 	0.000106086
2.83192 	0.023598 	-6.80635e-05 	0.000105804
2.83342 	0.0235569 	-6.64122e-05 	0.000105523
2.83492 	0.0235183 	-6.48018e-05 	0.000105259
2.83642 	0.023484 	-6.32586e-05 	0.000105024
2.83792 	0.0234497 	-6.17154e-05 	0.00010479
2.83942 	0.0234154 	-6.01722e-05 	0.000104555
2.84092 	0.0233811 	-5.8629e-05 	0.00010432
2.84242 	0.0233468 	-5.70858e-05 	0.000104086
2.84392 	0.0233149 	-5.56105e-05 	0.000103852
2.84542 	0.0232875 	-5.42625e-05 	0.000103619
2.84692 	0.0232602 	-5.29145e-05 	0.000103386
2.84842 	0.0232328 	-5.15665e-05 	0.000103153
2.84992 	0.0232067 	-5.04855e-05 	0.000102934
2.85143 	0.0231824 	-4.98223e-05 	0.000102735
2.85293 	0.0231582 	-4.91591e-05 	0.000102536
2.85443 	0.0231339 	-4.8496e-05 	0.000102337
2.85593 	0.0230984 	-4.73958e-05 	0.000102067
2.85743 	0.0230578 	-4.60916e-05 	0.000101764
2.85893 	0.0230171 	-4.47874e-05 	0.000101461
2.86043 	0.0229764 	-4.34832e-05 	0.000101157
2.86193 	0.0229357 	-4.21791e-05 	0.000100854
2.86343 	0.0228921 	-4.07585e-05 	0.000100532
2.86493 	0.0228339 	-3.8745e-05 	0.000100114
2.86643 	0.0227756 	-3.67315e-05 	9.96957e-05
2.86793 	0.0227174 	-3.4718e-05 	9.92777e-05
2.86943 	0.0226583 	-3.28153e-05 	9.88541e-05
2.87094 	0.0225981 	-3.10552e-05 	9.84234e-05
2.87244 	0.0225379 	-2.92951e-05 	9.79927e-05
2.87394 	0.0224777 	-2.7535e-05 	9.7562e-05
2.87544 	0.0224301 	-2.62177e-05 	9.72644e-05
2.87694 	0.0223832 	-2.49231e-05 	9.69737e-05
2.87844 	0.0223363 	-2.36285e-05 	9.66829e-05
2.87994 	0.0222893 	-2.23339e-05 	9.63922e-05
2.88144 	0.0222424 	-2.10393e-05 	9.61014e-05
2.88294 	0.0222067 	-2.01185e-05 	9.5959e-05
2.88444 	0.0221722 	-1.92379e-05 	9.58326e-05
2.88594 	0.0221376 	-1.83572e-05 	9.57061e-05
2.88744 	0.0221018 	-1.74506e-05 	9.55587e-05
2.88894 	0.022064 	-1.65053e-05 	9.53801e-05
2.89045 	0.0220262 	-1.55599e-05 	9.52014e-05
2.89195 	0.0219883 	-1.46151e-05 	9.50293e-05
2.89345 	0.0219494 	-1.36737e-05 	9.4901e-05
2.89495 	0.0219105 	-1.27323e-05 	9.47727e-05
2.89645 	0.0218715 	-1.1791e-05 	9.46444e-05
2.89795 	0.0218326 	-1.08496e-05 	9.45161e-05
2.89945 	0.0217933 	-9.95765e-06 	9.44278e-05
2.90095 	0.0217535 	-9.11291e-06 	9.43776e-05
2.90245 	0.0217137 	-8.26816e-06 	9.43274e-05
2.90395 	0.0216731 	-7.4099e-06 	9.42646e-05
2.90545 	0.0216296 	-6.50573e-06 	9.4159e-05
2.90695 	0.0215862 	-5.60156e-06 	9.40535e-05
2.90845 	0.0215386 	-4.6433e-06 	9.3964e-05
2.90995 	0.0214692 	-3.40958e-06 	9.3956e-05
2.91146 	0.0213998 	-2.17585e-06 	9.39481e-05
2.91296 	0.0213304 	-9.42128e-07 	9.39401e-05
2.91446 	0.021261 	2.91596e-07 	9.39322e-05
2.91596 	0.0211682 	1.70039e-06 	9.40209e-05
2.91746 	0.0210738 	3.12059e-06 	9.41159e-05
2.91896 	0.0209795 	4.54079e-06 	9.42109e-05
2.92046 	0.0208782 	6.05326e-06 	9.43058e-05
2.92196 	0.0207758 	7.58024e-06 	9.44006e-05
2.92346 	0.0206735 	9.10723e-06 	9.44954e-05
2.92496 	0.020592 	1.02324e-05 	9.45748e-05
2.92646 	0.0205105 	1.13573e-05 	9.46541e-05
2.92796 	0.0204291 	1.24822e-05 	9.47335e-05
2.92946 	0.0203506 	1.35327e-05 	9.48105e-05
2.93097 	0.0202917 	1.41028e-05 	9.48726e-05
2.93247 	0.0202327 	1.4673e-05 	9.49347e-05
2.93397 	0.0201723 	1.52551e-05 	9.50132e-05
2.93547 	0.0201079 	1.58711e-05 	9.51382e-05
2.93697 	0.0200435 	1.64871e-05 	9.52632e-05
2.93847 	0.0199542 	1.71781e-05 	9.534e-05
2.93997 	0.0198474 	1.79223e-05 	9.53826e-05
2.94147 	0.0197406 	1.86665e-05 	9.54253e-05
2.94297 	0.0196317 	1.94096e-05 	9.54651e-05
2.94447 	0.0194845 	2.01328e-05 	9.54502e-05
2.94597 	0.0193372 	2.08559e-05 	9.54353e-05
2.94747 	0.0191853 	2.16032e-05 	9.54431e-05
2.94897 	0.0190252 	2.23922e-05 	9.54899e-05
2.95048 	0.0188651 	2.31813e-05 	9.55367e-05
2.95198 	0.0187315 	2.37526e-05 	9.54877e-05
2.95348 	0.0186016 	2.4292e-05 	9.54247e-05
2.95498 	0.0184718 	2.48315e-05 	9.53617e-05
2.95648 	0.018363 	2.5112e-05 	9.52495e-05
2.95798 	0.018266 	2.52451e-05 	9.51094e-05
2.95948 	0.0181678 	2.53818e-05 	9.49716e-05
2.96098 	0.0180617 	2.5541e-05 	9.48481e-05
2.96248 	0.0179557 	2.57003e-05 	9.47246e-05
2.96398 	0.0178429 	2.58206e-05 	9.45361e-05
2.96548 	0.0177287 	2.59322e-05 	9.43328e-05
2.96698 	0.0176144 	2.60437e-05 	9.41294e-05
2.96848 	0.0174943 	2.60277e-05 	9.38614e-05
2.96998 	0.0173732 	2.59899e-05 	9.35824e-05
2.97149 	0.0172463 	2.59601e-05 	9.3293e-05
2.97299 	0.0171142 	2.59374e-05 	9.29942e-05
2.97449 	0.0169781 	2.58972e-05 	9.26609e-05
2.97599 	0.0168351 	2.58266e-05 	9.22677e-05
2.97749 	0.0166921 	2.5756e-05 	9.18746e-05
2.97899 	0.016543 	2.55882e-05 	9.1404e-05
2.98049 	0.0163907 	2.53698e-05 	9.0893e-05
2.98199 	0.0162318 	2.51505e-05 	9.03647e-05
2.98349 	0.016066 	2.49304e-05 	8.98185e-05
2.98499 	0.0158388 	2.45705e-05 	8.8922e-05
2.98649 	0.0155466 	2.40628e-05 	8.76556e-05
2.98799 	0.0152538 	2.35531e-05 	8.63855e-05
2.98949 	0.0148932 	2.27756e-05 	8.46541e-05
2.991 	0.0145325 	2.19982e-05 	8.29227e-05
2.9925 	0.0140226 	2.08442e-05 	8.04612e-05
2.994 	0.0132583 	1.93696e-05 	7.64868e-05
2.9955 	0.010858 	1.58362e-05 	6.27799e-05
2.997 	0.0084577 	1.23029e-05 	4.90731e-05
2.9985 	0.00435995 	6.33916e-06 	2.5313e-05
3 	0 	0 	0
