9.99168e-19 	1.99463e-19 	8.65397e-23 	-8.54334e-21
0.00150075 	0.000299594 	1.29983e-07 	-1.28321e-05
0.0030015 	0.000591705 	2.56338e-07 	-2.52007e-05
0.00450225 	0.000844996 	3.63871e-07 	-3.51646e-05
0.006003 	0.00109829 	4.71405e-07 	-4.51285e-05
0.00750375 	0.00129305 	6.05377e-07 	-5.2417e-05
0.0090045 	0.00147732 	7.44164e-07 	-5.92291e-05
0.0105053 	0.00160764 	9.31137e-07 	-6.47357e-05
0.012006 	0.00173797 	1.11811e-06 	-7.02423e-05
0.0135068 	0.00193018 	1.22535e-06 	-7.70386e-05
0.0150075 	0.00212321 	1.33154e-06 	-8.38519e-05
0.0165083 	0.0023504 	1.46594e-06 	-9.15524e-05
0.018009 	0.00260755 	1.62509e-06 	-0.000100031
0.0195098 	0.00283666 	1.87595e-06 	-0.000108009
0.0210105 	0.00303848 	2.21602e-06 	-0.000115499
0.0225113 	0.00322598 	2.45511e-06 	-0.000122234
0.024012 	0.00337933 	2.45322e-06 	-0.000127169
0.0255128 	0.00353267 	2.45132e-06 	-0.000132104
0.0270135 	0.00366588 	2.33386e-06 	-0.000135855
0.0285143 	0.0037903 	2.16603e-06 	-0.000139091
0.030015 	0.00391153 	2.17456e-06 	-0.000142731
0.0315158 	0.00402921 	2.37905e-06 	-0.00014682
0.0330165 	0.00414727 	2.56017e-06 	-0.000150881
0.0345173 	0.00427317 	2.26492e-06 	-0.000154358
0.036018 	0.00439907 	1.96966e-06 	-0.000157835
0.0375188 	0.00452792 	1.5841e-06 	-0.000161172
0.0390195 	0.00466358 	9.90946e-07 	-0.000164185
0.0405203 	0.00479923 	3.97792e-07 	-0.000167198
0.042021 	0.00492954 	3.04378e-07 	-0.000171012
0.0435218 	0.00505902 	2.90017e-07 	-0.000174953
0.0450225 	0.00518186 	1.76411e-07 	-0.000178566
0.0465233 	0.00527804 	-3.35925e-07 	-0.000180864
0.048024 	0.00537422 	-8.48261e-07 	-0.000183162
0.0495248 	0.00546027 	-1.45418e-06 	-0.000184986
0.0510255 	0.00552401 	-2.26603e-06 	-0.000185769
0.0525263 	0.00558775 	-3.07788e-06 	-0.000186552
0.054027 	0.00565159 	-3.41238e-06 	-0.000188057
0.0555278 	0.00571548 	-3.47102e-06 	-0.000189978
0.0570285 	0.00577937 	-3.52966e-06 	-0.000191899
0.0585293 	0.00583765 	-3.98232e-06 	-0.00019315
0.06003 	0.00589363 	-4.59726e-06 	-0.000194125
0.0615308 	0.0059496 	-5.2122e-06 	-0.000195101
0.0630315 	0.00600052 	-6.10873e-06 	-0.00019549
0.0645323 	0.00604909 	-7.13646e-06 	-0.000195607
0.066033 	0.00609766 	-8.16418e-06 	-0.000195724
0.0675338 	0.00614733 	-8.55636e-06 	-0.000196731
0.0690345 	0.00619739 	-8.72542e-06 	-0.00019805
0.0705353 	0.00624745 	-8.89449e-06 	-0.000199369
0.072036 	0.00629409 	-9.36801e-06 	-0.000200207
0.0735368 	0.00633765 	-1.01151e-05 	-0.000200613
0.0750375 	0.00638122 	-1.08622e-05 	-0.000201019
0.0765383 	0.00642253 	-1.1778e-05 	-0.000201104
0.078039 	0.00645998 	-1.29837e-05 	-0.00020064
0.0795398 	0.00649743 	-1.41893e-05 	-0.000200175
0.0810405 	0.0065352 	-1.5269e-05 	-0.000199877
0.0825413 	0.006575 	-1.55485e-05 	-0.000200643
0.084042 	0.0066148 	-1.58281e-05 	-0.000201409
0.0855428 	0.0066546 	-1.61076e-05 	-0.000202174
0.0870435 	0.00669321 	-1.68298e-05 	-0.000202373
0.0885443 	0.00673105 	-1.78406e-05 	-0.000202203
0.090045 	0.00676889 	-1.88515e-05 	-0.000202032
0.0915458 	0.00680508 	-2.00206e-05 	-0.000201576
0.0930465 	0.00683782 	-2.15197e-05 	-0.000200524
0.0945473 	0.00687057 	-2.30188e-05 	-0.000199472
0.096048 	0.00690331 	-2.45179e-05 	-0.00019842
0.0975488 	0.00693315 	-2.50528e-05 	-0.000198398
0.0990495 	0.00696213 	-2.53038e-05 	-0.000198681
0.10055 	0.00699111 	-2.55547e-05 	-0.000198963
0.102051 	0.00702009 	-2.58056e-05 	-0.000199246
0.103552 	0.00705317 	-2.69753e-05 	-0.000198595
0.105053 	0.00708674 	-2.82563e-05 	-0.000197831
0.106553 	0.00712032 	-2.95373e-05 	-0.000197068
0.108054 	0.00715492 	-3.12072e-05 	-0.000195794
0.109555 	0.00719055 	-3.32618e-05 	-0.000194014
0.111056 	0.00722617 	-3.53164e-05 	-0.000192235
0.112556 	0.00726179 	-3.73711e-05 	-0.000190456
0.114057 	0.00729876 	-3.87733e-05 	-0.00018923
0.115558 	0.00733662 	-3.97384e-05 	-0.000188376
0.117059 	0.00737448 	-4.07036e-05 	-0.000187522
0.118559 	0.00741235 	-4.16688e-05 	-0.000186667
0.12006 	0.00744547 	-4.28492e-05 	-0.000185702
0.121561 	0.00746911 	-4.44607e-05 	-0.000184516
0.123062 	0.00749275 	-4.60722e-05 	-0.000183331
0.124562 	0.00751639 	-4.76837e-05 	-0.000182145
0.126063 	0.00752847 	-4.96955e-05 	-0.000180635
0.127564 	0.00753857 	-5.17755e-05 	-0.00017907
0.129065 	0.00754868 	-5.38555e-05 	-0.000177506
0.130565 	0.00755878 	-5.59355e-05 	-0.000175941
0.132066 	0.00757419 	-5.82798e-05 	-0.000174156
0.133567 	0.00759371 	-6.08294e-05 	-0.000172199
0.135068 	0.00761323 	-6.3379e-05 	-0.000170242
0.136568 	0.00763276 	-6.59287e-05 	-0.000168285
0.138069 	0.00765228 	-6.84783e-05 	-0.000166329
0.13957 	0.0076699 	-7.02402e-05 	-0.000165131
0.141071 	0.00768723 	-7.18871e-05 	-0.000164044
0.142571 	0.00770457 	-7.3534e-05 	-0.000162957
0.144072 	0.00772138 	-7.48078e-05 	-0.000162142
0.145573 	0.00773711 	-7.53196e-05 	-0.000161885
0.147074 	0.00775284 	-7.58313e-05 	-0.000161627
0.148574 	0.00776857 	-7.6343e-05 	-0.00016137
0.150075 	0.0077843 	-7.68547e-05 	-0.000161113
0.151576 	0.00780181 	-7.84146e-05 	-0.000160143
0.153077 	0.00782046 	-8.06445e-05 	-0.000158718
0.154577 	0.00783912 	-8.28744e-05 	-0.000157293
0.156078 	0.00785777 	-8.51043e-05 	-0.000155868
0.157579 	0.00787643 	-8.73342e-05 	-0.000154443
0.15908 	0.00789399 	-8.92247e-05 	-0.000153306
0.16058 	0.00791023 	-9.07048e-05 	-0.000152519
0.162081 	0.00792647 	-9.2185e-05 	-0.000151731
0.163582 	0.00794272 	-9.36651e-05 	-0.000150944
0.165083 	0.00795717 	-9.42647e-05 	-0.000150708
0.166583 	0.00797137 	-9.47372e-05 	-0.000150551
0.168084 	0.00798557 	-9.52097e-05 	-0.000150394
0.169585 	0.00799976 	-9.56822e-05 	-0.000150237
0.171086 	0.00801396 	-9.61547e-05 	-0.000150081
0.172586 	0.00802966 	-9.79296e-05 	-0.000149181
0.174087 	0.00804604 	-0.000100302 	-0.000147941
0.175588 	0.00806242 	-0.000102675 	-0.000146701
0.177089 	0.0080788 	-0.000105047 	-0.000145461
0.178589 	0.00809518 	-0.00010742 	-0.000144222
0.18009 	0.00811154 	-0.000109781 	-0.000142991
0.181591 	0.0081263 	-0.000111322 	-0.00014241
0.183092 	0.00814107 	-0.000112863 	-0.00014183
0.184592 	0.00815583 	-0.000114403 	-0.000141249
0.186093 	0.00816996 	-0.000115459 	-0.000140946
0.187594 	0.00818327 	-0.000115892 	-0.000140999
0.189095 	0.00819659 	-0.000116325 	-0.000141052
0.190595 	0.0082099 	-0.000116758 	-0.000141106
0.192096 	0.00822322 	-0.000117191 	-0.000141159
0.193597 	0.00823653 	-0.000117625 	-0.000141212
0.195098 	0.00825114 	-0.000119594 	-0.000140546
0.196598 	0.00826623 	-0.000122122 	-0.000139617
0.198099 	0.00828132 	-0.000124651 	-0.000138688
0.1996 	0.0082964 	-0.00012718 	-0.000137759
0.201101 	0.00831149 	-0.000129709 	-0.000136831
0.202601 	0.00832657 	-0.000132237 	-0.000135902
0.204102 	0.00834112 	-0.000134294 	-0.000135273
0.205603 	0.00835511 	-0.000135873 	-0.00013495
0.207104 	0.0083691 	-0.000137451 	-0.000134626
0.208604 	0.00838309 	-0.000139029 	-0.000134302
0.210105 	0.00839599 	-0.000139418 	-0.000134482
0.211606 	0.00840886 	-0.000139769 	-0.000134678
0.213107 	0.00842174 	-0.000140119 	-0.000134874
0.214607 	0.00843461 	-0.000140469 	-0.00013507
0.216108 	0.00844748 	-0.000140819 	-0.000135266
0.217609 	0.00846035 	-0.000141169 	-0.000135462
0.21911 	0.00847437 	-0.000143103 	-0.000135107
0.22061 	0.00848889 	-0.000145728 	-0.000134511
0.222111 	0.0085034 	-0.000148352 	-0.000133916
0.223612 	0.00851792 	-0.000150977 	-0.00013332
0.225113 	0.00853244 	-0.000153602 	-0.000132725
0.226613 	0.00854696 	-0.000156227 	-0.000132129
0.228114 	0.00856148 	-0.000158852 	-0.000131534
0.229615 	0.00857519 	-0.000160596 	-0.000131232
0.231116 	0.00858875 	-0.000162169 	-0.000130986
0.232616 	0.0086023 	-0.000163743 	-0.000130741
0.234117 	0.0086154 	-0.000164774 	-0.000130598
0.235618 	0.00862784 	-0.000165031 	-0.0001306
0.237119 	0.00864028 	-0.000165288 	-0.000130603
0.238619 	0.00865272 	-0.000165545 	-0.000130606
0.24012 	0.00866516 	-0.000165802 	-0.000130609
0.241621 	0.0086776 	-0.000166059 	-0.000130611
0.243122 	0.00869004 	-0.000166316 	-0.000130614
0.244622 	0.00870337 	-0.000167818 	-0.000130307
0.246123 	0.00871753 	-0.000170481 	-0.000129711
0.247624 	0.00873169 	-0.000173143 	-0.000129114
0.249125 	0.00874586 	-0.000175805 	-0.000128518
0.250625 	0.00876002 	-0.000178467 	-0.000127922
0.252126 	0.00877418 	-0.000181129 	-0.000127326
0.253627 	0.00878834 	-0.000183791 	-0.00012673
0.255128 	0.00880251 	-0.000186454 	-0.000126133
0.256628 	0.00881416 	-0.000187837 	-0.000125799
0.258129 	0.00882576 	-0.000189193 	-0.00012547
0.25963 	0.00883735 	-0.000190549 	-0.000125141
0.261131 	0.00884698 	-0.000190784 	-0.000124951
0.262631 	0.00885583 	-0.000190584 	-0.000124816
0.264132 	0.00886468 	-0.000190383 	-0.00012468
0.265633 	0.00887353 	-0.000190182 	-0.000124545
0.267134 	0.00888238 	-0.000189982 	-0.000124409
0.268634 	0.00889124 	-0.000189781 	-0.000124274
0.270135 	0.00890009 	-0.00018958 	-0.000124138
0.271636 	0.00890835 	-0.000189641 	-0.00012397
0.273137 	0.00891309 	-0.000191261 	-0.000123604
0.274637 	0.00891782 	-0.000192882 	-0.000123238
0.276138 	0.00892255 	-0.000194503 	-0.000122872
0.277639 	0.00892728 	-0.000196124 	-0.000122507
0.27914 	0.00893202 	-0.000197744 	-0.000122141
0.28064 	0.00893675 	-0.000199365 	-0.000121775
0.282141 	0.00894148 	-0.000200986 	-0.000121409
0.283642 	0.00894622 	-0.000202606 	-0.000121043
0.285143 	0.00895528 	-0.000203809 	-0.000120644
0.286643 	0.00896506 	-0.000204942 	-0.000120238
0.288144 	0.00897484 	-0.000206076 	-0.000119833
0.289645 	0.00899024 	-0.000206781 	-0.000119276
0.291146 	0.00900671 	-0.000207406 	-0.00011869
0.292646 	0.00902319 	-0.000208031 	-0.000118104
0.294147 	0.00903966 	-0.000208655 	-0.000117518
0.295648 	0.00905614 	-0.00020928 	-0.000116933
0.297149 	0.00907261 	-0.000209904 	-0.000116347
0.298649 	0.00908908 	-0.000210529 	-0.000115761
0.30015 	0.00910556 	-0.000211153 	-0.000115175
0.301651 	0.00911831 	-0.000212575 	-0.000114596
0.303152 	0.00912758 	-0.00021474 	-0.000114024
0.304652 	0.00913686 	-0.000216905 	-0.000113451
0.306153 	0.00914614 	-0.000219071 	-0.000112879
0.307654 	0.00915541 	-0.000221236 	-0.000112306
0.309155 	0.00916469 	-0.000223401 	-0.000111733
0.310655 	0.00917397 	-0.000225566 	-0.000111161
0.312156 	0.00918324 	-0.000227732 	-0.000110588
0.313657 	0.00919252 	-0.000229897 	-0.000110016
0.315158 	0.00920269 	-0.000231718 	-0.000109404
0.316658 	0.0092141 	-0.000233057 	-0.000108737
0.318159 	0.0092255 	-0.000234397 	-0.00010807
0.31966 	0.00923967 	-0.000235131 	-0.000107206
0.321161 	0.00925489 	-0.000235637 	-0.000106268
0.322661 	0.0092701 	-0.000236142 	-0.00010533
0.324162 	0.00928532 	-0.000236648 	-0.000104392
0.325663 	0.00930053 	-0.000237153 	-0.000103453
0.327164 	0.00931574 	-0.000237659 	-0.000102515
0.328664 	0.00933096 	-0.000238164 	-0.000101577
0.330165 	0.00934617 	-0.00023867 	-0.000100639
0.331666 	0.00936139 	-0.000239175 	-9.97006e-05
0.333167 	0.00937417 	-0.000240815 	-9.87865e-05
0.334667 	0.00938526 	-0.000243246 	-9.78892e-05
0.336168 	0.00939635 	-0.000245678 	-9.69919e-05
0.337669 	0.00940744 	-0.00024811 	-9.60946e-05
0.33917 	0.00941853 	-0.000250542 	-9.51973e-05
0.34067 	0.00942961 	-0.000252974 	-9.43001e-05
0.342171 	0.0094407 	-0.000255406 	-9.34028e-05
0.343672 	0.00945179 	-0.000257838 	-9.25055e-05
0.345173 	0.00946288 	-0.000260269 	-9.16082e-05
0.346673 	0.00947397 	-0.000262701 	-9.07109e-05
0.348174 	0.00948638 	-0.000264622 	-8.97245e-05
0.349675 	0.00949969 	-0.000266198 	-8.86781e-05
0.351176 	0.00951381 	-0.000267434 	-8.75399e-05
0.352676 	0.00952956 	-0.000267985 	-8.6217e-05
0.354177 	0.00954532 	-0.000268535 	-8.48941e-05
0.355678 	0.00956107 	-0.000269085 	-8.35712e-05
0.357179 	0.00957683 	-0.000269636 	-8.22483e-05
0.358679 	0.00959258 	-0.000270186 	-8.09254e-05
0.36018 	0.00960834 	-0.000270737 	-7.96025e-05
0.361681 	0.00962409 	-0.000271287 	-7.82796e-05
0.363182 	0.00963985 	-0.000271837 	-7.69567e-05
0.364682 	0.0096556 	-0.000272388 	-7.56338e-05
0.366183 	0.0096701 	-0.000273538 	-7.4362e-05
0.367684 	0.00968177 	-0.000276038 	-7.32053e-05
0.369185 	0.00969344 	-0.000278538 	-7.20485e-05
0.370685 	0.00970511 	-0.000281038 	-7.08917e-05
0.372186 	0.00971678 	-0.000283539 	-6.9735e-05
0.373687 	0.00972845 	-0.000286039 	-6.85782e-05
0.375188 	0.00974013 	-0.000288539 	-6.74215e-05
0.376688 	0.0097518 	-0.000291039 	-6.62647e-05
0.378189 	0.00976347 	-0.000293539 	-6.5108e-05
0.37969 	0.00977514 	-0.000296039 	-6.39512e-05
0.381191 	0.00978681 	-0.00029854 	-6.27944e-05
0.382691 	0.00979897 	-0.000300902 	-6.16793e-05
0.384192 	0.00981204 	-0.000303005 	-6.06424e-05
0.385693 	0.00982661 	-0.000304459 	-5.96007e-05
0.387194 	0.00984212 	-0.000305512 	-5.85559e-05
0.388694 	0.00985762 	-0.000306565 	-5.75111e-05
0.390195 	0.00987312 	-0.000307618 	-5.64663e-05
0.391696 	0.00988862 	-0.000308671 	-5.54215e-05
0.393197 	0.00990412 	-0.000309723 	-5.43767e-05
0.394697 	0.00991963 	-0.000310776 	-5.33319e-05
0.396198 	0.00993513 	-0.000311829 	-5.22871e-05
0.397699 	0.00995063 	-0.000312882 	-5.12423e-05
0.3992 	0.00996613 	-0.000313935 	-5.01975e-05
0.4007 	0.00998163 	-0.000314988 	-4.91527e-05
0.402201 	0.00999575 	-0.000316707 	-4.81083e-05
0.403702 	0.0100091 	-0.000318818 	-4.70642e-05
0.405203 	0.0100224 	-0.000320929 	-4.602e-05
0.406703 	0.0100357 	-0.00032304 	-4.49759e-05
0.408204 	0.010049 	-0.000325151 	-4.39318e-05
0.409705 	0.0100623 	-0.000327262 	-4.28876e-05
0.411206 	0.0100756 	-0.000329373 	-4.18435e-05
0.412706 	0.0100889 	-0.000331485 	-4.07993e-05
0.414207 	0.0101022 	-0.000333596 	-3.97552e-05
0.415708 	0.0101155 	-0.000335707 	-3.8711e-05
0.417209 	0.0101289 	-0.000337818 	-3.76669e-05
0.418709 	0.0101422 	-0.000339929 	-3.66227e-05
0.42021 	0.0101558 	-0.000342003 	-3.5806e-05
0.421711 	0.0101703 	-0.000343669 	-3.53309e-05
0.423212 	0.0101853 	-0.000345018 	-3.50214e-05
0.424712 	0.0102004 	-0.000346367 	-3.47119e-05
0.426213 	0.0102154 	-0.000347715 	-3.44023e-05
0.427714 	0.0102305 	-0.000349064 	-3.40928e-05
0.429215 	0.0102455 	-0.000350413 	-3.37833e-05
0.430715 	0.0102606 	-0.000351762 	-3.34738e-05
0.432216 	0.0102756 	-0.00035311 	-3.31642e-05
0.433717 	0.0102907 	-0.000354459 	-3.28547e-05
0.435218 	0.0103058 	-0.000355808 	-3.25452e-05
0.436718 	0.0103208 	-0.000357157 	-3.22356e-05
0.438219 	0.0103359 	-0.000358505 	-3.19261e-05
0.43972 	0.0103507 	-0.000359981 	-3.15542e-05
0.441221 	0.0103653 	-0.000361577 	-3.11236e-05
0.442721 	0.01038 	-0.000363172 	-3.0693e-05
0.444222 	0.0103946 	-0.000364768 	-3.02623e-05
0.445723 	0.0104093 	-0.000366363 	-2.98317e-05
0.447224 	0.0104239 	-0.000367959 	-2.94011e-05
0.448724 	0.0104385 	-0.000369554 	-2.89705e-05
0.450225 	0.0104532 	-0.00037115 	-2.85398e-05
0.451726 	0.0104678 	-0.000372745 	-2.81092e-05
0.453227 	0.0104825 	-0.000374341 	-2.76786e-05
0.454727 	0.0104971 	-0.000375936 	-2.7248e-05
0.456228 	0.0105117 	-0.000377531 	-2.68173e-05
0.457729 	0.0105264 	-0.000379127 	-2.63867e-05
0.45923 	0.0105412 	-0.000380637 	-2.59767e-05
0.46073 	0.0105567 	-0.000381751 	-2.56966e-05
0.462231 	0.0105721 	-0.000382865 	-2.54165e-05
0.463732 	0.0105876 	-0.000383978 	-2.51363e-05
0.465233 	0.010603 	-0.000385092 	-2.48562e-05
0.466733 	0.0106185 	-0.000386206 	-2.45761e-05
0.468234 	0.0106339 	-0.00038732 	-2.42959e-05
0.469735 	0.0106493 	-0.000388433 	-2.40158e-05
0.471236 	0.0106648 	-0.000389547 	-2.37357e-05
0.472736 	0.0106802 	-0.000390661 	-2.34556e-05
0.474237 	0.0106957 	-0.000391774 	-2.31754e-05
0.475738 	0.0107111 	-0.000392888 	-2.28953e-05
0.477239 	0.0107266 	-0.000394002 	-2.26152e-05
0.478739 	0.010742 	-0.000395115 	-2.2335e-05
0.48024 	0.010757 	-0.000396471 	-2.21209e-05
0.481741 	0.0107721 	-0.000397844 	-2.19117e-05
0.483242 	0.0107871 	-0.000399218 	-2.17025e-05
0.484742 	0.0108021 	-0.000400591 	-2.14933e-05
0.486243 	0.0108171 	-0.000401965 	-2.12841e-05
0.487744 	0.0108321 	-0.000403338 	-2.10749e-05
0.489245 	0.0108471 	-0.000404712 	-2.08657e-05
0.490745 	0.0108621 	-0.000406085 	-2.06565e-05
0.492246 	0.0108772 	-0.000407458 	-2.04473e-05
0.493747 	0.0108922 	-0.000408832 	-2.02381e-05
0.495248 	0.0109072 	-0.000410205 	-2.00289e-05
0.496748 	0.0109222 	-0.000411579 	-1.98197e-05
0.498249 	0.0109372 	-0.000412952 	-1.96105e-05
0.49975 	0.0109522 	-0.00041426 	-1.93893e-05
0.501251 	0.0109675 	-0.000415272 	-1.90842e-05
0.502751 	0.010983 	-0.00041623 	-1.87443e-05
0.504252 	0.0109985 	-0.000417188 	-1.84043e-05
0.505753 	0.0110139 	-0.000418146 	-1.80643e-05
0.507254 	0.0110294 	-0.000419104 	-1.77244e-05
0.508754 	0.0110449 	-0.000420062 	-1.73844e-05
0.510255 	0.0110604 	-0.00042102 	-1.70444e-05
0.511756 	0.0110758 	-0.000421978 	-1.67045e-05
0.513257 	0.0110913 	-0.000422936 	-1.63645e-05
0.514757 	0.0111068 	-0.000423894 	-1.60246e-05
0.516258 	0.0111223 	-0.000424852 	-1.56846e-05
0.517759 	0.0111377 	-0.00042581 	-1.53446e-05
0.51926 	0.0111532 	-0.000426768 	-1.50047e-05
0.52076 	0.0111687 	-0.000427726 	-1.46647e-05
0.522261 	0.0111838 	-0.000428793 	-1.4484e-05
0.523762 	0.0111989 	-0.000429879 	-1.43314e-05
0.525263 	0.011214 	-0.000430965 	-1.41787e-05
0.526763 	0.0112291 	-0.000432051 	-1.40261e-05
0.528264 	0.0112442 	-0.000433137 	-1.38734e-05
0.529765 	0.0112593 	-0.000434223 	-1.37208e-05
0.531266 	0.0112744 	-0.000435309 	-1.35682e-05
0.532766 	0.0112895 	-0.000436395 	-1.34155e-05
0.534267 	0.0113045 	-0.000437481 	-1.32629e-05
0.535768 	0.0113196 	-0.000438567 	-1.31102e-05
0.537269 	0.0113347 	-0.000439652 	-1.29576e-05
0.538769 	0.0113498 	-0.000440738 	-1.2805e-05
0.54027 	0.0113649 	-0.000441824 	-1.26523e-05
0.541771 	0.01138 	-0.00044291 	-1.24997e-05
0.543272 	0.0113936 	-0.000443737 	-1.23424e-05
0.544772 	0.0114071 	-0.000444542 	-1.21887e-05
0.546273 	0.0114209 	-0.000445335 	-1.2058e-05
0.547774 	0.0114348 	-0.000446127 	-1.19273e-05
0.549275 	0.0114486 	-0.00044692 	-1.17966e-05
0.550775 	0.0114624 	-0.000447713 	-1.16659e-05
0.552276 	0.0114763 	-0.000448505 	-1.15352e-05
0.553777 	0.0114901 	-0.000449298 	-1.14045e-05
0.555278 	0.011504 	-0.000450091 	-1.12738e-05
0.556778 	0.0115178 	-0.000450884 	-1.11431e-05
0.558279 	0.0115316 	-0.000451676 	-1.10123e-05
0.55978 	0.0115455 	-0.000452469 	-1.08816e-05
0.561281 	0.0115593 	-0.000453262 	-1.07509e-05
0.562781 	0.0115732 	-0.000454054 	-1.06202e-05
0.564282 	0.011587 	-0.000454847 	-1.04895e-05
0.565783 	0.0116016 	-0.000455678 	-1.03909e-05
0.567284 	0.0116183 	-0.000456621 	-1.0385e-05
0.568784 	0.011635 	-0.000457564 	-1.03791e-05
0.570285 	0.0116517 	-0.000458507 	-1.03732e-05
0.571786 	0.0116684 	-0.00045945 	-1.03674e-05
0.573287 	0.0116852 	-0.000460393 	-1.03615e-05
0.574787 	0.0117019 	-0.000461336 	-1.03556e-05
0.576288 	0.0117186 	-0.000462279 	-1.03497e-05
0.577789 	0.0117353 	-0.000463222 	-1.03439e-05
0.57929 	0.011752 	-0.000464165 	-1.0338e-05
0.58079 	0.0117687 	-0.000465108 	-1.03321e-05
0.582291 	0.0117854 	-0.00046605 	-1.03262e-05
0.583792 	0.0118022 	-0.000466993 	-1.03204e-05
0.585293 	0.0118189 	-0.000467936 	-1.03145e-05
0.586793 	0.0118346 	-0.000468806 	-1.02909e-05
0.588294 	0.0118466 	-0.000469388 	-1.01979e-05
0.589795 	0.0118586 	-0.000469971 	-1.01049e-05
0.591296 	0.0118702 	-0.00047054 	-1.00132e-05
0.592796 	0.0118794 	-0.000471028 	-9.92942e-06
0.594297 	0.0118885 	-0.000471516 	-9.84567e-06
0.595798 	0.0118977 	-0.000472004 	-9.76192e-06
0.597299 	0.0119069 	-0.000472492 	-9.67817e-06
0.598799 	0.0119161 	-0.00047298 	-9.59442e-06
0.6003 	0.0119253 	-0.000473468 	-9.51067e-06
0.601801 	0.0119345 	-0.000473956 	-9.42692e-06
0.603302 	0.0119437 	-0.000474444 	-9.34317e-06
0.604802 	0.0119528 	-0.000474932 	-9.25942e-06
0.606303 	0.011962 	-0.00047542 	-9.17567e-06
0.607804 	0.0119712 	-0.000475907 	-9.09191e-06
0.609305 	0.0119804 	-0.000476395 	-9.00816e-06
0.610805 	0.0119896 	-0.000476883 	-8.92441e-06
0.612306 	0.0119987 	-0.000477357 	-8.83335e-06
0.613807 	0.0120073 	-0.000477742 	-8.69853e-06
0.615308 	0.0120159 	-0.000478128 	-8.5637e-06
0.616808 	0.0120244 	-0.000478513 	-8.42888e-06
0.618309 	0.012033 	-0.000478899 	-8.29405e-06
0.61981 	0.0120416 	-0.000479285 	-8.15923e-06
0.621311 	0.0120502 	-0.00047967 	-8.0244e-06
0.622811 	0.0120588 	-0.000480056 	-7.88958e-06
0.624312 	0.0120673 	-0.000480441 	-7.75475e-06
0.625813 	0.0120759 	-0.000480827 	-7.61993e-06
0.627314 	0.0120845 	-0.000481213 	-7.4851e-06
0.628814 	0.0120931 	-0.000481598 	-7.35028e-06
0.630315 	0.0121017 	-0.000481984 	-7.21545e-06
0.631816 	0.0121103 	-0.00048237 	-7.08063e-06
0.633317 	0.0121191 	-0.000482765 	-6.94845e-06
0.634817 	0.0121332 	-0.000483371 	-6.87225e-06
0.636318 	0.0121474 	-0.000483977 	-6.79606e-06
0.637819 	0.0121615 	-0.000484583 	-6.71987e-06
0.63932 	0.0121757 	-0.000485188 	-6.64368e-06
0.64082 	0.0121918 	-0.000485935 	-6.65534e-06
0.642321 	0.0122098 	-0.00048681 	-6.74789e-06
0.643822 	0.0122278 	-0.000487686 	-6.84045e-06
0.645323 	0.0122458 	-0.000488561 	-6.933e-06
0.646823 	0.0122637 	-0.000489437 	-7.02556e-06
0.648324 	0.0122817 	-0.000490312 	-7.11812e-06
0.649825 	0.0122997 	-0.000491188 	-7.21067e-06
0.651326 	0.0123177 	-0.000492063 	-7.30323e-06
0.652826 	0.0123357 	-0.000492938 	-7.39578e-06
0.654327 	0.0123537 	-0.000493814 	-7.48834e-06
0.655828 	0.0123716 	-0.000494689 	-7.58089e-06
0.657329 	0.0123896 	-0.000495565 	-7.67345e-06
0.658829 	0.0124076 	-0.00049644 	-7.766e-06
0.66033 	0.0124256 	-0.000497316 	-7.85856e-06
0.661831 	0.0124416 	-0.000498081 	-7.85821e-06
0.663332 	0.0124557 	-0.000498742 	-7.76957e-06
0.664832 	0.0124698 	-0.000499404 	-7.68093e-06
0.666333 	0.0124839 	-0.000500065 	-7.59229e-06
0.667834 	0.012498 	-0.000500726 	-7.50365e-06
0.669335 	0.0125121 	-0.000501387 	-7.41501e-06
0.670835 	0.0125262 	-0.000502048 	-7.32637e-06
0.672336 	0.0125403 	-0.000502709 	-7.23773e-06
0.673837 	0.0125544 	-0.00050337 	-7.14909e-06
0.675338 	0.0125685 	-0.000504031 	-7.06044e-06
0.676838 	0.0125826 	-0.000504692 	-6.9718e-06
0.678339 	0.0125967 	-0.000505353 	-6.88316e-06
0.67984 	0.0126108 	-0.000506014 	-6.79452e-06
0.681341 	0.0126249 	-0.000506675 	-6.70588e-06
0.682841 	0.0126401 	-0.000507329 	-6.7199e-06
0.684342 	0.0126565 	-0.000507974 	-6.85056e-06
0.685843 	0.0126729 	-0.00050862 	-6.98123e-06
0.687344 	0.0126894 	-0.000509265 	-7.11189e-06
0.688844 	0.0127058 	-0.000509911 	-7.24255e-06
0.690345 	0.0127222 	-0.000510556 	-7.37321e-06
0.691846 	0.0127389 	-0.000511193 	-7.57225e-06
0.693347 	0.012756 	-0.000511812 	-7.93444e-06
0.694847 	0.0127732 	-0.000512431 	-8.29664e-06
0.696348 	0.0127904 	-0.000513049 	-8.65884e-06
0.697849 	0.0128075 	-0.000513668 	-9.02104e-06
0.69935 	0.0128247 	-0.000514286 	-9.38324e-06
0.70085 	0.0128419 	-0.000514905 	-9.74544e-06
0.702351 	0.012859 	-0.000515523 	-1.01076e-05
0.703852 	0.0128762 	-0.000516142 	-1.04698e-05
0.705353 	0.0128934 	-0.00051676 	-1.0832e-05
0.706853 	0.0129105 	-0.000517379 	-1.11942e-05
0.708354 	0.0129277 	-0.000517997 	-1.15564e-05
0.709855 	0.0129449 	-0.000518616 	-1.19186e-05
0.711356 	0.012962 	-0.000519234 	-1.22808e-05
0.712856 	0.012979 	-0.00051988 	-1.26094e-05
0.714357 	0.0129956 	-0.000520569 	-1.28833e-05
0.715858 	0.0130122 	-0.000521258 	-1.31572e-05
0.717359 	0.0130288 	-0.000521948 	-1.34311e-05
0.718859 	0.0130454 	-0.000522637 	-1.37051e-05
0.72036 	0.013062 	-0.000523326 	-1.3979e-05
0.721861 	0.0130786 	-0.000524016 	-1.42529e-05
0.723362 	0.0130952 	-0.000524705 	-1.45269e-05
0.724862 	0.0131118 	-0.000525394 	-1.48008e-05
0.726363 	0.0131284 	-0.000526083 	-1.50747e-05
0.727864 	0.0131451 	-0.000526773 	-1.53487e-05
0.729365 	0.0131617 	-0.000527462 	-1.56226e-05
0.730865 	0.0131783 	-0.000528151 	-1.58965e-05
0.732366 	0.0131949 	-0.000528841 	-1.61705e-05
0.733867 	0.0132118 	-0.000529447 	-1.65201e-05
0.735368 	0.0132291 	-0.000529968 	-1.69464e-05
0.736868 	0.0132464 	-0.00053049 	-1.73728e-05
0.738369 	0.0132637 	-0.000531012 	-1.77992e-05
0.73987 	0.013281 	-0.000531533 	-1.82255e-05
0.741371 	0.0132983 	-0.000532055 	-1.86519e-05
0.742871 	0.0133156 	-0.000532577 	-1.90783e-05
0.744372 	0.0133329 	-0.000533098 	-1.95046e-05
0.745873 	0.0133507 	-0.000533556 	-1.99321e-05
0.747374 	0.013369 	-0.000533944 	-2.03609e-05
0.748874 	0.0133872 	-0.000534332 	-2.07896e-05
0.750375 	0.0134055 	-0.000534721 	-2.12183e-05
0.751876 	0.0134238 	-0.000535109 	-2.1647e-05
0.753377 	0.013442 	-0.000535497 	-2.20757e-05
0.754877 	0.0134603 	-0.000535886 	-2.25045e-05
0.756378 	0.0134786 	-0.000536274 	-2.29332e-05
0.757879 	0.0134968 	-0.000536663 	-2.33619e-05
0.75938 	0.0135151 	-0.000537051 	-2.37906e-05
0.76088 	0.0135334 	-0.000537439 	-2.42193e-05
0.762381 	0.0135516 	-0.000537828 	-2.46481e-05
0.763882 	0.0135699 	-0.000538216 	-2.50768e-05
0.765383 	0.0135881 	-0.000538604 	-2.55055e-05
0.766883 	0.013606 	-0.000539081 	-2.60092e-05
0.768384 	0.0136236 	-0.000539584 	-2.65343e-05
0.769885 	0.0136413 	-0.000540086 	-2.70594e-05
0.771386 	0.013659 	-0.000540588 	-2.75844e-05
0.772886 	0.0136767 	-0.00054109 	-2.81095e-05
0.774387 	0.0136943 	-0.000541593 	-2.86346e-05
0.775888 	0.013712 	-0.000542095 	-2.91597e-05
0.777389 	0.0137297 	-0.000542597 	-2.96848e-05
0.778889 	0.0137473 	-0.0005431 	-3.02098e-05
0.78039 	0.013765 	-0.000543602 	-3.07349e-05
0.781891 	0.0137827 	-0.000544104 	-3.126e-05
0.783392 	0.0138004 	-0.000544606 	-3.17851e-05
0.784892 	0.013818 	-0.000545109 	-3.23102e-05
0.786393 	0.0138358 	-0.00054558 	-3.2822e-05
0.787894 	0.0138537 	-0.000545893 	-3.32672e-05
0.789395 	0.0138717 	-0.000546206 	-3.37124e-05
0.790895 	0.0138897 	-0.00054652 	-3.41576e-05
0.792396 	0.0139076 	-0.000546833 	-3.46027e-05
0.793897 	0.0139256 	-0.000547147 	-3.50479e-05
0.795398 	0.0139436 	-0.00054746 	-3.54931e-05
0.796898 	0.0139616 	-0.000547774 	-3.59383e-05
0.798399 	0.0139795 	-0.000548087 	-3.63835e-05
0.7999 	0.0139975 	-0.000548401 	-3.68287e-05
0.801401 	0.0140155 	-0.000548698 	-3.72459e-05
0.802901 	0.0140341 	-0.00054888 	-3.74644e-05
0.804402 	0.0140527 	-0.000549062 	-3.76829e-05
0.805903 	0.0140713 	-0.000549243 	-3.79013e-05
0.807404 	0.0140899 	-0.000549425 	-3.81198e-05
0.808904 	0.0141085 	-0.000549607 	-3.83383e-05
0.810405 	0.0141271 	-0.000549789 	-3.85568e-05
0.811906 	0.0141457 	-0.000549971 	-3.87753e-05
0.813407 	0.0141643 	-0.000550152 	-3.89937e-05
0.814907 	0.0141829 	-0.000550334 	-3.92122e-05
0.816408 	0.0142015 	-0.000550516 	-3.94307e-05
0.817909 	0.0142201 	-0.000550698 	-3.96492e-05
0.81941 	0.0142387 	-0.00055088 	-3.98677e-05
0.82091 	0.0142573 	-0.000551061 	-4.00861e-05
0.822411 	0.0142756 	-0.000551359 	-4.03911e-05
0.823912 	0.0142938 	-0.000551696 	-4.07255e-05
0.825413 	0.014312 	-0.000552033 	-4.10599e-05
0.826913 	0.0143301 	-0.00055237 	-4.13944e-05
0.828414 	0.0143483 	-0.000552708 	-4.17288e-05
0.829915 	0.0143665 	-0.000553045 	-4.20632e-05
0.831416 	0.0143846 	-0.000553382 	-4.23976e-05
0.832916 	0.0144028 	-0.000553719 	-4.2732e-05
0.834417 	0.014421 	-0.000554056 	-4.30665e-05
0.835918 	0.0144391 	-0.000554393 	-4.34009e-05
0.837419 	0.0144573 	-0.00055473 	-4.37353e-05
0.838919 	0.0144755 	-0.000555067 	-4.40697e-05
0.84042 	0.0144936 	-0.000555405 	-4.44041e-05
0.841921 	0.0145109 	-0.000555614 	-4.45699e-05
0.843422 	0.0145275 	-0.000555708 	-4.45821e-05
0.844922 	0.014544 	-0.000555802 	-4.45942e-05
0.846423 	0.0145605 	-0.000555895 	-4.46063e-05
0.847924 	0.0145771 	-0.000555989 	-4.46185e-05
0.849425 	0.0145936 	-0.000556082 	-4.46306e-05
0.850925 	0.0146101 	-0.000556176 	-4.46428e-05
0.852426 	0.0146267 	-0.00055627 	-4.46549e-05
0.853927 	0.0146432 	-0.000556363 	-4.46671e-05
0.855428 	0.0146597 	-0.000556457 	-4.46792e-05
0.856928 	0.0146763 	-0.00055655 	-4.46914e-05
0.858429 	0.0146928 	-0.000556644 	-4.47035e-05
0.85993 	0.0147095 	-0.000556696 	-4.4612e-05
0.861431 	0.0147264 	-0.000556633 	-4.42317e-05
0.862931 	0.0147434 	-0.000556571 	-4.38514e-05
0.864432 	0.0147603 	-0.000556508 	-4.34711e-05
0.865933 	0.0147773 	-0.000556445 	-4.30908e-05
0.867434 	0.0147943 	-0.000556382 	-4.27106e-05
0.868934 	0.0148112 	-0.00055632 	-4.23303e-05
0.870435 	0.0148282 	-0.000556257 	-4.195e-05
0.871936 	0.0148451 	-0.000556194 	-4.15697e-05
0.873437 	0.0148621 	-0.000556131 	-4.11894e-05
0.874937 	0.0148791 	-0.000556068 	-4.08091e-05
0.876438 	0.014896 	-0.000556006 	-4.04288e-05
0.877939 	0.014913 	-0.000555943 	-4.00485e-05
0.87944 	0.0149309 	-0.000555937 	-3.96519e-05
0.88094 	0.0149507 	-0.00055604 	-3.92238e-05
0.882441 	0.0149705 	-0.000556143 	-3.87958e-05
0.883942 	0.0149904 	-0.000556246 	-3.83677e-05
0.885443 	0.0150102 	-0.000556349 	-3.79396e-05
0.886943 	0.01503 	-0.000556452 	-3.75115e-05
0.888444 	0.0150498 	-0.000556556 	-3.70834e-05
0.889945 	0.0150696 	-0.000556659 	-3.66553e-05
0.891446 	0.0150895 	-0.000556762 	-3.62272e-05
0.892946 	0.0151093 	-0.000556865 	-3.57991e-05
0.894447 	0.0151291 	-0.000556968 	-3.5371e-05
0.895948 	0.0151489 	-0.000557071 	-3.49429e-05
0.897449 	0.0151687 	-0.000557175 	-3.45148e-05
0.898949 	0.0151853 	-0.000557157 	-3.40356e-05
0.90045 	0.0152001 	-0.00055707 	-3.35265e-05
0.901951 	0.0152148 	-0.000556982 	-3.30173e-05
0.903452 	0.0152295 	-0.000556894 	-3.25081e-05
0.904952 	0.0152443 	-0.000556807 	-3.1999e-05
0.906453 	0.015259 	-0.000556719 	-3.14898e-05
0.907954 	0.0152737 	-0.000556631 	-3.09806e-05
0.909455 	0.0152884 	-0.000556544 	-3.04714e-05
0.910955 	0.0153032 	-0.000556456 	-2.99623e-05
0.912456 	0.0153179 	-0.000556368 	-2.94531e-05
0.913957 	0.0153326 	-0.000556281 	-2.89439e-05
0.915458 	0.0153473 	-0.000556193 	-2.84348e-05
0.916958 	0.0153621 	-0.000556105 	-2.79256e-05
0.918459 	0.0153768 	-0.000556018 	-2.74164e-05
0.91996 	0.0153915 	-0.00055593 	-2.69073e-05
0.921461 	0.0154034 	-0.000555713 	-2.62674e-05
0.922961 	0.0154152 	-0.000555492 	-2.56243e-05
0.924462 	0.015427 	-0.000555271 	-2.49812e-05
0.925963 	0.0154388 	-0.000555051 	-2.43382e-05
0.927464 	0.0154506 	-0.00055483 	-2.36951e-05
0.928964 	0.0154624 	-0.00055461 	-2.3052e-05
0.930465 	0.0154741 	-0.000554389 	-2.24089e-05
0.931966 	0.0154859 	-0.000554168 	-2.17658e-05
0.933467 	0.0154977 	-0.000553948 	-2.11228e-05
0.934967 	0.0155095 	-0.000553727 	-2.04797e-05
0.936468 	0.0155213 	-0.000553506 	-1.98366e-05
0.937969 	0.0155331 	-0.000553286 	-1.91935e-05
0.93947 	0.0155444 	-0.000553172 	-1.86245e-05
0.94097 	0.0155555 	-0.000553119 	-1.80977e-05
0.942471 	0.0155665 	-0.000553066 	-1.7571e-05
0.943972 	0.0155776 	-0.000553013 	-1.70442e-05
0.945473 	0.0155886 	-0.00055296 	-1.65174e-05
0.946973 	0.0155997 	-0.000552908 	-1.59907e-05
0.948474 	0.0156107 	-0.000552855 	-1.54639e-05
0.949975 	0.0156218 	-0.000552802 	-1.49371e-05
0.951476 	0.0156328 	-0.000552749 	-1.44104e-05
0.952976 	0.0156439 	-0.000552696 	-1.38836e-05
0.954477 	0.0156549 	-0.000552643 	-1.33568e-05
0.955978 	0.015666 	-0.00055259 	-1.283e-05
0.957479 	0.01568 	-0.000552419 	-1.21849e-05
0.958979 	0.0156963 	-0.000552155 	-1.14464e-05
0.96048 	0.0157127 	-0.000551891 	-1.07078e-05
0.961981 	0.015729 	-0.000551627 	-9.9693e-06
0.963482 	0.0157453 	-0.000551362 	-9.23077e-06
0.964982 	0.0157617 	-0.000551098 	-8.49224e-06
0.966483 	0.015778 	-0.000550834 	-7.75371e-06
0.967984 	0.0157943 	-0.000550569 	-7.01518e-06
0.969485 	0.0158107 	-0.000550305 	-6.27665e-06
0.970985 	0.015827 	-0.000550041 	-5.53813e-06
0.972486 	0.0158434 	-0.000549777 	-4.7996e-06
0.973987 	0.0158597 	-0.000549512 	-4.06107e-06
0.975488 	0.015876 	-0.000549248 	-3.32254e-06
0.976988 	0.0158924 	-0.000548984 	-2.58401e-06
0.978489 	0.0159087 	-0.00054872 	-1.84548e-06
0.97999 	0.015925 	-0.000548455 	-1.10695e-06
0.981491 	0.0159414 	-0.000548191 	-3.68423e-07
0.982991 	0.015959 	-0.000547873 	4.10403e-07
0.984492 	0.015979 	-0.000547453 	1.26574e-06
0.985993 	0.0159991 	-0.000547033 	2.12108e-06
0.987494 	0.0160191 	-0.000546613 	2.97642e-06
0.988994 	0.0160391 	-0.000546193 	3.83176e-06
0.990495 	0.0160592 	-0.000545773 	4.6871e-06
0.991996 	0.0160792 	-0.000545353 	5.54245e-06
0.993497 	0.0160992 	-0.000544933 	6.39779e-06
0.994997 	0.0161193 	-0.000544513 	7.25313e-06
0.996498 	0.0161393 	-0.000544093 	8.10847e-06
0.997999 	0.0161594 	-0.000543673 	8.96381e-06
0.9995 	0.0161794 	-0.000543253 	9.81915e-06
1.001 	0.0161966 	-0.000542958 	1.05339e-05
1.0025 	0.0162127 	-0.000542713 	1.11938e-05
1.004 	0.0162288 	-0.000542467 	1.18537e-05
1.0055 	0.016245 	-0.000542221 	1.25136e-05
1.007 	0.0162611 	-0.000541976 	1.31735e-05
1.0085 	0.0162772 	-0.00054173 	1.38334e-05
1.01001 	0.0162933 	-0.000541485 	1.44933e-05
1.01151 	0.0163094 	-0.000541239 	1.51533e-05
1.01301 	0.0163256 	-0.000540993 	1.58132e-05
1.01451 	0.0163417 	-0.000540748 	1.64731e-05
1.01601 	0.0163578 	-0.000540502 	1.7133e-05
1.01751 	0.0163746 	-0.000540172 	1.77334e-05
1.01901 	0.0163924 	-0.000539714 	1.82426e-05
1.02051 	0.0164102 	-0.000539255 	1.87518e-05
1.02201 	0.016428 	-0.000538796 	1.9261e-05
1.02351 	0.0164458 	-0.000538337 	1.97702e-05
1.02501 	0.0164636 	-0.000537878 	2.02794e-05
1.02651 	0.0164814 	-0.000537419 	2.07887e-05
1.02801 	0.0164992 	-0.00053696 	2.12979e-05
1.02951 	0.016517 	-0.000536502 	2.18071e-05
1.03102 	0.0165348 	-0.000536043 	2.23163e-05
1.03252 	0.0165526 	-0.000535584 	2.28255e-05
1.03402 	0.0165704 	-0.000535125 	2.33347e-05
1.03552 	0.0165882 	-0.000534666 	2.38439e-05
1.03702 	0.016606 	-0.000534207 	2.43532e-05
1.03852 	0.0166238 	-0.000533748 	2.48624e-05
1.04002 	0.0166416 	-0.00053329 	2.53716e-05
1.04152 	0.0166594 	-0.000532831 	2.58808e-05
1.04302 	0.0166772 	-0.000532372 	2.639e-05
1.04452 	0.016695 	-0.000531913 	2.68992e-05
1.04602 	0.0167128 	-0.000531454 	2.74085e-05
1.04752 	0.0167307 	-0.000530916 	2.78257e-05
1.04902 	0.0167487 	-0.00053029 	2.81414e-05
1.05053 	0.0167667 	-0.000529664 	2.84572e-05
1.05203 	0.0167847 	-0.000529037 	2.87729e-05
1.05353 	0.0168027 	-0.000528411 	2.90886e-05
1.05503 	0.0168208 	-0.000527785 	2.94043e-05
1.05653 	0.0168388 	-0.000527159 	2.972e-05
1.05803 	0.0168568 	-0.000526533 	3.00357e-05
1.05953 	0.0168748 	-0.000525907 	3.03514e-05
1.06103 	0.0168928 	-0.000525281 	3.06671e-05
1.06253 	0.0169108 	-0.000524655 	3.09828e-05
1.06403 	0.0169286 	-0.000524134 	3.12941e-05
1.06553 	0.0169463 	-0.000523661 	3.16035e-05
1.06703 	0.016964 	-0.000523187 	3.19128e-05
1.06853 	0.0169817 	-0.000522714 	3.22222e-05
1.07004 	0.0169994 	-0.000522241 	3.25315e-05
1.07154 	0.0170171 	-0.000521767 	3.28408e-05
1.07304 	0.0170348 	-0.000521294 	3.31502e-05
1.07454 	0.0170525 	-0.000520821 	3.34595e-05
1.07604 	0.0170702 	-0.000520347 	3.37689e-05
1.07754 	0.0170879 	-0.000519874 	3.40782e-05
1.07904 	0.0171056 	-0.000519363 	3.43533e-05
1.08054 	0.0171232 	-0.00051873 	3.45173e-05
1.08204 	0.0171408 	-0.000518098 	3.46813e-05
1.08354 	0.0171584 	-0.000517465 	3.48454e-05
1.08504 	0.017176 	-0.000516833 	3.50094e-05
1.08654 	0.0171936 	-0.0005162 	3.51734e-05
1.08804 	0.0172112 	-0.000515567 	3.53375e-05
1.08954 	0.0172288 	-0.000514935 	3.55015e-05
1.09105 	0.0172464 	-0.000514302 	3.56655e-05
1.09255 	0.017264 	-0.00051367 	3.58296e-05
1.09405 	0.0172816 	-0.000513037 	3.59936e-05
1.09555 	0.0172992 	-0.000512404 	3.61576e-05
1.09705 	0.0173168 	-0.000511772 	3.63217e-05
1.09855 	0.0173344 	-0.000511139 	3.64857e-05
1.10005 	0.017352 	-0.000510506 	3.66497e-05
1.10155 	0.0173696 	-0.000509874 	3.68138e-05
1.10305 	0.0173872 	-0.000509241 	3.69778e-05
1.10455 	0.0174048 	-0.000508609 	3.71418e-05
1.10605 	0.0174224 	-0.000507976 	3.73059e-05
1.10755 	0.01744 	-0.000507343 	3.74699e-05
1.10905 	0.0174576 	-0.000506711 	3.76339e-05
1.11056 	0.0174752 	-0.000506078 	3.7798e-05
1.11206 	0.0174927 	-0.000505445 	3.7962e-05
1.11356 	0.0175105 	-0.000504735 	3.80937e-05
1.11506 	0.0175283 	-0.000503944 	3.81912e-05
1.11656 	0.0175461 	-0.000503152 	3.82888e-05
1.11806 	0.0175639 	-0.00050236 	3.83864e-05
1.11956 	0.0175817 	-0.000501569 	3.8484e-05
1.12106 	0.0175995 	-0.000500777 	3.85816e-05
1.12256 	0.0176174 	-0.000499986 	3.86791e-05
1.12406 	0.0176352 	-0.000499194 	3.87767e-05
1.12556 	0.017653 	-0.000498402 	3.88743e-05
1.12706 	0.0176708 	-0.000497611 	3.89719e-05
1.12856 	0.0176884 	-0.000496919 	3.90449e-05
1.13007 	0.0177059 	-0.000496278 	3.91055e-05
1.13157 	0.0177234 	-0.000495638 	3.91661e-05
1.13307 	0.0177409 	-0.000494997 	3.92268e-05
1.13457 	0.0177584 	-0.000494356 	3.92874e-05
1.13607 	0.0177759 	-0.000493715 	3.9348e-05
1.13757 	0.0177934 	-0.000493074 	3.94086e-05
1.13907 	0.0178109 	-0.000492433 	3.94693e-05
1.14057 	0.0178284 	-0.000491792 	3.95299e-05
1.14207 	0.0178458 	-0.000491123 	3.95799e-05
1.14357 	0.0178632 	-0.000490333 	3.95843e-05
1.14507 	0.0178805 	-0.000489543 	3.95887e-05
1.14657 	0.0178978 	-0.000488753 	3.95931e-05
1.14807 	0.0179152 	-0.000487963 	3.95975e-05
1.14957 	0.0179325 	-0.000487173 	3.96019e-05
1.15108 	0.0179498 	-0.000486383 	3.96063e-05
1.15258 	0.0179672 	-0.000485593 	3.96107e-05
1.15408 	0.0179845 	-0.000484803 	3.96151e-05
1.15558 	0.0180018 	-0.000484013 	3.96195e-05
1.15708 	0.0180192 	-0.000483223 	3.96239e-05
1.15858 	0.0180365 	-0.000482433 	3.96283e-05
1.16008 	0.0180538 	-0.000481643 	3.96327e-05
1.16158 	0.0180712 	-0.000480853 	3.96371e-05
1.16308 	0.0180885 	-0.000480063 	3.96415e-05
1.16458 	0.0181058 	-0.000479273 	3.96459e-05
1.16608 	0.0181231 	-0.000478483 	3.96503e-05
1.16758 	0.0181405 	-0.000477693 	3.96547e-05
1.16908 	0.0181578 	-0.000476903 	3.96591e-05
1.17059 	0.0181751 	-0.000476113 	3.96635e-05
1.17209 	0.0181925 	-0.000475323 	3.96679e-05
1.17359 	0.0182098 	-0.000474533 	3.96723e-05
1.17509 	0.0182271 	-0.000473743 	3.96767e-05
1.17659 	0.0182445 	-0.000472953 	3.96811e-05
1.17809 	0.0182618 	-0.000472163 	3.96855e-05
1.17959 	0.0182791 	-0.000471373 	3.96899e-05
1.18109 	0.0182966 	-0.000470497 	3.96883e-05
1.18259 	0.0183141 	-0.000469541 	3.96811e-05
1.18409 	0.0183317 	-0.000468585 	3.96738e-05
1.18559 	0.0183492 	-0.000467629 	3.96666e-05
1.18709 	0.0183667 	-0.000466673 	3.96593e-05
1.18859 	0.0183843 	-0.000465717 	3.96521e-05
1.1901 	0.0184018 	-0.000464761 	3.96448e-05
1.1916 	0.0184194 	-0.000463805 	3.96376e-05
1.1931 	0.0184369 	-0.000462849 	3.96303e-05
1.1946 	0.0184543 	-0.000462 	3.96288e-05
1.1961 	0.0184717 	-0.000461181 	3.96289e-05
1.1976 	0.0184891 	-0.000460363 	3.9629e-05
1.1991 	0.0185065 	-0.000459545 	3.96292e-05
1.2006 	0.0185239 	-0.000458727 	3.96293e-05
1.2021 	0.0185412 	-0.000457909 	3.96294e-05
1.2036 	0.0185586 	-0.000457091 	3.96295e-05
1.2051 	0.018576 	-0.000456272 	3.96296e-05
1.2066 	0.0185923 	-0.00045547 	3.95925e-05
1.2081 	0.0186067 	-0.000454694 	3.94933e-05
1.2096 	0.0186211 	-0.000453918 	3.93941e-05
1.21111 	0.0186355 	-0.000453141 	3.92949e-05
1.21261 	0.01865 	-0.000452365 	3.91957e-05
1.21411 	0.0186644 	-0.000451589 	3.90965e-05
1.21561 	0.0186788 	-0.000450813 	3.89973e-05
1.21711 	0.0186932 	-0.000450037 	3.88981e-05
1.21861 	0.0187077 	-0.000449261 	3.87989e-05
1.22011 	0.0187221 	-0.000448484 	3.86997e-05
1.22161 	0.0187365 	-0.000447708 	3.86005e-05
1.22311 	0.0187509 	-0.000446932 	3.85013e-05
1.22461 	0.0187653 	-0.000446156 	3.84021e-05
1.22611 	0.0187798 	-0.00044538 	3.83029e-05
1.22761 	0.0187942 	-0.000444604 	3.82037e-05
1.22911 	0.0188086 	-0.000443827 	3.81045e-05
1.23062 	0.018823 	-0.000443051 	3.80053e-05
1.23212 	0.0188375 	-0.000442275 	3.7906e-05
1.23362 	0.0188519 	-0.000441499 	3.78068e-05
1.23512 	0.0188663 	-0.000440723 	3.77076e-05
1.23662 	0.0188807 	-0.000439947 	3.76084e-05
1.23812 	0.0188951 	-0.00043917 	3.75092e-05
1.23962 	0.0189096 	-0.000438394 	3.741e-05
1.24112 	0.018924 	-0.000437618 	3.73108e-05
1.24262 	0.0189384 	-0.000436842 	3.72116e-05
1.24412 	0.0189528 	-0.000436066 	3.71124e-05
1.24562 	0.0189672 	-0.00043529 	3.70132e-05
1.24712 	0.0189817 	-0.000434513 	3.6914e-05
1.24862 	0.0189961 	-0.000433737 	3.68148e-05
1.25013 	0.0190096 	-0.00043292 	3.66168e-05
1.25163 	0.0190228 	-0.000432086 	3.63804e-05
1.25313 	0.019036 	-0.000431253 	3.6144e-05
1.25463 	0.0190492 	-0.000430419 	3.59076e-05
1.25613 	0.0190624 	-0.000429586 	3.56712e-05
1.25763 	0.0190756 	-0.000428752 	3.54348e-05
1.25913 	0.0190888 	-0.000427919 	3.51984e-05
1.26063 	0.0191016 	-0.000427125 	3.49748e-05
1.26213 	0.0191119 	-0.00042655 	3.48215e-05
1.26363 	0.0191222 	-0.000425976 	3.46683e-05
1.26513 	0.0191325 	-0.000425401 	3.4515e-05
1.26663 	0.0191429 	-0.000424826 	3.43618e-05
1.26813 	0.0191532 	-0.000424251 	3.42085e-05
1.26963 	0.0191635 	-0.000423676 	3.40553e-05
1.27114 	0.0191738 	-0.000423102 	3.3902e-05
1.27264 	0.019188 	-0.000422255 	3.36415e-05
1.27414 	0.0192026 	-0.000421386 	3.33716e-05
1.27564 	0.0192171 	-0.000420516 	3.31018e-05
1.27714 	0.0192317 	-0.000419646 	3.28319e-05
1.27864 	0.0192462 	-0.000418777 	3.2562e-05
1.28014 	0.0192608 	-0.000417907 	3.22922e-05
1.28164 	0.0192753 	-0.000417037 	3.20223e-05
1.28314 	0.0192898 	-0.000416168 	3.17524e-05
1.28464 	0.0193044 	-0.000415298 	3.14826e-05
1.28614 	0.0193189 	-0.000414428 	3.12127e-05
1.28764 	0.0193335 	-0.000413558 	3.09428e-05
1.28914 	0.019348 	-0.000412689 	3.0673e-05
1.29065 	0.0193626 	-0.000411819 	3.04031e-05
1.29215 	0.0193771 	-0.000410949 	3.01332e-05
1.29365 	0.0193916 	-0.00041008 	2.98634e-05
1.29515 	0.0194062 	-0.00040921 	2.95935e-05
1.29665 	0.0194207 	-0.00040834 	2.93236e-05
1.29815 	0.0194353 	-0.00040747 	2.90538e-05
1.29965 	0.0194498 	-0.000406601 	2.87839e-05
1.30115 	0.0194644 	-0.000405731 	2.8514e-05
1.30265 	0.0194789 	-0.000404861 	2.82442e-05
1.30415 	0.0194935 	-0.000403992 	2.79743e-05
1.30565 	0.019508 	-0.000403122 	2.77044e-05
1.30715 	0.0195225 	-0.000402252 	2.74346e-05
1.30865 	0.0195371 	-0.000401382 	2.71647e-05
1.31016 	0.0195516 	-0.000400513 	2.68948e-05
1.31166 	0.0195662 	-0.000399643 	2.6625e-05
1.31316 	0.0195807 	-0.000398773 	2.63551e-05
1.31466 	0.0195953 	-0.000397904 	2.60853e-05
1.31616 	0.0196098 	-0.000397034 	2.58154e-05
1.31766 	0.0196244 	-0.000396164 	2.55455e-05
1.31916 	0.0196399 	-0.000395216 	2.52396e-05
1.32066 	0.0196585 	-0.000394041 	2.48295e-05
1.32216 	0.0196771 	-0.000392865 	2.44194e-05
1.32366 	0.0196957 	-0.00039169 	2.40093e-05
1.32516 	0.0197143 	-0.000390515 	2.35992e-05
1.32666 	0.0197329 	-0.00038934 	2.31891e-05
1.32816 	0.0197515 	-0.000388164 	2.27791e-05
1.32966 	0.0197672 	-0.000387216 	2.23946e-05
1.33117 	0.0197829 	-0.000386277 	2.20113e-05
1.33267 	0.0197985 	-0.000385338 	2.1628e-05
1.33417 	0.0198141 	-0.000384399 	2.12447e-05
1.33567 	0.0198297 	-0.000383461 	2.08614e-05
1.33717 	0.0198453 	-0.000382522 	2.04781e-05
1.33867 	0.019862 	-0.000381448 	2.0154e-05
1.34017 	0.0198787 	-0.000380368 	1.98323e-05
1.34167 	0.0198954 	-0.000379289 	1.95107e-05
1.34317 	0.0199121 	-0.000378209 	1.9189e-05
1.34467 	0.0199289 	-0.000377129 	1.88673e-05
1.34617 	0.0199456 	-0.00037605 	1.85457e-05
1.34767 	0.0199623 	-0.00037497 	1.8224e-05
1.34917 	0.019979 	-0.000373891 	1.79023e-05
1.35068 	0.0199957 	-0.000372811 	1.75807e-05
1.35218 	0.0200124 	-0.000371731 	1.7259e-05
1.35368 	0.0200291 	-0.000370652 	1.69373e-05
1.35518 	0.0200459 	-0.000369572 	1.66157e-05
1.35668 	0.0200626 	-0.000368492 	1.6294e-05
1.35818 	0.0200793 	-0.000367413 	1.59723e-05
1.35968 	0.020096 	-0.000366333 	1.56506e-05
1.36118 	0.0201127 	-0.000365254 	1.5329e-05
1.36268 	0.0201294 	-0.000364174 	1.50073e-05
1.36418 	0.0201461 	-0.000363094 	1.46856e-05
1.36568 	0.0201628 	-0.000362015 	1.4364e-05
1.36718 	0.0201796 	-0.000360935 	1.40423e-05
1.36868 	0.0201963 	-0.000359855 	1.37206e-05
1.37019 	0.020213 	-0.000358776 	1.3399e-05
1.37169 	0.0202297 	-0.000357696 	1.30773e-05
1.37319 	0.0202464 	-0.000356617 	1.27556e-05
1.37469 	0.0202631 	-0.000355537 	1.2434e-05
1.37619 	0.0202798 	-0.000354457 	1.21123e-05
1.37769 	0.0202966 	-0.000353378 	1.17906e-05
1.37919 	0.0203133 	-0.000352298 	1.1469e-05
1.38069 	0.02033 	-0.000351218 	1.11473e-05
1.38219 	0.0203467 	-0.000350139 	1.08256e-05
1.38369 	0.0203634 	-0.000349059 	1.05039e-05
1.38519 	0.0203801 	-0.00034798 	1.01823e-05
1.38669 	0.0203968 	-0.0003469 	9.86061e-06
1.38819 	0.0204136 	-0.00034582 	9.53894e-06
1.38969 	0.0204302 	-0.000344715 	9.24066e-06
1.3912 	0.0204466 	-0.00034355 	8.99544e-06
1.3927 	0.020463 	-0.000342386 	8.75022e-06
1.3942 	0.0204793 	-0.000341221 	8.505e-06
1.3957 	0.0204957 	-0.000340057 	8.25978e-06
1.3972 	0.0205121 	-0.000338926 	8.00413e-06
1.3987 	0.0205283 	-0.000337861 	7.72854e-06
1.4002 	0.0205445 	-0.000336795 	7.45296e-06
1.4017 	0.0205607 	-0.00033573 	7.17737e-06
1.4032 	0.0205769 	-0.000334665 	6.90179e-06
1.4047 	0.0205927 	-0.000333569 	6.7622e-06
1.4062 	0.0206084 	-0.000332456 	6.69919e-06
1.4077 	0.020624 	-0.000331344 	6.63619e-06
1.4092 	0.0206397 	-0.000330231 	6.57318e-06
1.41071 	0.0206553 	-0.000329118 	6.51017e-06
1.41221 	0.020671 	-0.000328005 	6.44716e-06
1.41371 	0.0206867 	-0.000326893 	6.38416e-06
1.41521 	0.0207023 	-0.00032578 	6.32115e-06
1.41671 	0.020718 	-0.000324667 	6.25814e-06
1.41821 	0.0207336 	-0.000323555 	6.19514e-06
1.41971 	0.0207493 	-0.000322442 	6.13213e-06
1.42121 	0.0207649 	-0.000321329 	6.06912e-06
1.42271 	0.0207806 	-0.000320216 	6.00612e-06
1.42421 	0.0207963 	-0.000319104 	5.94311e-06
1.42571 	0.0208119 	-0.000317991 	5.8801e-06
1.42721 	0.0208276 	-0.000316878 	5.8171e-06
1.42871 	0.0208432 	-0.000315766 	5.75409e-06
1.43022 	0.0208589 	-0.000314653 	5.69108e-06
1.43172 	0.0208745 	-0.00031354 	5.62807e-06
1.43322 	0.0208902 	-0.000312427 	5.56507e-06
1.43472 	0.0209059 	-0.000311315 	5.50206e-06
1.43622 	0.0209215 	-0.000310202 	5.43905e-06
1.43772 	0.0209372 	-0.000309089 	5.37605e-06
1.43922 	0.0209528 	-0.000307976 	5.31304e-06
1.44072 	0.0209685 	-0.000306864 	5.25003e-06
1.44222 	0.0209841 	-0.000305751 	5.18703e-06
1.44372 	0.0209998 	-0.000304638 	5.12402e-06
1.44522 	0.0210155 	-0.000303526 	5.06101e-06
1.44672 	0.0210311 	-0.000302413 	4.99801e-06
1.44822 	0.0210468 	-0.0003013 	4.935e-06
1.44972 	0.0210624 	-0.000300187 	4.87199e-06
1.45123 	0.0210781 	-0.000299075 	4.80899e-06
1.45273 	0.0210938 	-0.000297962 	4.74598e-06
1.45423 	0.0211094 	-0.000296849 	4.68297e-06
1.45573 	0.0211251 	-0.000295737 	4.61996e-06
1.45723 	0.0211407 	-0.000294624 	4.55696e-06
1.45873 	0.0211564 	-0.000293511 	4.49395e-06
1.46023 	0.021172 	-0.000292395 	4.44104e-06
1.46173 	0.0211872 	-0.000291214 	4.58379e-06
1.46323 	0.0212023 	-0.000290033 	4.72653e-06
1.46473 	0.0212174 	-0.000288852 	4.86928e-06
1.46623 	0.0212325 	-0.00028773 	5.02685e-06
1.46773 	0.0212474 	-0.000286675 	5.20074e-06
1.46923 	0.0212624 	-0.000285619 	5.37464e-06
1.47074 	0.0212773 	-0.000284563 	5.54402e-06
1.47224 	0.0212914 	-0.000283505 	5.67406e-06
1.47374 	0.0213056 	-0.000282447 	5.80409e-06
1.47524 	0.0213197 	-0.000281389 	5.93413e-06
1.47674 	0.0213338 	-0.000280331 	6.06417e-06
1.47824 	0.021348 	-0.000279273 	6.19421e-06
1.47974 	0.0213621 	-0.000278215 	6.32424e-06
1.48124 	0.0213763 	-0.000277157 	6.45428e-06
1.48274 	0.0213904 	-0.000276099 	6.58432e-06
1.48424 	0.0214046 	-0.000275041 	6.71436e-06
1.48574 	0.0214187 	-0.000273983 	6.84439e-06
1.48724 	0.0214329 	-0.000272925 	6.97443e-06
1.48874 	0.021447 	-0.000271867 	7.10447e-06
1.49025 	0.0214612 	-0.000270809 	7.23451e-06
1.49175 	0.0214753 	-0.000269751 	7.36454e-06
1.49325 	0.0214894 	-0.000268693 	7.49458e-06
1.49475 	0.0215036 	-0.000267635 	7.62462e-06
1.49625 	0.0215177 	-0.000266578 	7.75466e-06
1.49775 	0.0215319 	-0.00026552 	7.8847e-06
1.49925 	0.021546 	-0.000264462 	8.01473e-06
1.50075 	0.0215602 	-0.000263404 	8.14477e-06
1.50225 	0.0215743 	-0.000262346 	8.27481e-06
1.50375 	0.0215885 	-0.000261288 	8.40485e-06
1.50525 	0.0216026 	-0.00026023 	8.53488e-06
1.50675 	0.0216168 	-0.000259172 	8.66492e-06
1.50825 	0.0216309 	-0.000258114 	8.79496e-06
1.50975 	0.021645 	-0.000257056 	8.925e-06
1.51126 	0.0216592 	-0.000255998 	9.05503e-06
1.51276 	0.0216733 	-0.00025494 	9.18507e-06
1.51426 	0.0216875 	-0.000253882 	9.31511e-06
1.51576 	0.0217016 	-0.000252824 	9.44515e-06
1.51726 	0.0217158 	-0.000251766 	9.57519e-06
1.51876 	0.0217299 	-0.000250708 	9.70522e-06
1.52026 	0.0217441 	-0.00024965 	9.83526e-06
1.52176 	0.0217582 	-0.000248592 	9.9653e-06
1.52326 	0.0217723 	-0.000247535 	1.00953e-05
1.52476 	0.0217865 	-0.000246477 	1.02254e-05
1.52626 	0.0218006 	-0.000245419 	1.03554e-05
1.52776 	0.0218148 	-0.000244361 	1.04854e-05
1.52926 	0.0218289 	-0.000243303 	1.06155e-05
1.53077 	0.0218431 	-0.000242245 	1.07455e-05
1.53227 	0.0218568 	-0.000241151 	1.08446e-05
1.53377 	0.0218703 	-0.00024004 	1.09289e-05
1.53527 	0.0218838 	-0.000238988 	1.10402e-05
1.53677 	0.0218974 	-0.000237989 	1.11761e-05
1.53827 	0.0219096 	-0.000237062 	1.13199e-05
1.53977 	0.0219207 	-0.000236204 	1.14715e-05
1.54127 	0.0219317 	-0.000235347 	1.16231e-05
1.54277 	0.0219428 	-0.00023449 	1.17748e-05
1.54427 	0.0219538 	-0.000233633 	1.19264e-05
1.54577 	0.0219649 	-0.000232776 	1.2078e-05
1.54727 	0.0219759 	-0.000231919 	1.22297e-05
1.54877 	0.0219869 	-0.000231062 	1.23813e-05
1.55028 	0.021998 	-0.000230205 	1.25329e-05
1.55178 	0.022009 	-0.000229348 	1.26846e-05
1.55328 	0.0220201 	-0.000228491 	1.28362e-05
1.55478 	0.0220311 	-0.000227634 	1.29879e-05
1.55628 	0.0220421 	-0.000226776 	1.31395e-05
1.55778 	0.0220532 	-0.000225919 	1.32911e-05
1.55928 	0.0220642 	-0.000225062 	1.34428e-05
1.56078 	0.0220753 	-0.000224205 	1.35944e-05
1.56228 	0.0220863 	-0.000223348 	1.3746e-05
1.56378 	0.0220973 	-0.000222491 	1.38977e-05
1.56528 	0.0221084 	-0.000221634 	1.40493e-05
1.56678 	0.0221194 	-0.000220777 	1.42009e-05
1.56828 	0.0221305 	-0.00021992 	1.43526e-05
1.56978 	0.0221415 	-0.000219063 	1.45042e-05
1.57129 	0.0221525 	-0.000218206 	1.46558e-05
1.57279 	0.0221636 	-0.000217349 	1.48075e-05
1.57429 	0.0221746 	-0.000216491 	1.49591e-05
1.57579 	0.0221857 	-0.000215634 	1.51107e-05
1.57729 	0.0221967 	-0.000214777 	1.52624e-05
1.57879 	0.0222078 	-0.00021392 	1.5414e-05
1.58029 	0.0222188 	-0.000213063 	1.55657e-05
1.58179 	0.0222298 	-0.000212206 	1.57173e-05
1.58329 	0.0222409 	-0.000211349 	1.58689e-05
1.58479 	0.0222519 	-0.000210492 	1.60206e-05
1.58629 	0.022263 	-0.000209635 	1.61722e-05
1.58779 	0.022274 	-0.000208778 	1.63238e-05
1.58929 	0.022285 	-0.000207921 	1.64755e-05
1.5908 	0.0222961 	-0.000207063 	1.66271e-05
1.5923 	0.0223071 	-0.000206206 	1.67787e-05
1.5938 	0.0223182 	-0.000205349 	1.69304e-05
1.5953 	0.0223292 	-0.000204492 	1.7082e-05
1.5968 	0.0223402 	-0.000203635 	1.72336e-05
1.5983 	0.0223513 	-0.000202778 	1.73853e-05
1.5998 	0.0223623 	-0.000201921 	1.75369e-05
1.6013 	0.0223734 	-0.000201064 	1.76886e-05
1.6028 	0.0223839 	-0.000200209 	1.78481e-05
1.6043 	0.0223925 	-0.000199515 	1.79941e-05
1.6058 	0.0224026 	-0.000198705 	1.82575e-05
1.6073 	0.0224127 	-0.000197891 	1.85234e-05
1.6088 	0.0224229 	-0.000197077 	1.87894e-05
1.61031 	0.022433 	-0.000196263 	1.90553e-05
1.61181 	0.0224432 	-0.000195449 	1.93213e-05
1.61331 	0.0224533 	-0.000194635 	1.95872e-05
1.61481 	0.0224634 	-0.000193821 	1.98531e-05
1.61631 	0.0224736 	-0.000193007 	2.01191e-05
1.61781 	0.0224837 	-0.000192193 	2.0385e-05
1.61931 	0.0224939 	-0.000191379 	2.06509e-05
1.62081 	0.022504 	-0.000190565 	2.09169e-05
1.62231 	0.0225142 	-0.000189751 	2.11828e-05
1.62381 	0.0225243 	-0.000188937 	2.14488e-05
1.62531 	0.0225344 	-0.000188123 	2.17147e-05
1.62681 	0.0225446 	-0.000187309 	2.19806e-05
1.62831 	0.0225547 	-0.000186495 	2.22466e-05
1.62981 	0.0225649 	-0.000185681 	2.25125e-05
1.63132 	0.022575 	-0.000184867 	2.27785e-05
1.63282 	0.0225852 	-0.000184053 	2.30444e-05
1.63432 	0.0225953 	-0.000183239 	2.33103e-05
1.63582 	0.0226054 	-0.000182425 	2.35763e-05
1.63732 	0.0226156 	-0.000181611 	2.38422e-05
1.63882 	0.0226257 	-0.0001808 	2.41051e-05
1.64032 	0.0226358 	-0.000179992 	2.43654e-05
1.64182 	0.0226458 	-0.000179184 	2.46257e-05
1.64332 	0.0226559 	-0.000178375 	2.4886e-05
1.64482 	0.022666 	-0.000177567 	2.51463e-05
1.64632 	0.022676 	-0.000176759 	2.54066e-05
1.64782 	0.0226861 	-0.000175951 	2.56669e-05
1.64932 	0.0226962 	-0.000175143 	2.59272e-05
1.65083 	0.0227062 	-0.000174335 	2.61875e-05
1.65233 	0.0227163 	-0.000173526 	2.64477e-05
1.65383 	0.0227264 	-0.000172718 	2.6708e-05
1.65533 	0.0227364 	-0.00017191 	2.69683e-05
1.65683 	0.0227465 	-0.000171102 	2.72286e-05
1.65833 	0.0227566 	-0.000170294 	2.74889e-05
1.65983 	0.0227666 	-0.000169486 	2.77492e-05
1.66133 	0.0227767 	-0.000168677 	2.80095e-05
1.66283 	0.0227868 	-0.000167869 	2.82698e-05
1.66433 	0.0227968 	-0.000167061 	2.85301e-05
1.66583 	0.0228069 	-0.000166253 	2.87904e-05
1.66733 	0.022817 	-0.000165445 	2.90507e-05
1.66883 	0.022827 	-0.000164637 	2.9311e-05
1.67034 	0.0228371 	-0.000163828 	2.95713e-05
1.67184 	0.0228483 	-0.000162932 	2.98814e-05
1.67334 	0.0228595 	-0.000162071 	3.01774e-05
1.67484 	0.0228703 	-0.000161192 	3.0386e-05
1.67634 	0.0228812 	-0.000160314 	3.05947e-05
1.67784 	0.022892 	-0.000159436 	3.08033e-05
1.67934 	0.0229028 	-0.000158557 	3.1012e-05
1.68084 	0.0229136 	-0.000157679 	3.12207e-05
1.68234 	0.0229245 	-0.000156801 	3.14293e-05
1.68384 	0.0229353 	-0.000155923 	3.1638e-05
1.68534 	0.0229461 	-0.000155044 	3.18466e-05
1.68684 	0.0229569 	-0.000154166 	3.20553e-05
1.68834 	0.0229678 	-0.000153288 	3.2264e-05
1.68984 	0.0229786 	-0.000152409 	3.24726e-05
1.69135 	0.0229894 	-0.000151531 	3.26813e-05
1.69285 	0.0230002 	-0.000150653 	3.28899e-05
1.69435 	0.023011 	-0.000149774 	3.30986e-05
1.69585 	0.0230219 	-0.000148896 	3.33072e-05
1.69735 	0.0230327 	-0.000148018 	3.35159e-05
1.69885 	0.0230435 	-0.00014714 	3.37246e-05
1.70035 	0.0230543 	-0.000146261 	3.39332e-05
1.70185 	0.0230652 	-0.000145383 	3.41419e-05
1.70335 	0.023076 	-0.000144505 	3.43505e-05
1.70485 	0.0230868 	-0.000143626 	3.45592e-05
1.70635 	0.0230976 	-0.000142748 	3.47679e-05
1.70785 	0.0231085 	-0.00014187 	3.49765e-05
1.70935 	0.0231193 	-0.000140991 	3.51852e-05
1.71086 	0.0231301 	-0.000140113 	3.53938e-05
1.71236 	0.0231409 	-0.000139235 	3.56025e-05
1.71386 	0.0231518 	-0.000138357 	3.58112e-05
1.71536 	0.0231626 	-0.000137478 	3.60198e-05
1.71686 	0.0231734 	-0.0001366 	3.62285e-05
1.71836 	0.0231842 	-0.000135722 	3.64371e-05
1.71986 	0.023195 	-0.000134843 	3.66458e-05
1.72136 	0.0232059 	-0.000133965 	3.68545e-05
1.72286 	0.0232167 	-0.000133087 	3.70631e-05
1.72436 	0.0232275 	-0.000132208 	3.72718e-05
1.72586 	0.0232383 	-0.00013133 	3.74804e-05
1.72736 	0.0232492 	-0.000130452 	3.76891e-05
1.72886 	0.02326 	-0.000129574 	3.78977e-05
1.73037 	0.0232708 	-0.000128695 	3.81064e-05
1.73187 	0.0232816 	-0.000127817 	3.83151e-05
1.73337 	0.0232925 	-0.000126939 	3.85237e-05
1.73487 	0.0233033 	-0.00012606 	3.87324e-05
1.73637 	0.0233141 	-0.000125182 	3.8941e-05
1.73787 	0.0233245 	-0.000124336 	3.90153e-05
1.73937 	0.0233349 	-0.000123498 	3.90609e-05
1.74087 	0.0233451 	-0.000122711 	3.91116e-05
1.74237 	0.0233554 	-0.000121934 	3.91631e-05
1.74387 	0.0233652 	-0.000121155 	3.91158e-05
1.74537 	0.0233749 	-0.000120377 	3.9039e-05
1.74687 	0.0233845 	-0.000119599 	3.89621e-05
1.74837 	0.0233942 	-0.00011882 	3.88853e-05
1.74987 	0.0234038 	-0.000118042 	3.88085e-05
1.75138 	0.0234135 	-0.000117263 	3.87317e-05
1.75288 	0.0234231 	-0.000116485 	3.86548e-05
1.75438 	0.0234328 	-0.000115707 	3.8578e-05
1.75588 	0.0234424 	-0.000114928 	3.85012e-05
1.75738 	0.0234521 	-0.00011415 	3.84243e-05
1.75888 	0.0234617 	-0.000113371 	3.83475e-05
1.76038 	0.0234714 	-0.000112593 	3.82707e-05
1.76188 	0.023481 	-0.000111815 	3.81938e-05
1.76338 	0.0234907 	-0.000111036 	3.8117e-05
1.76488 	0.0235003 	-0.000110258 	3.80402e-05
1.76638 	0.02351 	-0.000109479 	3.79633e-05
1.76788 	0.0235196 	-0.000108701 	3.78865e-05
1.76938 	0.0235293 	-0.000107923 	3.78097e-05
1.77089 	0.0235389 	-0.000107144 	3.77329e-05
1.77239 	0.0235486 	-0.000106366 	3.7656e-05
1.77389 	0.0235582 	-0.000105588 	3.75792e-05
1.77539 	0.0235679 	-0.000104809 	3.75024e-05
1.77689 	0.0235775 	-0.000104031 	3.74255e-05
1.77839 	0.0235872 	-0.000103252 	3.73487e-05
1.77989 	0.0235968 	-0.000102474 	3.72719e-05
1.78139 	0.0236065 	-0.000101696 	3.7195e-05
1.78289 	0.0236161 	-0.000100917 	3.71182e-05
1.78439 	0.0236258 	-0.000100139 	3.70414e-05
1.78589 	0.0236354 	-9.93603e-05 	3.69646e-05
1.78739 	0.0236451 	-9.8582e-05 	3.68877e-05
1.78889 	0.0236547 	-9.78036e-05 	3.68109e-05
1.7904 	0.0236644 	-9.70252e-05 	3.67341e-05
1.7919 	0.023674 	-9.62468e-05 	3.66572e-05
1.7934 	0.0236837 	-9.54684e-05 	3.65804e-05
1.7949 	0.0236933 	-9.469e-05 	3.65036e-05
1.7964 	0.023703 	-9.39116e-05 	3.64267e-05
1.7979 	0.0237126 	-9.31332e-05 	3.63499e-05
1.7994 	0.0237223 	-9.23548e-05 	3.62731e-05
1.8009 	0.0237319 	-9.15764e-05 	3.61962e-05
1.8024 	0.0237413 	-9.08378e-05 	3.60613e-05
1.8039 	0.0237504 	-9.01434e-05 	3.58619e-05
1.8054 	0.0237594 	-8.9449e-05 	3.56624e-05
1.8069 	0.0237685 	-8.87695e-05 	3.5466e-05
1.8084 	0.0237775 	-8.81408e-05 	3.528e-05
1.8099 	0.0237865 	-8.75121e-05 	3.50939e-05
1.81141 	0.0237954 	-8.68835e-05 	3.49079e-05
1.81291 	0.0238041 	-8.62113e-05 	3.48097e-05
1.81441 	0.0238127 	-8.55306e-05 	3.47289e-05
1.81591 	0.0238213 	-8.48499e-05 	3.46481e-05
1.81741 	0.0238298 	-8.41691e-05 	3.45673e-05
1.81891 	0.0238384 	-8.34884e-05 	3.44865e-05
1.82041 	0.023847 	-8.28077e-05 	3.44057e-05
1.82191 	0.0238556 	-8.2127e-05 	3.43249e-05
1.82341 	0.0238642 	-8.14462e-05 	3.42441e-05
1.82491 	0.0238728 	-8.07655e-05 	3.41633e-05
1.82641 	0.0238813 	-8.00848e-05 	3.40825e-05
1.82791 	0.0238899 	-7.9404e-05 	3.40017e-05
1.82941 	0.0238985 	-7.87233e-05 	3.39209e-05
1.83092 	0.0239071 	-7.80426e-05 	3.38401e-05
1.83242 	0.0239157 	-7.73619e-05 	3.37593e-05
1.83392 	0.0239243 	-7.66811e-05 	3.36785e-05
1.83542 	0.0239329 	-7.60004e-05 	3.35977e-05
1.83692 	0.0239414 	-7.53197e-05 	3.35169e-05
1.83842 	0.02395 	-7.46389e-05 	3.34361e-05
1.83992 	0.0239586 	-7.39582e-05 	3.33553e-05
1.84142 	0.0239672 	-7.32775e-05 	3.32745e-05
1.84292 	0.0239758 	-7.25968e-05 	3.31937e-05
1.84442 	0.0239844 	-7.1916e-05 	3.31129e-05
1.84592 	0.0239929 	-7.12353e-05 	3.30321e-05
1.84742 	0.0240015 	-7.05546e-05 	3.29513e-05
1.84892 	0.0240101 	-6.98738e-05 	3.28705e-05
1.85043 	0.0240187 	-6.91931e-05 	3.27897e-05
1.85193 	0.0240273 	-6.85124e-05 	3.27089e-05
1.85343 	0.0240359 	-6.78317e-05 	3.26281e-05
1.85493 	0.0240444 	-6.71509e-05 	3.25473e-05
1.85643 	0.024053 	-6.64702e-05 	3.24665e-05
1.85793 	0.0240616 	-6.57895e-05 	3.23857e-05
1.85943 	0.0240702 	-6.51087e-05 	3.23049e-05
1.86093 	0.0240788 	-6.4428e-05 	3.22241e-05
1.86243 	0.0240874 	-6.37473e-05 	3.21433e-05
1.86393 	0.0240959 	-6.30666e-05 	3.20625e-05
1.86543 	0.0241045 	-6.23858e-05 	3.19817e-05
1.86693 	0.0241122 	-6.1766e-05 	3.19925e-05
1.86843 	0.0241197 	-6.11629e-05 	3.20284e-05
1.86993 	0.0241272 	-6.05597e-05 	3.20643e-05
1.87144 	0.0241347 	-5.99565e-05 	3.21001e-05
1.87294 	0.0241426 	-5.935e-05 	3.21418e-05
1.87444 	0.0241514 	-5.87366e-05 	3.21952e-05
1.87594 	0.0241602 	-5.81232e-05 	3.22486e-05
1.87744 	0.024169 	-5.75098e-05 	3.2302e-05
1.87894 	0.0241779 	-5.68964e-05 	3.23554e-05
1.88044 	0.0241851 	-5.63331e-05 	3.24529e-05
1.88194 	0.0241918 	-5.57908e-05 	3.25689e-05
1.88344 	0.0241985 	-5.52485e-05 	3.2685e-05
1.88494 	0.0242051 	-5.47062e-05 	3.2801e-05
1.88644 	0.0242118 	-5.41638e-05 	3.2917e-05
1.88794 	0.0242184 	-5.36215e-05 	3.3033e-05
1.88944 	0.0242251 	-5.30792e-05 	3.3149e-05
1.89095 	0.0242317 	-5.25369e-05 	3.3265e-05
1.89245 	0.0242384 	-5.19946e-05 	3.3381e-05
1.89395 	0.024245 	-5.14522e-05 	3.3497e-05
1.89545 	0.0242517 	-5.09099e-05 	3.3613e-05
1.89695 	0.0242583 	-5.03676e-05 	3.3729e-05
1.89845 	0.024265 	-4.98253e-05 	3.3845e-05
1.89995 	0.0242716 	-4.9283e-05 	3.3961e-05
1.90145 	0.0242783 	-4.87406e-05 	3.4077e-05
1.90295 	0.0242849 	-4.81983e-05 	3.4193e-05
1.90445 	0.0242916 	-4.7656e-05 	3.4309e-05
1.90595 	0.0242982 	-4.71137e-05 	3.4425e-05
1.90745 	0.0243049 	-4.65714e-05 	3.4541e-05
1.90895 	0.0243115 	-4.6029e-05 	3.4657e-05
1.91046 	0.0243182 	-4.54867e-05 	3.4773e-05
1.91196 	0.0243249 	-4.49444e-05 	3.4889e-05
1.91346 	0.0243315 	-4.44021e-05 	3.5005e-05
1.91496 	0.0243382 	-4.38597e-05 	3.5121e-05
1.91646 	0.0243448 	-4.33174e-05 	3.5237e-05
1.91796 	0.0243515 	-4.27751e-05 	3.5353e-05
1.91946 	0.0243581 	-4.22328e-05 	3.5469e-05
1.92096 	0.0243648 	-4.16905e-05 	3.5585e-05
1.92246 	0.0243714 	-4.11481e-05 	3.5701e-05
1.92396 	0.0243781 	-4.06058e-05 	3.5817e-05
1.92546 	0.0243847 	-4.00635e-05 	3.5933e-05
1.92696 	0.0243914 	-3.95212e-05 	3.6049e-05
1.92846 	0.024398 	-3.89789e-05 	3.6165e-05
1.92996 	0.0244026 	-3.85782e-05 	3.63318e-05
1.93147 	0.024407 	-3.81959e-05 	3.6505e-05
1.93297 	0.0244114 	-3.78137e-05 	3.66783e-05
1.93447 	0.0244157 	-3.74314e-05 	3.68516e-05
1.93597 	0.0244201 	-3.70491e-05 	3.70249e-05
1.93747 	0.0244248 	-3.66596e-05 	3.72002e-05
1.93897 	0.0244305 	-3.62537e-05 	3.73799e-05
1.94047 	0.0244362 	-3.58479e-05 	3.75595e-05
1.94197 	0.0244419 	-3.5442e-05 	3.77392e-05
1.94347 	0.0244476 	-3.50362e-05 	3.79189e-05
1.94497 	0.0244532 	-3.46304e-05 	3.80986e-05
1.94647 	0.0244591 	-3.41797e-05 	3.82763e-05
1.94797 	0.024465 	-3.36905e-05 	3.84523e-05
1.94947 	0.024471 	-3.32012e-05 	3.86284e-05
1.95098 	0.0244769 	-3.2712e-05 	3.88044e-05
1.95248 	0.0244828 	-3.22228e-05 	3.89805e-05
1.95398 	0.0244888 	-3.17336e-05 	3.91565e-05
1.95548 	0.0244947 	-3.12443e-05 	3.93325e-05
1.95698 	0.0245007 	-3.07551e-05 	3.95086e-05
1.95848 	0.0245066 	-3.02659e-05 	3.96846e-05
1.95998 	0.0245125 	-2.97767e-05 	3.98607e-05
1.96148 	0.0245185 	-2.92874e-05 	4.00367e-05
1.96298 	0.0245244 	-2.87982e-05 	4.02127e-05
1.96448 	0.0245304 	-2.8309e-05 	4.03888e-05
1.96598 	0.0245363 	-2.78197e-05 	4.05648e-05
1.96748 	0.0245423 	-2.73305e-05 	4.07408e-05
1.96898 	0.0245482 	-2.68413e-05 	4.09169e-05
1.97049 	0.0245541 	-2.63521e-05 	4.10929e-05
1.97199 	0.0245601 	-2.58628e-05 	4.1269e-05
1.97349 	0.024566 	-2.53736e-05 	4.1445e-05
1.97499 	0.024572 	-2.48844e-05 	4.1621e-05
1.97649 	0.0245779 	-2.43952e-05 	4.17971e-05
1.97799 	0.0245838 	-2.39059e-05 	4.19731e-05
1.97949 	0.0245898 	-2.34167e-05 	4.21492e-05
1.98099 	0.0245957 	-2.29275e-05 	4.23252e-05
1.98249 	0.0246017 	-2.24383e-05 	4.25012e-05
1.98399 	0.0246076 	-2.1949e-05 	4.26773e-05
1.98549 	0.0246136 	-2.14598e-05 	4.28533e-05
1.98699 	0.0246195 	-2.09706e-05 	4.30294e-05
1.98849 	0.0246254 	-2.04814e-05 	4.32054e-05
1.98999 	0.0246314 	-1.99921e-05 	4.33814e-05
1.9915 	0.0246383 	-1.9464e-05 	4.35802e-05
1.993 	0.0246452 	-1.89311e-05 	4.37818e-05
1.9945 	0.0246522 	-1.83981e-05 	4.39834e-05
1.996 	0.0246592 	-1.78652e-05 	4.4185e-05
1.9975 	0.0246662 	-1.73323e-05 	4.43866e-05
1.999 	0.0246732 	-1.67993e-05 	4.45882e-05
2.0005 	0.0246801 	-1.62771e-05 	4.47924e-05
2.002 	0.024687 	-1.57823e-05 	4.50033e-05
2.0035 	0.024694 	-1.52874e-05 	4.52143e-05
2.005 	0.0247009 	-1.47926e-05 	4.54253e-05
2.0065 	0.0247078 	-1.42977e-05 	4.56363e-05
2.008 	0.0247147 	-1.38029e-05 	4.58473e-05
2.0095 	0.0247216 	-1.33081e-05 	4.60582e-05
2.01101 	0.0247283 	-1.28051e-05 	4.61816e-05
2.01251 	0.0247347 	-1.22931e-05 	4.62066e-05
2.01401 	0.0247411 	-1.17811e-05 	4.62315e-05
2.01551 	0.0247476 	-1.1269e-05 	4.62565e-05
2.01701 	0.024754 	-1.0757e-05 	4.62815e-05
2.01851 	0.0247604 	-1.0245e-05 	4.63065e-05
2.02001 	0.0247669 	-9.73293e-06 	4.63315e-05
2.02151 	0.0247733 	-9.22089e-06 	4.63565e-05
2.02301 	0.0247797 	-8.70886e-06 	4.63815e-05
2.02451 	0.0247861 	-8.19682e-06 	4.64065e-05
2.02601 	0.0247926 	-7.68479e-06 	4.64315e-05
2.02751 	0.024799 	-7.17275e-06 	4.64565e-05
2.02901 	0.0248054 	-6.66072e-06 	4.64815e-05
2.03052 	0.0248119 	-6.14868e-06 	4.65064e-05
2.03202 	0.0248183 	-5.63665e-06 	4.65314e-05
2.03352 	0.0248247 	-5.12461e-06 	4.65564e-05
2.03502 	0.0248312 	-4.61258e-06 	4.65814e-05
2.03652 	0.0248376 	-4.10054e-06 	4.66064e-05
2.03802 	0.024844 	-3.58851e-06 	4.66314e-05
2.03952 	0.0248504 	-3.07647e-06 	4.66564e-05
2.04102 	0.0248569 	-2.56444e-06 	4.66814e-05
2.04252 	0.0248633 	-2.0524e-06 	4.67064e-05
2.04402 	0.0248697 	-1.54037e-06 	4.67314e-05
2.04552 	0.0248762 	-1.02833e-06 	4.67564e-05
2.04702 	0.0248826 	-5.16297e-07 	4.67813e-05
2.04852 	0.024889 	-4.26209e-09 	4.68063e-05
2.05003 	0.0248954 	5.07773e-07 	4.68313e-05
2.05153 	0.0249015 	9.49675e-07 	4.6704e-05
2.05303 	0.0249076 	1.3842e-06 	4.65606e-05
2.05453 	0.0249136 	1.81873e-06 	4.64172e-05
2.05603 	0.0249197 	2.25326e-06 	4.62738e-05
2.05753 	0.0249258 	2.68779e-06 	4.61304e-05
2.05903 	0.0249318 	3.12231e-06 	4.5987e-05
2.06053 	0.0249379 	3.55684e-06 	4.58436e-05
2.06203 	0.0249439 	3.97865e-06 	4.5703e-05
2.06353 	0.0249499 	4.37815e-06 	4.55673e-05
2.06503 	0.0249559 	4.77765e-06 	4.54316e-05
2.06653 	0.0249618 	5.17715e-06 	4.52959e-05
2.06803 	0.0249678 	5.57665e-06 	4.51602e-05
2.06953 	0.0249738 	5.97615e-06 	4.50245e-05
2.07104 	0.0249798 	6.37565e-06 	4.48888e-05
2.07254 	0.0249858 	6.77515e-06 	4.47531e-05
2.07404 	0.0249915 	7.20566e-06 	4.46463e-05
2.07554 	0.0249972 	7.65432e-06 	4.45563e-05
2.07704 	0.0250029 	8.10298e-06 	4.44664e-05
2.07854 	0.0250085 	8.55165e-06 	4.43765e-05
2.08004 	0.0250142 	9.00031e-06 	4.42865e-05
2.08154 	0.0250198 	9.44898e-06 	4.41966e-05
2.08304 	0.0250255 	9.89764e-06 	4.41067e-05
2.08454 	0.0250312 	1.03463e-05 	4.40167e-05
2.08604 	0.0250368 	1.0795e-05 	4.39268e-05
2.08754 	0.0250425 	1.12436e-05 	4.38368e-05
2.08904 	0.0250481 	1.16923e-05 	4.37469e-05
2.09055 	0.0250538 	1.2141e-05 	4.3657e-05
2.09205 	0.0250595 	1.25896e-05 	4.3567e-05
2.09355 	0.0250651 	1.30383e-05 	4.34771e-05
2.09505 	0.0250708 	1.3487e-05 	4.33872e-05
2.09655 	0.0250764 	1.39356e-05 	4.32972e-05
2.09805 	0.0250821 	1.43843e-05 	4.32073e-05
2.09955 	0.0250878 	1.4833e-05 	4.31173e-05
2.10105 	0.0250934 	1.52816e-05 	4.30274e-05
2.10255 	0.0250991 	1.57303e-05 	4.29375e-05
2.10405 	0.0251047 	1.61789e-05 	4.28475e-05
2.10555 	0.0251104 	1.66276e-05 	4.27576e-05
2.10705 	0.025116 	1.70763e-05 	4.26677e-05
2.10855 	0.0251217 	1.7523e-05 	4.25788e-05
2.11006 	0.0251265 	1.78946e-05 	4.25352e-05
2.11156 	0.0251314 	1.82662e-05 	4.24915e-05
2.11306 	0.0251362 	1.86377e-05 	4.24479e-05
2.11456 	0.0251411 	1.90093e-05 	4.24042e-05
2.11606 	0.0251459 	1.93808e-05 	4.23606e-05
2.11756 	0.0251507 	1.97524e-05 	4.23169e-05
2.11906 	0.0251556 	2.01239e-05 	4.22732e-05
2.12056 	0.0251604 	2.04955e-05 	4.22296e-05
2.12206 	0.0251659 	2.08706e-05 	4.2184e-05
2.12356 	0.0251718 	2.12476e-05 	4.21375e-05
2.12506 	0.0251777 	2.16246e-05 	4.20909e-05
2.12656 	0.0251835 	2.20016e-05 	4.20443e-05
2.12806 	0.0251894 	2.23786e-05 	4.19978e-05
2.12956 	0.0251953 	2.27556e-05 	4.19512e-05
2.13107 	0.0252012 	2.31326e-05 	4.19046e-05
2.13257 	0.025207 	2.35096e-05 	4.18581e-05
2.13407 	0.0252127 	2.38831e-05 	4.1824e-05
2.13557 	0.0252169 	2.42313e-05 	4.18793e-05
2.13707 	0.025221 	2.45795e-05 	4.19345e-05
2.13857 	0.0252252 	2.49277e-05 	4.19897e-05
2.14007 	0.0252294 	2.52759e-05 	4.2045e-05
2.14157 	0.0252335 	2.56241e-05 	4.21002e-05
2.14307 	0.0252377 	2.59724e-05 	4.21554e-05
2.14457 	0.0252419 	2.63206e-05 	4.22107e-05
2.14607 	0.0252461 	2.66688e-05 	4.22659e-05
2.14757 	0.0252502 	2.7017e-05 	4.23211e-05
2.14907 	0.0252544 	2.73652e-05 	4.23764e-05
2.15058 	0.0252586 	2.77134e-05 	4.24316e-05
2.15208 	0.0252627 	2.80616e-05 	4.24868e-05
2.15358 	0.0252669 	2.84099e-05 	4.25421e-05
2.15508 	0.0252711 	2.87581e-05 	4.25973e-05
2.15658 	0.0252753 	2.91063e-05 	4.26525e-05
2.15808 	0.0252794 	2.94545e-05 	4.27078e-05
2.15958 	0.0252836 	2.98027e-05 	4.2763e-05
2.16108 	0.0252878 	3.01509e-05 	4.28182e-05
2.16258 	0.025292 	3.04991e-05 	4.28735e-05
2.16408 	0.0252961 	3.08474e-05 	4.29287e-05
2.16558 	0.0252997 	3.11531e-05 	4.30147e-05
2.16708 	0.0253021 	3.13731e-05 	4.31627e-05
2.16858 	0.0253044 	3.15931e-05 	4.33107e-05
2.17009 	0.0253068 	3.18131e-05 	4.34587e-05
2.17159 	0.0253091 	3.20331e-05 	4.36068e-05
2.17309 	0.0253115 	3.22531e-05 	4.37548e-05
2.17459 	0.0253139 	3.24731e-05 	4.39028e-05
2.17609 	0.0253162 	3.26931e-05 	4.40508e-05
2.17759 	0.0253186 	3.29131e-05 	4.41989e-05
2.17909 	0.0253212 	3.31354e-05 	4.43454e-05
2.18059 	0.0253245 	3.33648e-05 	4.44875e-05
2.18209 	0.0253279 	3.35942e-05 	4.46296e-05
2.18359 	0.0253312 	3.38235e-05 	4.47716e-05
2.18509 	0.0253346 	3.40529e-05 	4.49137e-05
2.18659 	0.0253379 	3.42823e-05 	4.50558e-05
2.18809 	0.0253413 	3.45116e-05 	4.51979e-05
2.18959 	0.0253446 	3.4741e-05 	4.534e-05
2.1911 	0.0253479 	3.49703e-05 	4.54821e-05
2.1926 	0.0253513 	3.52026e-05 	4.56299e-05
2.1941 	0.0253547 	3.55092e-05 	4.59241e-05
2.1956 	0.0253581 	3.58157e-05 	4.62184e-05
2.1971 	0.0253616 	3.61223e-05 	4.65126e-05
2.1986 	0.025365 	3.64288e-05 	4.68069e-05
2.2001 	0.0253684 	3.67354e-05 	4.71011e-05
2.2016 	0.0253719 	3.70419e-05 	4.73954e-05
2.2031 	0.0253753 	3.73485e-05 	4.76896e-05
2.2046 	0.0253787 	3.7655e-05 	4.79838e-05
2.2061 	0.0253821 	3.79616e-05 	4.82781e-05
2.2076 	0.0253856 	3.82681e-05 	4.85723e-05
2.2091 	0.025389 	3.85747e-05 	4.88666e-05
2.21061 	0.0253924 	3.88812e-05 	4.91608e-05
2.21211 	0.0253959 	3.91878e-05 	4.94551e-05
2.21361 	0.0253993 	3.94943e-05 	4.97493e-05
2.21511 	0.0254027 	3.98009e-05 	5.00436e-05
2.21661 	0.0254061 	4.01074e-05 	5.03378e-05
2.21811 	0.0254096 	4.0414e-05 	5.06321e-05
2.21961 	0.025413 	4.07205e-05 	5.09263e-05
2.22111 	0.025417 	4.10323e-05 	5.13621e-05
2.22261 	0.0254211 	4.13447e-05 	5.18145e-05
2.22411 	0.0254252 	4.1657e-05 	5.2267e-05
2.22561 	0.0254293 	4.19694e-05 	5.27194e-05
2.22711 	0.0254333 	4.22818e-05 	5.31718e-05
2.22861 	0.0254374 	4.25942e-05 	5.36242e-05
2.23012 	0.0254415 	4.29066e-05 	5.40766e-05
2.23162 	0.0254456 	4.32189e-05 	5.45291e-05
2.23312 	0.0254497 	4.35313e-05 	5.49815e-05
2.23462 	0.0254537 	4.38403e-05 	5.54351e-05
2.23612 	0.0254577 	4.41373e-05 	5.5893e-05
2.23762 	0.0254617 	4.44343e-05 	5.63508e-05
2.23912 	0.0254657 	4.47313e-05 	5.68087e-05
2.24062 	0.0254697 	4.50283e-05 	5.72665e-05
2.24212 	0.0254737 	4.53254e-05 	5.77244e-05
2.24362 	0.0254777 	4.56224e-05 	5.81822e-05
2.24512 	0.0254817 	4.59194e-05 	5.86401e-05
2.24662 	0.0254857 	4.62164e-05 	5.90979e-05
2.24812 	0.0254897 	4.65134e-05 	5.95558e-05
2.24962 	0.0254935 	4.68255e-05 	5.99797e-05
2.25113 	0.0254971 	4.71563e-05 	6.03617e-05
2.25263 	0.0255006 	4.74871e-05 	6.07437e-05
2.25413 	0.0255042 	4.78179e-05 	6.11257e-05
2.25563 	0.0255078 	4.81487e-05 	6.15077e-05
2.25713 	0.0255114 	4.84795e-05 	6.18897e-05
2.25863 	0.0255149 	4.88102e-05 	6.22717e-05
2.26013 	0.0255185 	4.9141e-05 	6.26537e-05
2.26163 	0.0255221 	4.94718e-05 	6.30357e-05
2.26313 	0.0255257 	4.98026e-05 	6.34177e-05
2.26463 	0.0255293 	5.01334e-05 	6.37997e-05
2.26613 	0.0255328 	5.04642e-05 	6.41817e-05
2.26763 	0.0255364 	5.0795e-05 	6.45637e-05
2.26913 	0.02554 	5.11258e-05 	6.49457e-05
2.27064 	0.0255436 	5.14566e-05 	6.53277e-05
2.27214 	0.0255471 	5.17873e-05 	6.57097e-05
2.27364 	0.0255505 	5.18247e-05 	6.60325e-05
2.27514 	0.0255537 	5.17762e-05 	6.6338e-05
2.27664 	0.0255569 	5.17276e-05 	6.66435e-05
2.27814 	0.0255601 	5.16791e-05 	6.6949e-05
2.27964 	0.0255634 	5.16306e-05 	6.72545e-05
2.28114 	0.0255666 	5.15821e-05 	6.75601e-05
2.28264 	0.0255698 	5.15335e-05 	6.78656e-05
2.28414 	0.0255731 	5.1485e-05 	6.81711e-05
2.28564 	0.0255763 	5.14365e-05 	6.84766e-05
2.28714 	0.0255795 	5.1388e-05 	6.87821e-05
2.28864 	0.0255827 	5.17139e-05 	6.90986e-05
2.29015 	0.0255858 	5.22707e-05 	6.94218e-05
2.29165 	0.0255889 	5.28276e-05 	6.9745e-05
2.29315 	0.025592 	5.33845e-05 	7.00682e-05
2.29465 	0.0255951 	5.39413e-05 	7.03915e-05
2.29615 	0.0255983 	5.44982e-05 	7.07147e-05
2.29765 	0.0256014 	5.5055e-05 	7.10379e-05
2.29915 	0.0256045 	5.56119e-05 	7.13611e-05
2.30065 	0.0256076 	5.61687e-05 	7.16844e-05
2.30215 	0.0256107 	5.67256e-05 	7.20076e-05
2.30365 	0.0256136 	5.71692e-05 	7.23093e-05
2.30515 	0.0256163 	5.74471e-05 	7.25794e-05
2.30665 	0.025619 	5.77251e-05 	7.28496e-05
2.30815 	0.0256217 	5.8003e-05 	7.31198e-05
2.30965 	0.0256244 	5.8281e-05 	7.339e-05
2.31116 	0.0256271 	5.85589e-05 	7.36601e-05
2.31266 	0.0256297 	5.88369e-05 	7.39303e-05
2.31416 	0.0256324 	5.91148e-05 	7.42005e-05
2.31566 	0.0256351 	5.93927e-05 	7.44707e-05
2.31716 	0.0256378 	5.96707e-05 	7.47408e-05
2.31866 	0.0256405 	5.99486e-05 	7.5011e-05
2.32016 	0.0256432 	6.02266e-05 	7.52812e-05
2.32166 	0.0256458 	6.05045e-05 	7.55514e-05
2.32316 	0.0256485 	6.07736e-05 	7.58204e-05
2.32466 	0.0256506 	6.03455e-05 	7.60007e-05
2.32616 	0.0256527 	5.99175e-05 	7.61809e-05
2.32766 	0.0256548 	5.94894e-05 	7.63612e-05
2.32916 	0.0256569 	5.90614e-05 	7.65415e-05
2.33067 	0.0256589 	5.86333e-05 	7.67217e-05
2.33217 	0.025661 	5.82053e-05 	7.6902e-05
2.33367 	0.0256631 	5.77772e-05 	7.70823e-05
2.33517 	0.0256652 	5.73492e-05 	7.72626e-05
2.33667 	0.0256673 	5.69211e-05 	7.74428e-05
2.33817 	0.0256694 	5.64931e-05 	7.76231e-05
2.33967 	0.0256716 	5.66712e-05 	7.78293e-05
2.34117 	0.0256739 	5.7487e-05 	7.80629e-05
2.34267 	0.0256763 	5.83028e-05 	7.82965e-05
2.34417 	0.0256787 	5.91186e-05 	7.85301e-05
2.34567 	0.025681 	5.99344e-05 	7.87636e-05
2.34717 	0.0256834 	6.07502e-05 	7.89972e-05
2.34867 	0.0256858 	6.1566e-05 	7.92308e-05
2.35018 	0.0256881 	6.23818e-05 	7.94644e-05
2.35168 	0.0256905 	6.31976e-05 	7.96979e-05
2.35318 	0.0256929 	6.40134e-05 	7.99315e-05
2.35468 	0.0256952 	6.48292e-05 	8.01651e-05
2.35618 	0.0256968 	6.50519e-05 	8.03411e-05
2.35768 	0.0256982 	6.52452e-05 	8.05142e-05
2.35918 	0.0256997 	6.54384e-05 	8.06873e-05
2.36068 	0.0257012 	6.56316e-05 	8.08604e-05
2.36218 	0.0257027 	6.58249e-05 	8.10335e-05
2.36368 	0.0257042 	6.60181e-05 	8.12067e-05
2.36518 	0.0257057 	6.62113e-05 	8.13798e-05
2.36668 	0.0257072 	6.64046e-05 	8.15529e-05
2.36818 	0.0257087 	6.65978e-05 	8.1726e-05
2.36968 	0.0257102 	6.6791e-05 	8.18991e-05
2.37119 	0.0257117 	6.69843e-05 	8.20722e-05
2.37269 	0.0257126 	6.6719e-05 	8.21952e-05
2.37419 	0.0257132 	6.62015e-05 	8.22905e-05
2.37569 	0.0257138 	6.5684e-05 	8.23858e-05
2.37719 	0.0257144 	6.51665e-05 	8.24811e-05
2.37869 	0.0257149 	6.4649e-05 	8.25765e-05
2.38019 	0.0257155 	6.41315e-05 	8.26718e-05
2.38169 	0.0257161 	6.3614e-05 	8.27671e-05
2.38319 	0.0257167 	6.30965e-05 	8.28624e-05
2.38469 	0.0257173 	6.2579e-05 	8.29578e-05
2.38619 	0.0257179 	6.20615e-05 	8.30531e-05
2.38769 	0.0257185 	6.1544e-05 	8.31484e-05
2.38919 	0.0257192 	6.20832e-05 	8.32777e-05
2.3907 	0.0257201 	6.27989e-05 	8.34127e-05
2.3922 	0.0257209 	6.35146e-05 	8.35477e-05
2.3937 	0.0257217 	6.42303e-05 	8.36827e-05
2.3952 	0.0257225 	6.4946e-05 	8.38177e-05
2.3967 	0.0257234 	6.56617e-05 	8.39527e-05
2.3982 	0.0257242 	6.63774e-05 	8.40877e-05
2.3997 	0.025725 	6.70931e-05 	8.42227e-05
2.4012 	0.0257258 	6.78088e-05 	8.43577e-05
2.4027 	0.0257266 	6.85244e-05 	8.44927e-05
2.4042 	0.0257274 	6.91805e-05 	8.46341e-05
2.4057 	0.0257279 	6.93489e-05 	8.4828e-05
2.4072 	0.0257285 	6.95172e-05 	8.50218e-05
2.4087 	0.025729 	6.96856e-05 	8.52156e-05
2.41021 	0.0257295 	6.9854e-05 	8.54095e-05
2.41171 	0.02573 	7.00224e-05 	8.56033e-05
2.41321 	0.0257305 	7.01908e-05 	8.57971e-05
2.41471 	0.025731 	7.03592e-05 	8.59909e-05
2.41621 	0.0257315 	7.05276e-05 	8.61848e-05
2.41771 	0.025732 	7.0696e-05 	8.63786e-05
2.41921 	0.0257324 	7.04369e-05 	8.6636e-05
2.42071 	0.0257328 	6.99887e-05 	8.69215e-05
2.42221 	0.0257332 	6.95405e-05 	8.7207e-05
2.42371 	0.0257336 	6.90923e-05 	8.74926e-05
2.42521 	0.025734 	6.86441e-05 	8.77781e-05
2.42671 	0.0257343 	6.81959e-05 	8.80636e-05
2.42821 	0.0257347 	6.77477e-05 	8.83491e-05
2.42971 	0.0257351 	6.72995e-05 	8.86346e-05
2.43122 	0.0257355 	6.68513e-05 	8.89201e-05
2.43272 	0.0257359 	6.64031e-05 	8.92057e-05
2.43422 	0.0257362 	6.59549e-05 	8.94912e-05
2.43572 	0.0257364 	6.63962e-05 	8.97839e-05
2.43722 	0.0257366 	6.7145e-05 	9.0079e-05
2.43872 	0.0257367 	6.78937e-05 	9.03742e-05
2.44022 	0.0257368 	6.86425e-05 	9.06693e-05
2.44172 	0.025737 	6.93913e-05 	9.09645e-05
2.44322 	0.0257371 	7.014e-05 	9.12596e-05
2.44472 	0.0257372 	7.08888e-05 	9.15548e-05
2.44622 	0.0257374 	7.16376e-05 	9.18499e-05
2.44772 	0.0257375 	7.23863e-05 	9.21451e-05
2.44922 	0.0257376 	7.31351e-05 	9.24402e-05
2.45073 	0.0257378 	7.38839e-05 	9.27354e-05
2.45223 	0.0257374 	7.41517e-05 	9.3084e-05
2.45373 	0.0257369 	7.43562e-05 	9.34397e-05
2.45523 	0.0257364 	7.45606e-05 	9.37954e-05
2.45673 	0.0257359 	7.47651e-05 	9.4151e-05
2.45823 	0.0257354 	7.49696e-05 	9.45067e-05
2.45973 	0.0257349 	7.51741e-05 	9.48624e-05
2.46123 	0.0257344 	7.53786e-05 	9.5218e-05
2.46273 	0.0257338 	7.54751e-05 	9.55867e-05
2.46423 	0.0257326 	7.50363e-05 	9.60195e-05
2.46573 	0.0257314 	7.45975e-05 	9.64524e-05
2.46723 	0.0257302 	7.41588e-05 	9.68852e-05
2.46873 	0.025729 	7.372e-05 	9.73181e-05
2.47024 	0.0257278 	7.32812e-05 	9.7751e-05
2.47174 	0.0257266 	7.28424e-05 	9.81838e-05
2.47324 	0.0257254 	7.24036e-05 	9.86167e-05
2.47474 	0.0257242 	7.19648e-05 	9.90496e-05
2.47624 	0.025723 	7.1526e-05 	9.94824e-05
2.47774 	0.0257218 	7.10872e-05 	9.99153e-05
2.47924 	0.0257205 	7.08241e-05 	0.000100354
2.48074 	0.025719 	7.15575e-05 	0.000100824
2.48224 	0.0257174 	7.22909e-05 	0.000101295
2.48374 	0.0257158 	7.30244e-05 	0.000101766
2.48524 	0.0257142 	7.37578e-05 	0.000102237
2.48674 	0.0257127 	7.44912e-05 	0.000102707
2.48824 	0.0257111 	7.52247e-05 	0.000103178
2.48974 	0.0257095 	7.59581e-05 	0.000103649
2.49125 	0.0257079 	7.66915e-05 	0.000104119
2.49275 	0.0257064 	7.7425e-05 	0.00010459
2.49425 	0.0257048 	7.81584e-05 	0.000105061
2.49575 	0.0257033 	7.86638e-05 	0.000105495
2.49725 	0.0257019 	7.85565e-05 	0.000105833
2.49875 	0.0257006 	7.84492e-05 	0.00010617
2.50025 	0.0256992 	7.83419e-05 	0.000106508
2.50175 	0.0256979 	7.82346e-05 	0.000106846
2.50325 	0.0256966 	7.81273e-05 	0.000107183
2.50475 	0.0256952 	7.7955e-05 	0.000107511
2.50625 	0.0256941 	7.69174e-05 	0.000107711
2.50775 	0.025693 	7.58798e-05 	0.000107911
2.50925 	0.0256918 	7.48422e-05 	0.000108111
2.51076 	0.0256907 	7.38046e-05 	0.000108311
2.51226 	0.0256895 	7.2767e-05 	0.000108511
2.51376 	0.0256884 	7.17294e-05 	0.000108711
2.51526 	0.0256872 	7.06918e-05 	0.00010891
2.51676 	0.0256861 	6.96542e-05 	0.00010911
2.51826 	0.025685 	6.86166e-05 	0.00010931
2.51976 	0.0256838 	6.75789e-05 	0.00010951
2.52126 	0.0256827 	6.65385e-05 	0.000109711
2.52276 	0.0256815 	6.54603e-05 	0.000109931
2.52426 	0.0256803 	6.4382e-05 	0.000110151
2.52576 	0.0256791 	6.33038e-05 	0.000110371
2.52726 	0.0256779 	6.22255e-05 	0.000110591
2.52876 	0.0256766 	6.11473e-05 	0.000110811
2.53027 	0.0256754 	6.00691e-05 	0.000111031
2.53177 	0.0256742 	5.89908e-05 	0.000111251
2.53327 	0.025673 	5.79126e-05 	0.000111471
2.53477 	0.0256718 	5.68343e-05 	0.000111691
2.53627 	0.0256706 	5.57561e-05 	0.000111911
2.53777 	0.025669 	5.49234e-05 	0.000112147
2.53927 	0.0256664 	5.48085e-05 	0.000112429
2.54077 	0.0256637 	5.46935e-05 	0.000112711
2.54227 	0.025661 	5.45786e-05 	0.000112993
2.54377 	0.0256583 	5.44637e-05 	0.000113275
2.54527 	0.025655 	5.47129e-05 	0.000113577
2.54677 	0.0256507 	5.55301e-05 	0.00011391
2.54827 	0.0256464 	5.63472e-05 	0.000114242
2.54977 	0.0256422 	5.71644e-05 	0.000114575
2.55128 	0.0256379 	5.79816e-05 	0.000114907
2.55278 	0.0256336 	5.87987e-05 	0.00011524
2.55428 	0.0256293 	5.96159e-05 	0.000115572
2.55578 	0.0256251 	6.04331e-05 	0.000115905
2.55728 	0.0256208 	6.12502e-05 	0.000116238
2.55878 	0.0256165 	6.20674e-05 	0.00011657
2.56028 	0.0256122 	6.28846e-05 	0.000116903
2.56178 	0.025608 	6.31378e-05 	0.000117242
2.56328 	0.0256039 	6.27923e-05 	0.00011759
2.56478 	0.0255998 	6.24468e-05 	0.000117937
2.56628 	0.0255958 	6.21013e-05 	0.000118284
2.56778 	0.0255917 	6.17557e-05 	0.000118631
2.56928 	0.0255876 	6.14102e-05 	0.000118978
2.57079 	0.0255835 	6.10647e-05 	0.000119326
2.57229 	0.0255794 	6.07192e-05 	0.000119673
2.57379 	0.0255753 	6.03737e-05 	0.00012002
2.57529 	0.0255712 	6.00282e-05 	0.000120367
2.57679 	0.0255671 	5.96826e-05 	0.000120715
2.57829 	0.025562 	5.98373e-05 	0.000121027
2.57979 	0.0255567 	6.0111e-05 	0.000121331
2.58129 	0.0255514 	6.03847e-05 	0.000121635
2.58279 	0.0255459 	6.07218e-05 	0.000121934
2.58429 	0.0255393 	6.15539e-05 	0.000122187
2.58579 	0.0255326 	6.2386e-05 	0.00012244
2.58729 	0.025526 	6.3218e-05 	0.000122694
2.58879 	0.0255193 	6.40501e-05 	0.000122947
2.5903 	0.0255127 	6.48821e-05 	0.0001232
2.5918 	0.025506 	6.57142e-05 	0.000123454
2.5933 	0.0254994 	6.65463e-05 	0.000123707
2.5948 	0.0254927 	6.73783e-05 	0.00012396
2.5963 	0.0254861 	6.82104e-05 	0.000124214
2.5978 	0.0254794 	6.90424e-05 	0.000124467
2.5993 	0.0254728 	6.94515e-05 	0.000124726
2.6008 	0.0254663 	6.91418e-05 	0.000124995
2.6023 	0.0254597 	6.8832e-05 	0.000125264
2.6038 	0.0254531 	6.85223e-05 	0.000125533
2.6053 	0.0254466 	6.82126e-05 	0.000125802
2.6068 	0.02544 	6.79029e-05 	0.00012607
2.6083 	0.0254334 	6.75931e-05 	0.000126339
2.6098 	0.0254269 	6.72834e-05 	0.000126608
2.61131 	0.0254203 	6.69737e-05 	0.000126877
2.61281 	0.0254137 	6.6664e-05 	0.000127146
2.61431 	0.0254072 	6.63542e-05 	0.000127414
2.61581 	0.0254013 	6.65298e-05 	0.0001276
2.61731 	0.0253956 	6.67626e-05 	0.000127777
2.61881 	0.02539 	6.7102e-05 	0.000127934
2.62031 	0.025385 	6.78311e-05 	0.000128025
2.62181 	0.0253799 	6.85601e-05 	0.000128116
2.62331 	0.0253749 	6.92891e-05 	0.000128207
2.62481 	0.0253699 	7.00181e-05 	0.000128297
2.62631 	0.0253649 	7.07472e-05 	0.000128388
2.62781 	0.0253599 	7.14762e-05 	0.000128479
2.62931 	0.0253548 	7.22052e-05 	0.00012857
2.63082 	0.0253498 	7.29342e-05 	0.00012866
2.63232 	0.0253448 	7.36633e-05 	0.000128751
2.63382 	0.0253398 	7.43923e-05 	0.000128842
2.63532 	0.025335 	7.43244e-05 	0.000128931
2.63682 	0.0253303 	7.39027e-05 	0.000129019
2.63832 	0.0253256 	7.3481e-05 	0.000129108
2.63982 	0.0253209 	7.30594e-05 	0.000129196
2.64132 	0.0253162 	7.26377e-05 	0.000129285
2.64282 	0.0253115 	7.2216e-05 	0.000129373
2.64432 	0.0253068 	7.17943e-05 	0.000129462
2.64582 	0.0253021 	7.13727e-05 	0.00012955
2.64732 	0.0252974 	7.0951e-05 	0.000129639
2.64882 	0.0252927 	7.05293e-05 	0.000129727
2.65033 	0.0252863 	7.04268e-05 	0.000129797
2.65183 	0.025278 	7.06824e-05 	0.000129847
2.65333 	0.0252672 	7.13559e-05 	0.000129872
2.65483 	0.0252552 	7.2242e-05 	0.000129886
2.65633 	0.0252431 	7.3128e-05 	0.000129899
2.65783 	0.0252311 	7.4014e-05 	0.000129912
2.65933 	0.0252191 	7.49001e-05 	0.000129925
2.66083 	0.025207 	7.57861e-05 	0.000129938
2.66233 	0.025195 	7.66721e-05 	0.000129952
2.66383 	0.0251829 	7.75582e-05 	0.000129965
2.66533 	0.0251709 	7.84442e-05 	0.000129978
2.66683 	0.0251588 	7.93302e-05 	0.000129991
2.66833 	0.0251468 	7.97496e-05 	0.000130001
2.66983 	0.0251348 	7.95015e-05 	0.000130005
2.67134 	0.0251228 	7.92535e-05 	0.00013001
2.67284 	0.0251107 	7.90055e-05 	0.000130014
2.67434 	0.0250987 	7.87574e-05 	0.000130019
2.67584 	0.0250867 	7.85094e-05 	0.000130023
2.67734 	0.0250747 	7.82614e-05 	0.000130028
2.67884 	0.0250627 	7.80133e-05 	0.000130032
2.68034 	0.0250507 	7.77653e-05 	0.000130037
2.68184 	0.0250386 	7.75173e-05 	0.000130041
2.68334 	0.0250257 	7.75657e-05 	0.000129994
2.68484 	0.0250108 	7.81443e-05 	0.000129844
2.68634 	0.0249949 	7.90261e-05 	0.000129626
2.68784 	0.0249789 	7.9908e-05 	0.000129409
2.68934 	0.0249629 	8.07899e-05 	0.000129191
2.69085 	0.024947 	8.16718e-05 	0.000128973
2.69235 	0.024931 	8.25537e-05 	0.000128756
2.69385 	0.0249151 	8.34356e-05 	0.000128538
2.69535 	0.0248991 	8.43175e-05 	0.00012832
2.69685 	0.0248831 	8.51994e-05 	0.000128102
2.69835 	0.0248672 	8.60813e-05 	0.000127885
2.69985 	0.0248511 	8.6436e-05 	0.000127662
2.70135 	0.0248348 	8.62253e-05 	0.000127434
2.70285 	0.0248186 	8.60147e-05 	0.000127205
2.70435 	0.0248023 	8.5804e-05 	0.000126977
2.70585 	0.0247861 	8.55933e-05 	0.000126749
2.70735 	0.0247698 	8.53827e-05 	0.000126521
2.70885 	0.0247536 	8.5172e-05 	0.000126293
2.71036 	0.0247373 	8.49613e-05 	0.000126064
2.71186 	0.0247211 	8.47507e-05 	0.000125836
2.71336 	0.0247048 	8.454e-05 	0.000125608
2.71486 	0.0246924 	8.4969e-05 	0.000125396
2.71636 	0.0246819 	8.56864e-05 	0.000125187
2.71786 	0.0246714 	8.64038e-05 	0.000124978
2.71936 	0.0246609 	8.71212e-05 	0.000124769
2.72086 	0.0246504 	8.78385e-05 	0.00012456
2.72236 	0.0246398 	8.85559e-05 	0.000124351
2.72386 	0.0246293 	8.92733e-05 	0.000124142
2.72536 	0.0246188 	8.99907e-05 	0.000123933
2.72686 	0.0246083 	9.07081e-05 	0.000123723
2.72836 	0.0245978 	9.14254e-05 	0.000123514
2.72986 	0.0245874 	9.12163e-05 	0.000123312
2.73137 	0.024577 	9.08522e-05 	0.000123111
2.73287 	0.0245667 	9.04881e-05 	0.000122911
2.73437 	0.0245563 	9.01241e-05 	0.00012271
2.73587 	0.0245459 	8.976e-05 	0.000122509
2.73737 	0.0245356 	8.93959e-05 	0.000122308
2.73887 	0.0245252 	8.90319e-05 	0.000122107
2.74037 	0.0245148 	8.86678e-05 	0.000121906
2.74187 	0.0245045 	8.83037e-05 	0.000121706
2.74337 	0.0244858 	8.85969e-05 	0.00012135
2.74487 	0.0244631 	8.92054e-05 	0.000120919
2.74637 	0.0244403 	8.98139e-05 	0.000120488
2.74787 	0.0244176 	9.04224e-05 	0.000120057
2.74937 	0.0243949 	9.10309e-05 	0.000119626
2.75088 	0.0243721 	9.16394e-05 	0.000119196
2.75238 	0.0243494 	9.22478e-05 	0.000118765
2.75388 	0.0243267 	9.28563e-05 	0.000118334
2.75538 	0.0243039 	9.34648e-05 	0.000117903
2.75688 	0.0242805 	9.37983e-05 	0.000117468
2.75838 	0.0242565 	9.38364e-05 	0.000117028
2.75988 	0.0242324 	9.38744e-05 	0.000116588
2.76138 	0.0242084 	9.39125e-05 	0.000116148
2.76288 	0.0241843 	9.39505e-05 	0.000115708
2.76438 	0.0241602 	9.39886e-05 	0.000115269
2.76588 	0.0241362 	9.40266e-05 	0.000114829
2.76738 	0.0241121 	9.40646e-05 	0.000114389
2.76888 	0.0240887 	9.41225e-05 	0.000113962
2.77039 	0.0240728 	9.43023e-05 	0.00011369
2.77189 	0.0240587 	9.44808e-05 	0.000113457
2.77339 	0.0240447 	9.46593e-05 	0.000113225
2.77489 	0.0240306 	9.48379e-05 	0.000112992
2.77639 	0.0240165 	9.50164e-05 	0.00011276
2.77789 	0.0240025 	9.51949e-05 	0.000112528
2.77939 	0.0239884 	9.53734e-05 	0.000112295
2.78089 	0.0239743 	9.5552e-05 	0.000112063
2.78239 	0.0239598 	9.57189e-05 	0.000111829
2.78389 	0.0239443 	9.58594e-05 	0.000111591
2.78539 	0.0239287 	9.59999e-05 	0.000111353
2.78689 	0.0239132 	9.61404e-05 	0.000111116
2.78839 	0.0238977 	9.62809e-05 	0.000110878
2.78989 	0.0238821 	9.64214e-05 	0.00011064
2.7914 	0.0238666 	9.65618e-05 	0.000110403
2.7929 	0.0238511 	9.67023e-05 	0.000110165
2.7944 	0.0238301 	9.68298e-05 	0.000109853
2.7959 	0.0238 	9.70554e-05 	0.000109411
2.7974 	0.0237688 	9.72973e-05 	0.000108953
2.7989 	0.0237377 	9.75392e-05 	0.000108495
2.8004 	0.0237066 	9.77812e-05 	0.000108038
2.8019 	0.0236754 	9.80231e-05 	0.00010758
2.8034 	0.0236443 	9.8265e-05 	0.000107122
2.8049 	0.0236132 	9.85069e-05 	0.000106664
2.8064 	0.0235813 	9.87409e-05 	0.000106198
2.8079 	0.0235474 	9.89531e-05 	0.000105706
2.8094 	0.0235135 	9.91653e-05 	0.000105214
2.81091 	0.0234797 	9.93775e-05 	0.000104722
2.81241 	0.0234458 	9.95896e-05 	0.000104231
2.81391 	0.0234119 	9.98018e-05 	0.000103739
2.81541 	0.023378 	0.000100014 	0.000103247
2.81691 	0.0233467 	0.000100181 	0.000102818
2.81841 	0.023322 	0.000100266 	0.000102547
2.81991 	0.0233029 	0.000100365 	0.000102387
2.82141 	0.0232839 	0.000100464 	0.000102226
2.82291 	0.0232648 	0.000100563 	0.000102066
2.82441 	0.0232457 	0.000100662 	0.000101906
2.82591 	0.0232266 	0.000100762 	0.000101746
2.82741 	0.0232076 	0.000100861 	0.000101586
2.82891 	0.0231879 	0.000100949 	0.000101417
2.83042 	0.0231668 	0.000101012 	0.000101229
2.83192 	0.0231458 	0.000101076 	0.000101041
2.83342 	0.0231248 	0.00010114 	0.000100853
2.83492 	0.0231038 	0.000101203 	0.000100664
2.83642 	0.0230827 	0.000101267 	0.000100476
2.83792 	0.0230617 	0.000101331 	0.000100288
2.83942 	0.0230306 	0.000101297 	0.000100158
2.84092 	0.0229923 	0.000101308 	0.000100041
2.84242 	0.0229508 	0.000101339 	9.99283e-05
2.84392 	0.0229094 	0.000101371 	9.98158e-05
2.84542 	0.0228679 	0.000101402 	9.97033e-05
2.84692 	0.0228264 	0.000101433 	9.95909e-05
2.84842 	0.0227849 	0.000101465 	9.94784e-05
2.84992 	0.022742 	0.000101481 	9.93626e-05
2.85143 	0.0226968 	0.000101474 	9.92414e-05
2.85293 	0.0226516 	0.000101468 	9.91202e-05
2.85443 	0.0226064 	0.000101461 	9.8999e-05
2.85593 	0.0225611 	0.000101454 	9.88778e-05
2.85743 	0.0225159 	0.000101447 	9.87567e-05
2.85893 	0.0224775 	0.000101365 	9.8656e-05
2.86043 	0.0224446 	0.000101252 	9.85702e-05
2.86193 	0.0224198 	0.000101188 	9.85e-05
2.86343 	0.022395 	0.000101125 	9.84297e-05
2.86493 	0.0223701 	0.000101061 	9.83594e-05
2.86643 	0.0223453 	0.000100997 	9.82892e-05
2.86793 	0.0223205 	0.000100934 	9.82189e-05
2.86943 	0.0222946 	0.00010085 	9.81513e-05
2.87094 	0.0222672 	0.00010074 	9.80871e-05
2.87244 	0.0222398 	0.00010063 	9.80229e-05
2.87394 	0.0222124 	0.000100521 	9.79586e-05
2.87544 	0.022185 	0.000100411 	9.78944e-05
2.87694 	0.022155 	0.000100262 	9.78077e-05
2.87844 	0.0221143 	9.99552e-05 	9.76303e-05
2.87994 	0.0220649 	9.96305e-05 	9.74002e-05
2.88144 	0.0220103 	9.92951e-05 	9.71387e-05
2.88294 	0.0219557 	9.89597e-05 	9.68773e-05
2.88444 	0.021901 	9.86243e-05 	9.66158e-05
2.88594 	0.0218464 	9.8289e-05 	9.63544e-05
2.88744 	0.0217898 	9.79239e-05 	9.60768e-05
2.88894 	0.0217302 	9.75144e-05 	9.5775e-05
2.89045 	0.0216706 	9.7105e-05 	9.54733e-05
2.89195 	0.0216109 	9.66955e-05 	9.51716e-05
2.89345 	0.0215513 	9.62861e-05 	9.48699e-05
2.89495 	0.0215003 	9.58694e-05 	9.46184e-05
2.89645 	0.0214543 	9.54486e-05 	9.43965e-05
2.89795 	0.0214206 	9.51792e-05 	9.4266e-05
2.89945 	0.0213871 	9.49118e-05 	9.41366e-05
2.90095 	0.0213537 	9.46444e-05 	9.40073e-05
2.90245 	0.0213202 	9.43769e-05 	9.38779e-05
2.90395 	0.0212859 	9.40935e-05 	9.37357e-05
2.90545 	0.0212489 	9.37556e-05 	9.35499e-05
2.90695 	0.0212119 	9.34178e-05 	9.33641e-05
2.90845 	0.0211749 	9.30799e-05 	9.31782e-05
2.90995 	0.0211379 	9.2742e-05 	9.29924e-05
2.91146 	0.0210836 	9.21523e-05 	9.28788e-05
2.91296 	0.0210228 	9.15016e-05 	9.27865e-05
2.91446 	0.0209455 	9.0744e-05 	9.27401e-05
2.91596 	0.0208683 	8.99865e-05 	9.26938e-05
2.91746 	0.020791 	8.9229e-05 	9.26475e-05
2.91896 	0.0207138 	8.84714e-05 	9.26012e-05
2.92046 	0.02063 	8.76218e-05 	9.2535e-05
2.92196 	0.0205453 	8.67577e-05 	9.24656e-05
2.92346 	0.0204605 	8.58936e-05 	9.23962e-05
2.92496 	0.0203758 	8.50294e-05 	9.23269e-05
2.92646 	0.0203077 	8.42552e-05 	9.23463e-05
2.92796 	0.0202451 	8.35436e-05 	9.23915e-05
2.92946 	0.0201958 	8.3031e-05 	9.24973e-05
2.93097 	0.0201466 	8.25184e-05 	9.26032e-05
2.93247 	0.0200973 	8.20058e-05 	9.2709e-05
2.93397 	0.0200465 	8.14701e-05 	9.28219e-05
2.93547 	0.0199914 	8.08682e-05 	9.29546e-05
2.93697 	0.0199362 	8.02664e-05 	9.30874e-05
2.93847 	0.0198811 	7.96645e-05 	9.32201e-05
2.93997 	0.0198241 	7.90116e-05 	9.33518e-05
2.94147 	0.0197661 	7.83311e-05 	9.3483e-05
2.94297 	0.019706 	7.76987e-05 	9.36108e-05
2.94447 	0.0196459 	7.7068e-05 	9.37385e-05
2.94597 	0.0195857 	7.64373e-05 	9.38662e-05
2.94747 	0.0195236 	7.57783e-05 	9.40103e-05
2.94897 	0.0194581 	7.50703e-05 	9.41825e-05
2.95048 	0.0193926 	7.43623e-05 	9.43548e-05
2.95198 	0.019324 	7.36181e-05 	9.45225e-05
2.95348 	0.0192164 	7.24278e-05 	9.46326e-05
2.95498 	0.0190904 	7.11011e-05 	9.47086e-05
2.95648 	0.0189388 	6.95846e-05 	9.4737e-05
2.95798 	0.0187872 	6.80682e-05 	9.47655e-05
2.95948 	0.0186336 	6.65292e-05 	9.47974e-05
2.96098 	0.0184677 	6.48483e-05 	9.48515e-05
2.96248 	0.0183018 	6.31674e-05 	9.49056e-05
2.96398 	0.0181403 	6.15275e-05 	9.49386e-05
2.96548 	0.0180062 	6.01487e-05 	9.48381e-05
2.96698 	0.017887 	5.90016e-05 	9.46488e-05
2.96848 	0.0177817 	5.80696e-05 	9.4377e-05
2.96998 	0.0176764 	5.71376e-05 	9.41053e-05
2.97149 	0.0175647 	5.61346e-05 	9.38254e-05
2.97299 	0.0174472 	5.50678e-05 	9.35381e-05
2.97449 	0.0173297 	5.4001e-05 	9.32509e-05
2.97599 	0.0172041 	5.28805e-05 	9.28292e-05
2.97749 	0.0170745 	5.17578e-05 	9.23401e-05
2.97899 	0.0169379 	5.06776e-05 	9.17404e-05
2.98049 	0.0168013 	4.95974e-05 	9.11407e-05
2.98199 	0.0166588 	4.84612e-05 	9.05277e-05
2.98349 	0.0165104 	4.72676e-05 	8.99012e-05
2.98499 	0.0163619 	4.6074e-05 	8.92747e-05
2.98649 	0.0161962 	4.48084e-05 	8.83982e-05
2.98799 	0.0160233 	4.35638e-05 	8.74382e-05
2.98949 	0.0158429 	4.23415e-05 	8.63912e-05
2.991 	0.0156625 	4.11193e-05 	8.53442e-05
2.9925 	0.0154712 	3.98145e-05 	8.42784e-05
2.994 	0.0152798 	3.85096e-05 	8.32126e-05
2.9955 	0.0133389 	3.31248e-05 	7.26416e-05
2.997 	0.0100598 	2.46863e-05 	5.47896e-05
2.9985 	0.00502991 	1.23432e-05 	2.73948e-05
3 	0 	0 	0
