0.00150075 	6.08946e-06 	1.0346e-07 	-5.81915e-07
0.0030015 	6.96931e-05 	1.18409e-06 	-6.65994e-06
0.00450225 	0.000134497 	2.36923e-06 	-1.27844e-05
0.006003 	0.000232588 	6.45218e-06 	-2.01967e-05
0.00750375 	0.000335851 	1.0803e-05 	-2.77185e-05
0.0090045 	0.000470449 	1.67769e-05 	-3.59038e-05
0.0105053 	0.000603942 	2.25765e-05 	-4.3945e-05
0.012006 	0.00072662 	2.66712e-05 	-5.05753e-05
0.0135068 	0.000849297 	3.07659e-05 	-5.72056e-05
0.0150075 	0.000976096 	3.81858e-05 	-6.3307e-05
0.0165083 	0.00110334 	4.59658e-05 	-6.9351e-05
0.018009 	0.00123656 	5.4771e-05 	-7.50474e-05
0.0195098 	0.00137161 	6.38896e-05 	-8.06375e-05
0.0210105 	0.00150037 	6.99442e-05 	-8.55067e-05
0.0225113 	0.00162476 	7.38708e-05 	-8.98752e-05
0.024012 	0.00175019 	7.91728e-05 	-9.42398e-05
0.0255128 	0.00187847 	8.8233e-05 	-9.85942e-05
0.0270135 	0.00200675 	9.72933e-05 	-0.000102949
0.0285143 	0.00214523 	0.000107815 	-0.000107669
0.030015 	0.00228546 	0.000118585 	-0.000112452
0.0315158 	0.00241526 	0.000126059 	-0.000116665
0.0330165 	0.00253653 	0.000130834 	-0.000120412
0.0345173 	0.00265769 	0.00013605 	-0.000124147
0.036018 	0.00277777 	0.000145458 	-0.000127768
0.0375188 	0.00289785 	0.000154867 	-0.000131389
0.0390195 	0.00301999 	0.000164737 	-0.000135092
0.0405203 	0.00314574 	0.000175407 	-0.000138938
0.042021 	0.00327148 	0.000186077 	-0.000142784
0.0435218 	0.00337506 	0.000191623 	-0.000145634
0.0450225 	0.00347703 	0.000196797 	-0.000148413
0.0465233 	0.00357879 	0.00020328 	-0.000151162
0.048024 	0.00368017 	0.000212252 	-0.000153857
0.0495248 	0.00378154 	0.000221223 	-0.000156552
0.0510255 	0.00388287 	0.000230582 	-0.000159264
0.0525263 	0.00398407 	0.000241072 	-0.000162025
0.054027 	0.00408527 	0.000251562 	-0.000164786
0.0555278 	0.00417428 	0.000257963 	-0.000166883
0.0570285 	0.00425792 	0.000262569 	-0.000168689
0.0585293 	0.00434157 	0.000267174 	-0.000170495
0.06003 	0.00442342 	0.000275301 	-0.000172242
0.0615308 	0.00450522 	0.000283511 	-0.000173988
0.0630315 	0.00458702 	0.000291721 	-0.000175734
0.0645323 	0.00466777 	0.000300766 	-0.00017749
0.066033 	0.00474737 	0.000310727 	-0.000179257
0.0675338 	0.00482697 	0.000320688 	-0.000181024
0.0690345 	0.00489671 	0.000325914 	-0.000182133
0.0705353 	0.00496386 	0.000329902 	-0.00018307
0.072036 	0.00503102 	0.00033389 	-0.000184007
0.0735368 	0.0050899 	0.000340259 	-0.000184867
0.0750375 	0.00514836 	0.000346754 	-0.000185723
0.0765383 	0.00520681 	0.000353249 	-0.00018658
0.078039 	0.00526526 	0.000359745 	-0.000187436
0.0795398 	0.00532106 	0.000368107 	-0.000188247
0.0810405 	0.00537681 	0.000376504 	-0.000189058
0.0825413 	0.00543332 	0.000384162 	-0.000189762
0.084042 	0.00549325 	0.000388442 	-0.000189981
0.0855428 	0.00555318 	0.000392723 	-0.000190199
0.0870435 	0.00561023 	0.000397338 	-0.00019042
0.0885443 	0.00565696 	0.00040315 	-0.000190646
0.090045 	0.0057037 	0.000408963 	-0.000190873
0.0915458 	0.00575043 	0.000414775 	-0.000191099
0.0930465 	0.00579717 	0.000420587 	-0.000191325
0.0945473 	0.00583781 	0.000427203 	-0.00019148
0.096048 	0.00587605 	0.000434135 	-0.000191605
0.0975488 	0.0059143 	0.000441066 	-0.000191731
0.0990495 	0.00596567 	0.000446052 	-0.000191461
0.10055 	0.0060202 	0.00045057 	-0.000191095
0.102051 	0.00607472 	0.000455089 	-0.00019073
0.103552 	0.00612145 	0.000460671 	-0.000190542
0.105053 	0.0061654 	0.000466629 	-0.000190418
0.106553 	0.00620936 	0.000472588 	-0.000190293
0.108054 	0.00625331 	0.000478547 	-0.000190169
0.109555 	0.00629727 	0.000484506 	-0.000190045
0.111056 	0.00633325 	0.000490708 	-0.000189932
0.112556 	0.00636455 	0.000497052 	-0.000189825
0.114057 	0.00639586 	0.000503397 	-0.000189719
0.115558 	0.00643589 	0.000508269 	-0.000189279
0.117059 	0.00648122 	0.000512248 	-0.000188636
0.118559 	0.00652654 	0.000516227 	-0.000187993
0.12006 	0.00656788 	0.000520823 	-0.000187504
0.121561 	0.00660456 	0.00052614 	-0.000187193
0.123062 	0.00664125 	0.000531457 	-0.000186882
0.124562 	0.00667793 	0.000536774 	-0.000186572
0.126063 	0.00671462 	0.000542091 	-0.000186261
0.127564 	0.0067513 	0.000547408 	-0.000185951
0.129065 	0.00678104 	0.000553016 	-0.000185734
0.130565 	0.00680724 	0.000558771 	-0.000185566
0.132066 	0.00683345 	0.000564527 	-0.000185398
0.133567 	0.00686677 	0.000568996 	-0.000184936
0.135068 	0.00690534 	0.000572517 	-0.00018426
0.136568 	0.0069439 	0.000576038 	-0.000183583
0.138069 	0.0069788 	0.000579811 	-0.000183022
0.13957 	0.0070066 	0.000584073 	-0.000182687
0.141071 	0.00703439 	0.000588334 	-0.000182351
0.142571 	0.00706219 	0.000592596 	-0.000182016
0.144072 	0.00708998 	0.000596858 	-0.00018168
0.145573 	0.00711778 	0.00060112 	-0.000181345
0.147074 	0.00714558 	0.000605382 	-0.000181009
0.148574 	0.00716396 	0.000609606 	-0.000180863
0.150075 	0.00717932 	0.000613818 	-0.000180777
0.151576 	0.00719468 	0.000618031 	-0.000180692
0.153077 	0.00720931 	0.000619944 	-0.00018044
0.154577 	0.00722349 	0.000620398 	-0.000180084
0.156078 	0.00723767 	0.000620852 	-0.000179727
0.157579 	0.0072551 	0.0006224 	-0.00017935
0.15908 	0.00727925 	0.000626214 	-0.00017893
0.16058 	0.00730341 	0.000630028 	-0.00017851
0.162081 	0.00732756 	0.000633842 	-0.00017809
0.163582 	0.00735171 	0.000637655 	-0.00017767
0.165083 	0.00737587 	0.000641469 	-0.00017725
0.166583 	0.00740002 	0.000645283 	-0.00017683
0.168084 	0.00742417 	0.000649097 	-0.00017641
0.169585 	0.00745503 	0.000655082 	-0.000175978
0.171086 	0.00748707 	0.000661448 	-0.000175544
0.172586 	0.00751911 	0.000667814 	-0.00017511
0.174087 	0.00754187 	0.000670672 	-0.000174611
0.175588 	0.00756019 	0.000671842 	-0.00017408
0.177089 	0.0075785 	0.000673012 	-0.000173549
0.178589 	0.00759881 	0.000675127 	-0.000173001
0.18009 	0.00762256 	0.000678861 	-0.000172425
0.181591 	0.00764631 	0.000682596 	-0.000171848
0.183092 	0.00767006 	0.00068633 	-0.000171272
0.184592 	0.00769382 	0.000690065 	-0.000170695
0.186093 	0.00771757 	0.000693799 	-0.000170119
0.187594 	0.00774132 	0.000697534 	-0.000169542
0.189095 	0.00776507 	0.000701268 	-0.000168965
0.190595 	0.00778882 	0.000705003 	-0.000168389
0.192096 	0.00781591 	0.000710364 	-0.000167873
0.193597 	0.00784345 	0.000715943 	-0.000167366
0.195098 	0.00787099 	0.000721522 	-0.000166858
0.196598 	0.00789024 	0.000723794 	-0.000166234
0.198099 	0.0079061 	0.000724718 	-0.000165562
0.1996 	0.00792197 	0.000725642 	-0.000164891
0.201101 	0.00793984 	0.000727528 	-0.000164173
0.202601 	0.00796051 	0.000730754 	-0.000163392
0.204102 	0.00798117 	0.00073398 	-0.000162611
0.205603 	0.00800184 	0.000737206 	-0.00016183
0.207104 	0.00802251 	0.000740432 	-0.000161049
0.208604 	0.00804318 	0.000743658 	-0.000160268
0.210105 	0.00806385 	0.000746883 	-0.000159487
0.211606 	0.00808451 	0.000750109 	-0.000158706
0.213107 	0.00810518 	0.000753335 	-0.000157924
0.214607 	0.00812585 	0.000756561 	-0.000157143
0.216108 	0.00814937 	0.000761137 	-0.000156378
0.217609 	0.00817365 	0.000766077 	-0.000155617
0.21911 	0.00819794 	0.000771018 	-0.000154856
0.22061 	0.00821538 	0.000773184 	-0.000154095
0.222111 	0.0082293 	0.000773922 	-0.000153334
0.223612 	0.00824322 	0.000774661 	-0.000152574
0.225113 	0.00825908 	0.000776282 	-0.00015173
0.226613 	0.00827756 	0.000779091 	-0.000150775
0.228114 	0.00829603 	0.0007819 	-0.000149819
0.229615 	0.00831451 	0.000784709 	-0.000148864
0.231116 	0.00833299 	0.000787518 	-0.000147908
0.232616 	0.00835147 	0.000790327 	-0.000146953
0.234117 	0.00836994 	0.000793136 	-0.000145998
0.235618 	0.00838842 	0.000795945 	-0.000145042
0.237119 	0.0084069 	0.000798754 	-0.000144087
0.238619 	0.00842538 	0.000801563 	-0.000143131
0.24012 	0.00844385 	0.000804372 	-0.000142176
0.241621 	0.00846419 	0.000807997 	-0.000141161
0.243122 	0.00848637 	0.00081243 	-0.000140087
0.244622 	0.00850855 	0.000816864 	-0.000139014
0.246123 	0.00852629 	0.000819521 	-0.00013809
0.247624 	0.00853899 	0.000820166 	-0.000137335
0.249125 	0.00855169 	0.00082081 	-0.00013658
0.250625 	0.00856531 	0.000822022 	-0.00013579
0.252126 	0.00858072 	0.000824319 	-0.00013493
0.253627 	0.00859612 	0.000826615 	-0.000134071
0.255128 	0.00861153 	0.000828912 	-0.000133212
0.256628 	0.00862693 	0.000831208 	-0.000132352
0.258129 	0.00864234 	0.000833505 	-0.000131493
0.25963 	0.00865774 	0.000835802 	-0.000130634
0.261131 	0.00867314 	0.000838098 	-0.000129774
0.262631 	0.00868855 	0.000840395 	-0.000128915
0.264132 	0.00870395 	0.000842691 	-0.000128056
0.265633 	0.00871936 	0.000844988 	-0.000127196
0.267134 	0.00873476 	0.000847284 	-0.000126337
0.268634 	0.00875017 	0.000849581 	-0.000125478
0.270135 	0.00876918 	0.000853324 	-0.000124413
0.271636 	0.00878834 	0.000857124 	-0.00012334
0.273137 	0.00880706 	0.000860691 	-0.000122289
0.274637 	0.00882084 	0.000861558 	-0.000121501
0.276138 	0.00883462 	0.000862425 	-0.000120713
0.277639 	0.00884851 	0.000863443 	-0.00011993
0.27914 	0.00886319 	0.000865535 	-0.000119188
0.28064 	0.00887788 	0.000867626 	-0.000118445
0.282141 	0.00889256 	0.000869718 	-0.000117702
0.283642 	0.00890725 	0.00087181 	-0.00011696
0.285143 	0.00892193 	0.000873901 	-0.000116217
0.286643 	0.00893661 	0.000875993 	-0.000115474
0.288144 	0.0089513 	0.000878084 	-0.000114732
0.289645 	0.00896598 	0.000880176 	-0.000113989
0.291146 	0.00898067 	0.000882268 	-0.000113246
0.292646 	0.00899535 	0.000884359 	-0.000112503
0.294147 	0.00901003 	0.000886451 	-0.000111761
0.295648 	0.00902472 	0.000888542 	-0.000111018
0.297149 	0.0090394 	0.000890634 	-0.000110275
0.298649 	0.0090541 	0.000892819 	-0.000109529
0.30015 	0.00906891 	0.000895832 	-0.000108754
0.301651 	0.00908373 	0.000898845 	-0.000107978
0.303152 	0.0090994 	0.000901074 	-0.000107118
0.304652 	0.00911616 	0.000902304 	-0.000106152
0.306153 	0.00913291 	0.000903533 	-0.000105185
0.307654 	0.00914902 	0.000905359 	-0.000104447
0.309155 	0.00916486 	0.000907417 	-0.000103798
0.310655 	0.00918071 	0.000909475 	-0.000103148
0.312156 	0.00919655 	0.000911533 	-0.000102498
0.313657 	0.0092124 	0.000913591 	-0.000101849
0.315158 	0.00922824 	0.000915649 	-0.000101199
0.316658 	0.00924409 	0.000917706 	-0.000100549
0.318159 	0.00925993 	0.000919764 	-9.98998e-05
0.31966 	0.00927578 	0.000921822 	-9.92501e-05
0.321161 	0.00929162 	0.00092388 	-9.86005e-05
0.322661 	0.00930747 	0.000925938 	-9.79509e-05
0.324162 	0.00932331 	0.000927996 	-9.73013e-05
0.325663 	0.00933916 	0.000930054 	-9.66516e-05
0.327164 	0.009355 	0.000932112 	-9.6002e-05
0.328664 	0.00937085 	0.00093417 	-9.53524e-05
0.330165 	0.00938669 	0.000936227 	-9.47028e-05
0.331666 	0.00939974 	0.000938569 	-9.42643e-05
0.333167 	0.00941232 	0.000940957 	-9.38603e-05
0.334667 	0.00942764 	0.000942742 	-9.3214e-05
0.336168 	0.00944576 	0.000943916 	-9.23211e-05
0.337669 	0.00946364 	0.000945143 	-9.14701e-05
0.33917 	0.00947921 	0.000946909 	-9.10348e-05
0.34067 	0.00949478 	0.000948675 	-9.05996e-05
0.342171 	0.00951036 	0.00095044 	-9.01643e-05
0.343672 	0.00952593 	0.000952206 	-8.9729e-05
0.345173 	0.0095415 	0.000953972 	-8.92937e-05
0.346673 	0.00955707 	0.000955737 	-8.88584e-05
0.348174 	0.00957264 	0.000957503 	-8.84232e-05
0.349675 	0.00958821 	0.000959269 	-8.79879e-05
0.351176 	0.00960378 	0.000961035 	-8.75526e-05
0.352676 	0.00961935 	0.0009628 	-8.71173e-05
0.354177 	0.00963492 	0.000964566 	-8.66821e-05
0.355678 	0.00965049 	0.000966332 	-8.62468e-05
0.357179 	0.00966606 	0.000968098 	-8.58115e-05
0.358679 	0.00968163 	0.000969863 	-8.53762e-05
0.36018 	0.0096972 	0.000971629 	-8.4941e-05
0.361681 	0.00971277 	0.000973395 	-8.45057e-05
0.363182 	0.00972835 	0.00097516 	-8.40704e-05
0.364682 	0.00974337 	0.000976971 	-8.36881e-05
0.366183 	0.00975581 	0.000978991 	-8.35543e-05
0.367684 	0.00976933 	0.000980778 	-8.33503e-05
0.369185 	0.00978715 	0.000981627 	-8.28646e-05
0.370685 	0.00980446 	0.0009826 	-8.23898e-05
0.372186 	0.00981971 	0.000984076 	-8.19589e-05
0.373687 	0.00983497 	0.000985551 	-8.1528e-05
0.375188 	0.00985022 	0.000987027 	-8.10971e-05
0.376688 	0.00986547 	0.000988503 	-8.06662e-05
0.378189 	0.00988073 	0.000989978 	-8.02353e-05
0.37969 	0.00989598 	0.000991454 	-7.98044e-05
0.381191 	0.00991123 	0.000992929 	-7.93735e-05
0.382691 	0.00992649 	0.000994405 	-7.89426e-05
0.384192 	0.00994174 	0.00099588 	-7.85117e-05
0.385693 	0.00995699 	0.000997356 	-7.80808e-05
0.387194 	0.00997225 	0.000998831 	-7.76499e-05
0.388694 	0.0099875 	0.00100031 	-7.7219e-05
0.390195 	0.0100028 	0.00100178 	-7.67881e-05
0.391696 	0.010018 	0.00100326 	-7.63572e-05
0.393197 	0.0100333 	0.00100473 	-7.59263e-05
0.394697 	0.0100485 	0.00100621 	-7.54954e-05
0.396198 	0.0100638 	0.00100768 	-7.50645e-05
0.397699 	0.010079 	0.00100916 	-7.46336e-05
0.3992 	0.0100943 	0.00101064 	-7.42027e-05
0.4007 	0.0101095 	0.00101211 	-7.37718e-05
0.402201 	0.0101218 	0.0010139 	-7.33534e-05
0.403702 	0.0101367 	0.00101507 	-7.28198e-05
0.405203 	0.0101542 	0.00101564 	-7.21736e-05
0.406703 	0.0101675 	0.0010168 	-7.1534e-05
0.408204 	0.0101807 	0.00101797 	-7.08943e-05
0.409705 	0.010194 	0.00101913 	-7.02546e-05
0.411206 	0.0102073 	0.00102029 	-6.96149e-05
0.412706 	0.0102206 	0.00102145 	-6.89753e-05
0.414207 	0.0102339 	0.00102262 	-6.83356e-05
0.415708 	0.0102471 	0.00102378 	-6.76959e-05
0.417209 	0.0102604 	0.00102494 	-6.70562e-05
0.418709 	0.0102737 	0.0010261 	-6.64166e-05
0.42021 	0.010287 	0.00102727 	-6.57769e-05
0.421711 	0.0103003 	0.00102843 	-6.51372e-05
0.423212 	0.0103136 	0.00102959 	-6.44976e-05
0.424712 	0.0103268 	0.00103075 	-6.38579e-05
0.426213 	0.0103401 	0.00103192 	-6.32182e-05
0.427714 	0.0103534 	0.00103308 	-6.25785e-05
0.429215 	0.0103667 	0.00103424 	-6.19389e-05
0.430715 	0.01038 	0.0010354 	-6.12992e-05
0.432216 	0.0103933 	0.00103657 	-6.06595e-05
0.433717 	0.0104065 	0.00103773 	-6.00198e-05
0.435218 	0.0104198 	0.00103889 	-5.93802e-05
0.436718 	0.0104331 	0.00104005 	-5.87405e-05
0.438219 	0.0104464 	0.00104122 	-5.81008e-05
0.43972 	0.0104586 	0.00104246 	-5.74866e-05
0.441221 	0.0104672 	0.00104341 	-5.69645e-05
0.442721 	0.0104779 	0.00104392 	-5.63082e-05
0.444222 	0.0104914 	0.00104491 	-5.54784e-05
0.445723 	0.0105049 	0.0010459 	-5.46487e-05
0.447224 	0.0105183 	0.00104688 	-5.38189e-05
0.448724 	0.0105318 	0.00104787 	-5.29892e-05
0.450225 	0.0105453 	0.00104886 	-5.21594e-05
0.451726 	0.0105588 	0.00104985 	-5.13296e-05
0.453227 	0.0105723 	0.00105084 	-5.04999e-05
0.454727 	0.0105857 	0.00105183 	-4.96701e-05
0.456228 	0.0105992 	0.00105282 	-4.88404e-05
0.457729 	0.0106127 	0.00105381 	-4.80106e-05
0.45923 	0.0106262 	0.0010548 	-4.71809e-05
0.46073 	0.0106396 	0.00105579 	-4.63511e-05
0.462231 	0.0106531 	0.00105677 	-4.55213e-05
0.463732 	0.0106666 	0.00105776 	-4.46916e-05
0.465233 	0.0106801 	0.00105875 	-4.38618e-05
0.466733 	0.0106936 	0.00105974 	-4.30321e-05
0.468234 	0.010707 	0.00106073 	-4.22023e-05
0.469735 	0.0107205 	0.00106172 	-4.13725e-05
0.471236 	0.010734 	0.00106271 	-4.05428e-05
0.472736 	0.0107475 	0.0010637 	-3.9713e-05
0.474237 	0.0107609 	0.00106469 	-3.88833e-05
0.475738 	0.0107744 	0.00106568 	-3.80535e-05
0.477239 	0.0107879 	0.00106666 	-3.72237e-05
0.478739 	0.0108014 	0.00106765 	-3.6394e-05
0.48024 	0.0108149 	0.00106864 	-3.55642e-05
0.481741 	0.0108298 	0.00106954 	-3.48114e-05
0.483242 	0.0108449 	0.0010704 	-3.41332e-05
0.484742 	0.01086 	0.00107126 	-3.3455e-05
0.486243 	0.0108751 	0.00107212 	-3.27769e-05
0.487744 	0.0108903 	0.00107299 	-3.20987e-05
0.489245 	0.0109053 	0.00107385 	-3.14161e-05
0.490745 	0.0109204 	0.00107472 	-3.07284e-05
0.492246 	0.0109354 	0.00107559 	-3.00408e-05
0.493747 	0.0109505 	0.00107646 	-2.93532e-05
0.495248 	0.0109655 	0.00107732 	-2.86655e-05
0.496748 	0.0109806 	0.00107819 	-2.79779e-05
0.498249 	0.0109957 	0.00107906 	-2.72902e-05
0.49975 	0.0110107 	0.00107993 	-2.66026e-05
0.501251 	0.0110258 	0.0010808 	-2.5915e-05
0.502751 	0.0110408 	0.00108166 	-2.52273e-05
0.504252 	0.0110559 	0.00108253 	-2.45397e-05
0.505753 	0.0110709 	0.0010834 	-2.3852e-05
0.507254 	0.011086 	0.00108427 	-2.31644e-05
0.508754 	0.011101 	0.00108514 	-2.24768e-05
0.510255 	0.0111161 	0.001086 	-2.17891e-05
0.511756 	0.0111311 	0.00108687 	-2.11015e-05
0.513257 	0.0111462 	0.00108774 	-2.04138e-05
0.514757 	0.0111612 	0.00108861 	-1.97262e-05
0.516258 	0.0111763 	0.00108948 	-1.90386e-05
0.517759 	0.0111913 	0.00109034 	-1.83509e-05
0.51926 	0.0112064 	0.00109121 	-1.76633e-05
0.52076 	0.0112214 	0.00109208 	-1.69756e-05
0.522261 	0.0112363 	0.00109312 	-1.63797e-05
0.523762 	0.0112518 	0.00109381 	-1.58415e-05
0.525263 	0.0112671 	0.0010944 	-1.53247e-05
0.526763 	0.0112823 	0.00109506 	-1.48323e-05
0.528264 	0.0112974 	0.00109572 	-1.43399e-05
0.529765 	0.0113126 	0.00109638 	-1.38475e-05
0.531266 	0.0113277 	0.00109703 	-1.33551e-05
0.532766 	0.0113428 	0.00109769 	-1.28627e-05
0.534267 	0.011358 	0.00109835 	-1.23703e-05
0.535768 	0.0113731 	0.00109901 	-1.18779e-05
0.537269 	0.0113883 	0.00109967 	-1.13855e-05
0.538769 	0.0114034 	0.00110033 	-1.08931e-05
0.54027 	0.0114186 	0.00110098 	-1.04007e-05
0.541771 	0.0114337 	0.00110164 	-9.90827e-06
0.543272 	0.0114488 	0.0011023 	-9.41586e-06
0.544772 	0.011464 	0.00110296 	-8.92346e-06
0.546273 	0.0114791 	0.00110362 	-8.43106e-06
0.547774 	0.0114943 	0.00110428 	-7.93865e-06
0.549275 	0.0115094 	0.00110494 	-7.44625e-06
0.550775 	0.0115246 	0.00110559 	-6.95385e-06
0.552276 	0.0115397 	0.00110625 	-6.46144e-06
0.553777 	0.0115548 	0.00110691 	-5.96904e-06
0.555278 	0.01157 	0.00110757 	-5.47663e-06
0.556778 	0.0115851 	0.00110823 	-4.98423e-06
0.558279 	0.0116003 	0.00110889 	-4.49183e-06
0.55978 	0.0116154 	0.00110955 	-3.99942e-06
0.561281 	0.0116306 	0.0011102 	-3.50702e-06
0.562781 	0.0116457 	0.00111086 	-3.01462e-06
0.564282 	0.0116609 	0.00111152 	-2.52221e-06
0.565783 	0.0116751 	0.00111248 	-2.07264e-06
0.567284 	0.0116885 	0.00111367 	-1.65796e-06
0.568784 	0.011705 	0.00111382 	-9.86717e-07
0.570285 	0.0117217 	0.00111389 	-2.98902e-07
0.571786 	0.0117368 	0.00111436 	2.24671e-07
0.573287 	0.0117519 	0.00111484 	7.48244e-07
0.574787 	0.011767 	0.00111532 	1.27182e-06
0.576288 	0.0117821 	0.0011158 	1.79539e-06
0.577789 	0.0117972 	0.00111628 	2.31896e-06
0.57929 	0.0118123 	0.00111676 	2.84254e-06
0.58079 	0.0118275 	0.00111724 	3.36611e-06
0.582291 	0.0118426 	0.00111772 	3.88968e-06
0.583792 	0.0118577 	0.0011182 	4.41325e-06
0.585293 	0.0118728 	0.00111868 	4.93683e-06
0.586793 	0.0118879 	0.00111916 	5.4604e-06
0.588294 	0.011903 	0.00111964 	5.98397e-06
0.589795 	0.0119181 	0.00112011 	6.50755e-06
0.591296 	0.0119332 	0.00112059 	7.03112e-06
0.592796 	0.0119483 	0.00112107 	7.55469e-06
0.594297 	0.0119634 	0.00112155 	8.07826e-06
0.595798 	0.0119785 	0.00112203 	8.60184e-06
0.597299 	0.0119936 	0.00112251 	9.12541e-06
0.598799 	0.0120087 	0.00112299 	9.64898e-06
0.6003 	0.0120238 	0.00112347 	1.01726e-05
0.601801 	0.0120389 	0.00112395 	1.06961e-05
0.603302 	0.012054 	0.00112443 	1.12197e-05
0.604802 	0.0120691 	0.00112491 	1.17433e-05
0.606303 	0.0120842 	0.00112538 	1.22668e-05
0.607804 	0.0120993 	0.00112586 	1.27904e-05
0.609305 	0.0121144 	0.00112634 	1.3314e-05
0.610805 	0.0121288 	0.00112704 	1.3767e-05
0.612306 	0.0121422 	0.00112802 	1.41298e-05
0.613807 	0.0121556 	0.00112899 	1.44925e-05
0.615308 	0.0121713 	0.00112923 	1.50444e-05
0.616808 	0.0121881 	0.00112912 	1.56835e-05
0.618309 	0.0122049 	0.00112902 	1.63226e-05
0.61981 	0.0122207 	0.00112919 	1.68581e-05
0.621311 	0.0122358 	0.00112955 	1.73203e-05
0.622811 	0.0122509 	0.00112991 	1.77825e-05
0.624312 	0.0122659 	0.00113027 	1.82447e-05
0.625813 	0.012281 	0.00113063 	1.87068e-05
0.627314 	0.0122961 	0.00113099 	1.9169e-05
0.628814 	0.0123112 	0.00113135 	1.96312e-05
0.630315 	0.0123263 	0.00113171 	2.00934e-05
0.631816 	0.0123414 	0.00113207 	2.05555e-05
0.633317 	0.0123564 	0.00113243 	2.10177e-05
0.634817 	0.0123715 	0.00113279 	2.14799e-05
0.636318 	0.0123866 	0.00113316 	2.19421e-05
0.637819 	0.0124017 	0.00113352 	2.24042e-05
0.63932 	0.0124168 	0.00113388 	2.28664e-05
0.64082 	0.0124319 	0.00113424 	2.33286e-05
0.642321 	0.0124469 	0.0011346 	2.37908e-05
0.643822 	0.012462 	0.00113496 	2.42529e-05
0.645323 	0.0124771 	0.00113532 	2.47151e-05
0.646823 	0.0124922 	0.00113568 	2.51773e-05
0.648324 	0.0125073 	0.00113604 	2.56395e-05
0.649825 	0.0125224 	0.0011364 	2.61016e-05
0.651326 	0.0125374 	0.00113676 	2.65638e-05
0.652826 	0.0125525 	0.00113712 	2.7026e-05
0.654327 	0.0125676 	0.00113748 	2.74882e-05
0.655828 	0.0125827 	0.00113785 	2.79503e-05
0.657329 	0.0125978 	0.00113821 	2.84125e-05
0.658829 	0.0126112 	0.00113902 	2.85965e-05
0.66033 	0.0126245 	0.00113986 	2.87689e-05
0.661831 	0.0126378 	0.0011407 	2.89413e-05
0.663332 	0.0126512 	0.00114154 	2.91137e-05
0.664832 	0.0126676 	0.00114145 	2.94933e-05
0.666333 	0.0126842 	0.00114132 	2.98847e-05
0.667834 	0.0127009 	0.00114118 	3.02762e-05
0.669335 	0.0127175 	0.00114105 	3.06676e-05
0.670835 	0.0127335 	0.00114109 	3.10341e-05
0.672336 	0.0127487 	0.00114136 	3.13671e-05
0.673837 	0.0127639 	0.00114164 	3.17e-05
0.675338 	0.0127791 	0.00114192 	3.20329e-05
0.676838 	0.0127942 	0.0011422 	3.23659e-05
0.678339 	0.0128094 	0.00114248 	3.26988e-05
0.67984 	0.0128246 	0.00114275 	3.30318e-05
0.681341 	0.0128398 	0.00114303 	3.33647e-05
0.682841 	0.012855 	0.00114331 	3.36976e-05
0.684342 	0.0128702 	0.00114359 	3.40306e-05
0.685843 	0.0128853 	0.00114387 	3.43635e-05
0.687344 	0.0129005 	0.00114414 	3.46965e-05
0.688844 	0.0129157 	0.00114442 	3.50294e-05
0.690345 	0.0129309 	0.0011447 	3.53624e-05
0.691846 	0.0129461 	0.00114498 	3.56953e-05
0.693347 	0.0129613 	0.00114526 	3.60282e-05
0.694847 	0.0129764 	0.00114553 	3.63612e-05
0.696348 	0.0129916 	0.00114581 	3.66941e-05
0.697849 	0.0130068 	0.00114609 	3.70271e-05
0.69935 	0.013022 	0.00114637 	3.736e-05
0.70085 	0.0130372 	0.00114665 	3.76929e-05
0.702351 	0.0130524 	0.00114692 	3.80259e-05
0.703852 	0.0130675 	0.0011472 	3.83588e-05
0.705353 	0.0130827 	0.00114748 	3.86918e-05
0.706853 	0.0130977 	0.00114781 	3.90041e-05
0.708354 	0.0131114 	0.00114847 	3.91857e-05
0.709855 	0.0131251 	0.00114913 	3.93672e-05
0.711356 	0.0131388 	0.00114979 	3.95487e-05
0.712856 	0.0131525 	0.00115045 	3.97303e-05
0.714357 	0.0131662 	0.00115111 	3.99118e-05
0.715858 	0.013182 	0.00115116 	4.02176e-05
0.717359 	0.0131988 	0.00115097 	4.05746e-05
0.718859 	0.0132155 	0.00115077 	4.09317e-05
0.72036 	0.0132323 	0.00115057 	4.12887e-05
0.721861 	0.013249 	0.00115038 	4.16457e-05
0.723362 	0.0132657 	0.00115018 	4.20028e-05
0.724862 	0.0132812 	0.00115024 	4.22812e-05
0.726363 	0.0132957 	0.00115048 	4.25055e-05
0.727864 	0.0133102 	0.00115072 	4.27297e-05
0.729365 	0.0133247 	0.00115095 	4.2954e-05
0.730865 	0.0133393 	0.00115119 	4.31782e-05
0.732366 	0.0133538 	0.00115143 	4.34025e-05
0.733867 	0.0133683 	0.00115167 	4.36267e-05
0.735368 	0.0133828 	0.0011519 	4.3851e-05
0.736868 	0.0133973 	0.00115214 	4.40753e-05
0.738369 	0.0134119 	0.00115238 	4.42995e-05
0.73987 	0.0134264 	0.00115261 	4.45238e-05
0.741371 	0.0134409 	0.00115285 	4.4748e-05
0.742871 	0.0134554 	0.00115309 	4.49723e-05
0.744372 	0.0134699 	0.00115333 	4.51965e-05
0.745873 	0.0134844 	0.00115356 	4.54208e-05
0.747374 	0.013499 	0.0011538 	4.56451e-05
0.748874 	0.0135135 	0.00115404 	4.58693e-05
0.750375 	0.013528 	0.00115427 	4.60936e-05
0.751876 	0.0135425 	0.00115451 	4.63178e-05
0.753377 	0.013557 	0.00115475 	4.65421e-05
0.754877 	0.0135716 	0.00115499 	4.67663e-05
0.756378 	0.0135861 	0.00115522 	4.69906e-05
0.757879 	0.0136006 	0.00115546 	4.72149e-05
0.75938 	0.0136128 	0.00115608 	4.73312e-05
0.76088 	0.0136249 	0.00115669 	4.74474e-05
0.762381 	0.013637 	0.00115731 	4.75635e-05
0.763882 	0.0136492 	0.00115793 	4.76797e-05
0.765383 	0.0136613 	0.00115855 	4.77958e-05
0.766883 	0.0136734 	0.00115916 	4.7912e-05
0.768384 	0.0136856 	0.00115978 	4.80281e-05
0.769885 	0.0136964 	0.00115966 	4.81811e-05
0.771386 	0.0137073 	0.00115954 	4.83341e-05
0.772886 	0.0137181 	0.00115942 	4.84872e-05
0.774387 	0.013729 	0.0011593 	4.86402e-05
0.775888 	0.0137398 	0.00115918 	4.87932e-05
0.777389 	0.0137507 	0.00115906 	4.89462e-05
0.778889 	0.0137615 	0.00115894 	4.90992e-05
0.78039 	0.0137728 	0.00115886 	4.92461e-05
0.781891 	0.0137873 	0.00115907 	4.9344e-05
0.783392 	0.0138019 	0.00115929 	4.94419e-05
0.784892 	0.0138165 	0.0011595 	4.95398e-05
0.786393 	0.0138311 	0.00115972 	4.96378e-05
0.787894 	0.0138457 	0.00115993 	4.97357e-05
0.789395 	0.0138603 	0.00116015 	4.98336e-05
0.790895 	0.0138748 	0.00116037 	4.99315e-05
0.792396 	0.0138894 	0.00116058 	5.00294e-05
0.793897 	0.013904 	0.0011608 	5.01273e-05
0.795398 	0.0139186 	0.00116101 	5.02253e-05
0.796898 	0.0139332 	0.00116123 	5.03232e-05
0.798399 	0.0139478 	0.00116144 	5.04211e-05
0.7999 	0.0139623 	0.00116166 	5.0519e-05
0.801401 	0.0139769 	0.00116187 	5.06169e-05
0.802901 	0.0139915 	0.00116209 	5.07148e-05
0.804402 	0.0140061 	0.00116231 	5.08128e-05
0.805903 	0.0140207 	0.00116252 	5.09107e-05
0.807404 	0.0140353 	0.00116274 	5.10086e-05
0.808904 	0.0140498 	0.00116295 	5.11065e-05
0.810405 	0.0140644 	0.00116317 	5.12044e-05
0.811906 	0.0140814 	0.00116354 	5.1318e-05
0.813407 	0.0141 	0.00116402 	5.14426e-05
0.814907 	0.0141186 	0.00116449 	5.15671e-05
0.816408 	0.0141372 	0.00116497 	5.16916e-05
0.817909 	0.0141558 	0.00116545 	5.18162e-05
0.81941 	0.0141744 	0.00116593 	5.19407e-05
0.82091 	0.014193 	0.0011664 	5.20653e-05
0.822411 	0.0142116 	0.00116688 	5.21898e-05
0.823912 	0.0142302 	0.00116736 	5.23143e-05
0.825413 	0.0142437 	0.00116735 	5.23332e-05
0.826913 	0.0142564 	0.00116726 	5.23354e-05
0.828414 	0.0142691 	0.00116718 	5.23377e-05
0.829915 	0.0142818 	0.00116709 	5.234e-05
0.831416 	0.0142945 	0.00116701 	5.23423e-05
0.832916 	0.0143072 	0.00116692 	5.23446e-05
0.834417 	0.0143199 	0.00116684 	5.23469e-05
0.835918 	0.0143326 	0.00116675 	5.23492e-05
0.837419 	0.0143453 	0.00116667 	5.23515e-05
0.838919 	0.0143581 	0.00116659 	5.23556e-05
0.84042 	0.0143739 	0.00116677 	5.24203e-05
0.841921 	0.0143896 	0.00116695 	5.24851e-05
0.843422 	0.0144053 	0.00116713 	5.25498e-05
0.844922 	0.0144211 	0.00116731 	5.26146e-05
0.846423 	0.0144368 	0.00116749 	5.26793e-05
0.847924 	0.0144525 	0.00116767 	5.27441e-05
0.849425 	0.0144683 	0.00116785 	5.28088e-05
0.850925 	0.014484 	0.00116802 	5.28736e-05
0.852426 	0.0144997 	0.0011682 	5.29384e-05
0.853927 	0.0145155 	0.00116838 	5.30031e-05
0.855428 	0.0145312 	0.00116856 	5.30679e-05
0.856928 	0.0145469 	0.00116874 	5.31326e-05
0.858429 	0.0145627 	0.00116892 	5.31974e-05
0.85993 	0.0145784 	0.0011691 	5.32621e-05
0.861431 	0.0145941 	0.00116928 	5.33269e-05
0.862931 	0.0146099 	0.00116946 	5.33916e-05
0.864432 	0.0146256 	0.00116964 	5.34564e-05
0.865933 	0.0146413 	0.00116982 	5.35211e-05
0.867434 	0.0146602 	0.00117017 	5.36758e-05
0.868934 	0.0146792 	0.00117053 	5.3834e-05
0.870435 	0.0146982 	0.00117089 	5.39921e-05
0.871936 	0.0147172 	0.00117125 	5.41503e-05
0.873437 	0.0147362 	0.00117162 	5.43085e-05
0.874937 	0.0147553 	0.00117198 	5.44667e-05
0.876438 	0.0147743 	0.00117234 	5.46249e-05
0.877939 	0.0147933 	0.0011727 	5.47831e-05
0.87944 	0.0148123 	0.00117306 	5.49412e-05
0.88094 	0.0148313 	0.00117342 	5.50994e-05
0.882441 	0.014848 	0.00117363 	5.5235e-05
0.883942 	0.0148608 	0.00117357 	5.53308e-05
0.885443 	0.0148735 	0.00117351 	5.54266e-05
0.886943 	0.0148863 	0.00117345 	5.55224e-05
0.888444 	0.014899 	0.0011734 	5.56182e-05
0.889945 	0.0149118 	0.00117334 	5.5714e-05
0.891446 	0.0149246 	0.00117328 	5.58098e-05
0.892946 	0.0149373 	0.00117322 	5.59056e-05
0.894447 	0.0149501 	0.00117316 	5.60014e-05
0.895948 	0.0149628 	0.0011731 	5.60972e-05
0.897449 	0.0149756 	0.00117305 	5.6193e-05
0.898949 	0.0149883 	0.00117299 	5.62888e-05
0.90045 	0.0150023 	0.00117302 	5.63668e-05
0.901951 	0.015018 	0.0011732 	5.64195e-05
0.903452 	0.0150338 	0.00117337 	5.64722e-05
0.904952 	0.0150495 	0.00117355 	5.65249e-05
0.906453 	0.0150653 	0.00117372 	5.65776e-05
0.907954 	0.015081 	0.00117389 	5.66303e-05
0.909455 	0.0150968 	0.00117407 	5.6683e-05
0.910955 	0.0151125 	0.00117424 	5.67357e-05
0.912456 	0.0151283 	0.00117442 	5.67884e-05
0.913957 	0.015144 	0.00117459 	5.6841e-05
0.915458 	0.0151598 	0.00117476 	5.68937e-05
0.916958 	0.0151755 	0.00117494 	5.69464e-05
0.918459 	0.0151913 	0.00117511 	5.69991e-05
0.91996 	0.015207 	0.00117528 	5.70518e-05
0.921461 	0.0152228 	0.00117546 	5.71045e-05
0.922961 	0.0152391 	0.00117565 	5.71588e-05
0.924462 	0.0152582 	0.00117593 	5.72203e-05
0.925963 	0.0152773 	0.00117621 	5.72819e-05
0.927464 	0.0152964 	0.00117648 	5.73434e-05
0.928964 	0.0153154 	0.00117676 	5.7405e-05
0.930465 	0.0153345 	0.00117704 	5.74665e-05
0.931966 	0.0153536 	0.00117731 	5.75281e-05
0.933467 	0.0153726 	0.00117759 	5.75896e-05
0.934967 	0.0153917 	0.00117787 	5.76512e-05
0.936468 	0.0154108 	0.00117814 	5.77127e-05
0.937969 	0.0154298 	0.00117842 	5.77742e-05
0.93947 	0.0154489 	0.0011787 	5.78358e-05
0.94097 	0.015468 	0.00117897 	5.78973e-05
0.942471 	0.0154834 	0.00117906 	5.79659e-05
0.943972 	0.0154961 	0.00117899 	5.80398e-05
0.945473 	0.0155088 	0.00117892 	5.81137e-05
0.946973 	0.0155215 	0.00117885 	5.81876e-05
0.948474 	0.0155342 	0.00117878 	5.82616e-05
0.949975 	0.0155469 	0.00117871 	5.83355e-05
0.951476 	0.0155596 	0.00117864 	5.84094e-05
0.952976 	0.0155723 	0.00117857 	5.84833e-05
0.954477 	0.015585 	0.0011785 	5.85572e-05
0.955978 	0.0155977 	0.00117843 	5.86312e-05
0.957479 	0.0156104 	0.00117837 	5.87051e-05
0.958979 	0.0156231 	0.0011783 	5.8779e-05
0.96048 	0.0156358 	0.00117823 	5.88529e-05
0.961981 	0.0156485 	0.00117816 	5.89269e-05
0.963482 	0.015662 	0.00117817 	5.89887e-05
0.964982 	0.0156768 	0.00117834 	5.90275e-05
0.966483 	0.0156916 	0.0011785 	5.90663e-05
0.967984 	0.0157064 	0.00117867 	5.91051e-05
0.969485 	0.0157212 	0.00117884 	5.91439e-05
0.970985 	0.0157361 	0.001179 	5.91827e-05
0.972486 	0.0157509 	0.00117917 	5.92214e-05
0.973987 	0.0157657 	0.00117934 	5.92602e-05
0.975488 	0.0157805 	0.0011795 	5.9299e-05
0.976988 	0.0157953 	0.00117967 	5.93378e-05
0.978489 	0.0158101 	0.00117983 	5.93766e-05
0.97999 	0.0158249 	0.00118 	5.94154e-05
0.981491 	0.0158409 	0.00118019 	5.94691e-05
0.982991 	0.0158593 	0.0011804 	5.9554e-05
0.984492 	0.0158777 	0.00118062 	5.96389e-05
0.985993 	0.0158961 	0.00118084 	5.97238e-05
0.987494 	0.0159145 	0.00118106 	5.98087e-05
0.988994 	0.0159328 	0.00118128 	5.98936e-05
0.990495 	0.0159512 	0.0011815 	5.99785e-05
0.991996 	0.0159696 	0.00118172 	6.00634e-05
0.993497 	0.015988 	0.00118194 	6.01483e-05
0.994997 	0.0160064 	0.00118216 	6.02332e-05
0.996498 	0.0160247 	0.00118238 	6.03181e-05
0.997999 	0.0160431 	0.0011826 	6.0403e-05
0.9995 	0.0160615 	0.00118282 	6.04879e-05
1.001 	0.0160799 	0.00118304 	6.05728e-05
1.0025 	0.0160983 	0.00118326 	6.06577e-05
1.004 	0.0161144 	0.00118332 	6.07572e-05
1.0055 	0.0161288 	0.00118324 	6.08681e-05
1.007 	0.0161432 	0.00118316 	6.0979e-05
1.0085 	0.0161576 	0.00118308 	6.10899e-05
1.01001 	0.016172 	0.00118301 	6.12008e-05
1.01151 	0.0161864 	0.00118293 	6.13117e-05
1.01301 	0.0162008 	0.00118285 	6.14226e-05
1.01451 	0.0162153 	0.00118278 	6.15335e-05
1.01601 	0.0162297 	0.0011827 	6.16444e-05
1.01751 	0.0162441 	0.00118262 	6.17553e-05
1.01901 	0.0162585 	0.00118254 	6.18662e-05
1.02051 	0.0162729 	0.00118247 	6.19771e-05
1.02201 	0.0162873 	0.00118239 	6.2088e-05
1.02351 	0.0163017 	0.00118231 	6.21989e-05
1.02501 	0.0163161 	0.00118224 	6.23098e-05
1.02651 	0.0163305 	0.00118216 	6.24208e-05
1.02801 	0.0163449 	0.00118208 	6.25317e-05
1.02951 	0.0163599 	0.00118221 	6.26423e-05
1.03102 	0.016375 	0.00118235 	6.27529e-05
1.03252 	0.0163901 	0.00118249 	6.28635e-05
1.03402 	0.0164052 	0.00118263 	6.29741e-05
1.03552 	0.0164203 	0.00118277 	6.30847e-05
1.03702 	0.0164354 	0.00118291 	6.31953e-05
1.03852 	0.0164505 	0.00118305 	6.33059e-05
1.04002 	0.0164656 	0.00118319 	6.34165e-05
1.04152 	0.0164817 	0.00118335 	6.35126e-05
1.04302 	0.0164988 	0.00118352 	6.35927e-05
1.04452 	0.016516 	0.00118369 	6.36728e-05
1.04602 	0.0165332 	0.00118386 	6.37529e-05
1.04752 	0.0165503 	0.00118403 	6.3833e-05
1.04902 	0.0165675 	0.0011842 	6.39131e-05
1.05053 	0.0165847 	0.00118437 	6.39932e-05
1.05203 	0.0166018 	0.00118454 	6.40733e-05
1.05353 	0.016619 	0.00118471 	6.41534e-05
1.05503 	0.0166362 	0.00118488 	6.42335e-05
1.05653 	0.0166533 	0.00118506 	6.43136e-05
1.05803 	0.0166705 	0.00118523 	6.43937e-05
1.05953 	0.0166876 	0.0011854 	6.44738e-05
1.06103 	0.0167048 	0.00118557 	6.45539e-05
1.06253 	0.016722 	0.00118574 	6.4634e-05
1.06403 	0.0167391 	0.00118591 	6.47141e-05
1.06553 	0.0167563 	0.00118608 	6.47942e-05
1.06703 	0.0167729 	0.00118614 	6.4882e-05
1.06853 	0.0167887 	0.00118607 	6.49794e-05
1.07004 	0.0168045 	0.001186 	6.50767e-05
1.07154 	0.0168203 	0.00118593 	6.5174e-05
1.07304 	0.0168361 	0.00118585 	6.52714e-05
1.07454 	0.0168519 	0.00118578 	6.53687e-05
1.07604 	0.0168677 	0.00118571 	6.5466e-05
1.07754 	0.0168835 	0.00118564 	6.55633e-05
1.07904 	0.0168993 	0.00118556 	6.56607e-05
1.08054 	0.0169151 	0.00118549 	6.5758e-05
1.08204 	0.0169309 	0.00118542 	6.58553e-05
1.08354 	0.0169467 	0.00118535 	6.59527e-05
1.08504 	0.0169625 	0.00118527 	6.605e-05
1.08654 	0.0169783 	0.0011852 	6.61473e-05
1.08804 	0.0169941 	0.00118513 	6.62447e-05
1.08954 	0.0170099 	0.00118506 	6.6342e-05
1.09105 	0.0170257 	0.00118498 	6.64393e-05
1.09255 	0.0170415 	0.00118491 	6.65366e-05
1.09405 	0.0170574 	0.00118484 	6.6634e-05
1.09555 	0.0170733 	0.00118482 	6.67166e-05
1.09705 	0.0170894 	0.00118494 	6.67626e-05
1.09855 	0.0171056 	0.00118507 	6.68086e-05
1.10005 	0.0171217 	0.00118519 	6.68546e-05
1.10155 	0.0171379 	0.00118531 	6.69006e-05
1.10305 	0.0171544 	0.00118543 	6.6813e-05
1.10455 	0.0171711 	0.00118554 	6.66773e-05
1.10605 	0.0171877 	0.00118565 	6.65415e-05
1.10755 	0.0172044 	0.00118576 	6.64057e-05
1.10905 	0.0172211 	0.00118587 	6.62699e-05
1.11056 	0.0172378 	0.00118598 	6.61341e-05
1.11206 	0.0172544 	0.0011861 	6.59983e-05
1.11356 	0.0172711 	0.00118621 	6.58626e-05
1.11506 	0.0172878 	0.00118632 	6.57268e-05
1.11656 	0.0173045 	0.00118643 	6.5591e-05
1.11806 	0.0173211 	0.00118654 	6.54552e-05
1.11956 	0.0173378 	0.00118665 	6.53194e-05
1.12106 	0.0173545 	0.00118676 	6.51836e-05
1.12256 	0.0173712 	0.00118688 	6.50479e-05
1.12406 	0.0173878 	0.00118699 	6.49121e-05
1.12556 	0.0174045 	0.0011871 	6.47763e-05
1.12706 	0.0174212 	0.00118721 	6.46405e-05
1.12856 	0.0174379 	0.00118732 	6.45047e-05
1.13007 	0.0174545 	0.00118743 	6.43689e-05
1.13157 	0.0174708 	0.00118747 	6.42306e-05
1.13307 	0.0174864 	0.00118737 	6.40876e-05
1.13457 	0.017502 	0.00118727 	6.39445e-05
1.13607 	0.0175176 	0.00118717 	6.38015e-05
1.13757 	0.0175331 	0.00118708 	6.36584e-05
1.13907 	0.0175487 	0.00118698 	6.35154e-05
1.14057 	0.0175643 	0.00118688 	6.33724e-05
1.14207 	0.0175799 	0.00118678 	6.32293e-05
1.14357 	0.0175954 	0.00118668 	6.30863e-05
1.14507 	0.017611 	0.00118658 	6.29432e-05
1.14657 	0.0176266 	0.00118648 	6.28002e-05
1.14807 	0.0176422 	0.00118638 	6.26571e-05
1.14957 	0.0176577 	0.00118628 	6.25141e-05
1.15108 	0.0176733 	0.00118618 	6.23711e-05
1.15258 	0.0176889 	0.00118609 	6.2228e-05
1.15408 	0.0177045 	0.00118599 	6.2085e-05
1.15558 	0.01772 	0.00118589 	6.19419e-05
1.15708 	0.0177356 	0.00118579 	6.17989e-05
1.15858 	0.0177512 	0.00118569 	6.16558e-05
1.16008 	0.0177668 	0.00118559 	6.15128e-05
1.16158 	0.0177823 	0.00118549 	6.13698e-05
1.16308 	0.0177979 	0.00118539 	6.12267e-05
1.16458 	0.017814 	0.00118543 	6.10819e-05
1.16608 	0.017831 	0.00118555 	6.08966e-05
1.16758 	0.0178481 	0.00118568 	6.07113e-05
1.16908 	0.0178651 	0.00118581 	6.05261e-05
1.17059 	0.0178822 	0.00118594 	6.03408e-05
1.17209 	0.0178992 	0.00118607 	6.01556e-05
1.17359 	0.0179162 	0.0011862 	5.99703e-05
1.17509 	0.0179333 	0.00118633 	5.9785e-05
1.17659 	0.0179503 	0.00118646 	5.95998e-05
1.17809 	0.0179673 	0.00118659 	5.94145e-05
1.17959 	0.0179844 	0.00118672 	5.92292e-05
1.18109 	0.0180014 	0.00118685 	5.9044e-05
1.18259 	0.0180184 	0.00118698 	5.88587e-05
1.18409 	0.0180355 	0.00118711 	5.86734e-05
1.18559 	0.0180525 	0.00118724 	5.84882e-05
1.18709 	0.0180695 	0.00118737 	5.83029e-05
1.18859 	0.0180866 	0.0011875 	5.81176e-05
1.1901 	0.0181036 	0.00118763 	5.79324e-05
1.1916 	0.0181206 	0.00118776 	5.77471e-05
1.1931 	0.0181377 	0.00118789 	5.75618e-05
1.1946 	0.0181547 	0.00118802 	5.73766e-05
1.1961 	0.0181718 	0.00118815 	5.71913e-05
1.1976 	0.0181884 	0.00118821 	5.70025e-05
1.1991 	0.0182043 	0.00118816 	5.68081e-05
1.2006 	0.0182203 	0.00118812 	5.66137e-05
1.2021 	0.0182363 	0.00118807 	5.64194e-05
1.2036 	0.0182523 	0.00118803 	5.6225e-05
1.2051 	0.0182682 	0.00118798 	5.60307e-05
1.2066 	0.0182842 	0.00118794 	5.58363e-05
1.2081 	0.0183002 	0.0011879 	5.5642e-05
1.2096 	0.0183162 	0.00118785 	5.54476e-05
1.21111 	0.0183321 	0.00118781 	5.52532e-05
1.21261 	0.0183481 	0.00118776 	5.50589e-05
1.21411 	0.0183641 	0.00118772 	5.48645e-05
1.21561 	0.0183801 	0.00118767 	5.46702e-05
1.21711 	0.018396 	0.00118763 	5.44758e-05
1.21861 	0.018412 	0.00118758 	5.42815e-05
1.22011 	0.018428 	0.00118754 	5.40871e-05
1.22161 	0.018444 	0.00118749 	5.38927e-05
1.22311 	0.0184599 	0.00118745 	5.36984e-05
1.22461 	0.0184759 	0.00118741 	5.3504e-05
1.22611 	0.0184919 	0.00118736 	5.33097e-05
1.22761 	0.0185079 	0.00118732 	5.31153e-05
1.22911 	0.0185244 	0.00118722 	5.29239e-05
1.23062 	0.0185409 	0.00118711 	5.27325e-05
1.23212 	0.0185575 	0.00118701 	5.25411e-05
1.23362 	0.018574 	0.00118691 	5.23497e-05
1.23512 	0.018591 	0.00118697 	5.21445e-05
1.23662 	0.018608 	0.00118704 	5.19382e-05
1.23812 	0.018625 	0.00118711 	5.1732e-05
1.23962 	0.018642 	0.00118718 	5.15257e-05
1.24112 	0.0186591 	0.00118725 	5.13194e-05
1.24262 	0.0186761 	0.00118732 	5.11132e-05
1.24412 	0.0186931 	0.00118739 	5.09069e-05
1.24562 	0.0187101 	0.00118746 	5.07006e-05
1.24712 	0.0187271 	0.00118753 	5.04943e-05
1.24862 	0.0187442 	0.0011876 	5.02881e-05
1.25013 	0.0187612 	0.00118767 	5.00818e-05
1.25163 	0.0187782 	0.00118774 	4.98755e-05
1.25313 	0.0187952 	0.00118781 	4.96693e-05
1.25463 	0.0188122 	0.00118788 	4.9463e-05
1.25613 	0.0188293 	0.00118795 	4.92567e-05
1.25763 	0.0188463 	0.00118802 	4.90505e-05
1.25913 	0.0188633 	0.00118809 	4.88442e-05
1.26063 	0.0188803 	0.00118816 	4.86379e-05
1.26213 	0.0188974 	0.00118823 	4.84316e-05
1.26363 	0.0189144 	0.0011883 	4.82254e-05
1.26513 	0.0189306 	0.00118831 	4.80177e-05
1.26663 	0.0189466 	0.00118829 	4.78095e-05
1.26813 	0.0189625 	0.00118828 	4.76012e-05
1.26963 	0.0189784 	0.00118826 	4.7393e-05
1.27114 	0.0189944 	0.00118825 	4.71847e-05
1.27264 	0.0190103 	0.00118823 	4.69765e-05
1.27414 	0.0190263 	0.00118821 	4.67683e-05
1.27564 	0.0190422 	0.0011882 	4.656e-05
1.27714 	0.0190582 	0.00118818 	4.63518e-05
1.27864 	0.0190741 	0.00118817 	4.61436e-05
1.28014 	0.01909 	0.00118815 	4.59353e-05
1.28164 	0.019106 	0.00118814 	4.57271e-05
1.28314 	0.0191219 	0.00118812 	4.55189e-05
1.28464 	0.0191379 	0.00118811 	4.53106e-05
1.28614 	0.0191538 	0.00118809 	4.51024e-05
1.28764 	0.0191697 	0.00118807 	4.48941e-05
1.28914 	0.0191857 	0.00118806 	4.46859e-05
1.29065 	0.0192016 	0.00118804 	4.44777e-05
1.29215 	0.0192173 	0.00118802 	4.42627e-05
1.29365 	0.0192318 	0.00118796 	4.40237e-05
1.29515 	0.0192464 	0.0011879 	4.37847e-05
1.29665 	0.0192609 	0.00118784 	4.35456e-05
1.29815 	0.0192755 	0.00118778 	4.33066e-05
1.29965 	0.01929 	0.00118773 	4.30675e-05
1.30115 	0.0193046 	0.00118767 	4.28285e-05
1.30265 	0.0193191 	0.00118761 	4.25895e-05
1.30415 	0.0193337 	0.00118755 	4.23504e-05
1.30565 	0.0193484 	0.00118753 	4.20573e-05
1.30715 	0.0193632 	0.00118755 	4.17184e-05
1.30865 	0.0193781 	0.00118756 	4.13794e-05
1.31016 	0.0193929 	0.00118758 	4.10405e-05
1.31166 	0.0194077 	0.00118759 	4.07015e-05
1.31316 	0.0194226 	0.00118761 	4.03626e-05
1.31466 	0.0194374 	0.00118762 	4.00236e-05
1.31616 	0.0194523 	0.00118764 	3.96847e-05
1.31766 	0.0194671 	0.00118766 	3.93458e-05
1.31916 	0.019482 	0.00118767 	3.90068e-05
1.32066 	0.0194968 	0.00118769 	3.86679e-05
1.32216 	0.0195117 	0.0011877 	3.83289e-05
1.32366 	0.0195265 	0.00118772 	3.799e-05
1.32516 	0.0195414 	0.00118773 	3.7651e-05
1.32666 	0.0195562 	0.00118775 	3.73121e-05
1.32816 	0.0195711 	0.00118776 	3.69732e-05
1.32966 	0.0195859 	0.00118778 	3.66342e-05
1.33117 	0.0196008 	0.00118779 	3.62953e-05
1.33267 	0.0196167 	0.00118775 	3.59399e-05
1.33417 	0.0196338 	0.00118763 	3.55667e-05
1.33567 	0.0196509 	0.00118752 	3.51935e-05
1.33717 	0.019668 	0.00118741 	3.48203e-05
1.33867 	0.019685 	0.00118729 	3.44471e-05
1.34017 	0.0197021 	0.00118718 	3.40739e-05
1.34167 	0.0197192 	0.00118706 	3.37007e-05
1.34317 	0.0197363 	0.00118695 	3.33274e-05
1.34467 	0.0197534 	0.00118684 	3.29542e-05
1.34617 	0.0197705 	0.00118672 	3.2581e-05
1.34767 	0.0197876 	0.00118661 	3.22078e-05
1.34917 	0.0198047 	0.00118649 	3.18346e-05
1.35068 	0.0198218 	0.00118638 	3.14614e-05
1.35218 	0.0198389 	0.00118627 	3.10882e-05
1.35368 	0.019856 	0.00118615 	3.07149e-05
1.35518 	0.0198731 	0.00118604 	3.03417e-05
1.35668 	0.0198901 	0.00118591 	2.99709e-05
1.35818 	0.0199035 	0.00118505 	2.97149e-05
1.35968 	0.0199168 	0.0011842 	2.94588e-05
1.36118 	0.0199302 	0.00118334 	2.92027e-05
1.36268 	0.0199436 	0.00118248 	2.89466e-05
1.36418 	0.019957 	0.00118163 	2.86905e-05
1.36568 	0.0199704 	0.00118077 	2.84344e-05
1.36718 	0.0199838 	0.00117991 	2.81783e-05
1.36868 	0.0199971 	0.00117906 	2.79223e-05
1.37019 	0.0200105 	0.0011782 	2.76662e-05
1.37169 	0.0200239 	0.00117734 	2.74101e-05
1.37319 	0.0200373 	0.00117649 	2.7154e-05
1.37469 	0.0200507 	0.00117563 	2.68979e-05
1.37619 	0.0200641 	0.00117477 	2.66418e-05
1.37769 	0.0200766 	0.00117398 	2.64393e-05
1.37919 	0.0200887 	0.00117324 	2.62729e-05
1.38069 	0.0201008 	0.00117249 	2.61064e-05
1.38219 	0.0201128 	0.00117174 	2.594e-05
1.38369 	0.0201249 	0.001171 	2.57735e-05
1.38519 	0.0201369 	0.00117025 	2.56071e-05
1.38669 	0.020149 	0.0011695 	2.54406e-05
1.38819 	0.020161 	0.00116876 	2.52742e-05
1.38969 	0.0201731 	0.00116801 	2.51077e-05
1.3912 	0.0201851 	0.00116726 	2.49412e-05
1.3927 	0.0201972 	0.00116652 	2.47748e-05
1.3942 	0.0202093 	0.00116577 	2.46083e-05
1.3957 	0.0202213 	0.00116503 	2.44419e-05
1.3972 	0.0202334 	0.00116428 	2.42754e-05
1.3987 	0.0202454 	0.00116353 	2.4109e-05
1.4002 	0.0202575 	0.00116279 	2.39425e-05
1.4017 	0.0202751 	0.001163 	2.37285e-05
1.4032 	0.0202938 	0.0011634 	2.35048e-05
1.4047 	0.0203125 	0.0011638 	2.32811e-05
1.4062 	0.0203313 	0.00116421 	2.30574e-05
1.4077 	0.02035 	0.00116461 	2.28338e-05
1.4092 	0.0203687 	0.00116502 	2.26101e-05
1.41071 	0.0203874 	0.00116542 	2.23864e-05
1.41221 	0.0204062 	0.00116583 	2.21627e-05
1.41371 	0.0204249 	0.00116623 	2.1939e-05
1.41521 	0.0204436 	0.00116664 	2.17153e-05
1.41671 	0.0204623 	0.00116704 	2.14916e-05
1.41821 	0.0204811 	0.00116744 	2.12679e-05
1.41971 	0.0204998 	0.00116785 	2.10442e-05
1.42121 	0.0205185 	0.00116825 	2.08205e-05
1.42271 	0.0205341 	0.00116793 	2.06395e-05
1.42421 	0.020547 	0.00116695 	2.04964e-05
1.42571 	0.0205598 	0.00116597 	2.03533e-05
1.42721 	0.0205726 	0.001165 	2.02102e-05
1.42871 	0.0205854 	0.00116402 	2.00671e-05
1.43022 	0.0205983 	0.00116304 	1.9924e-05
1.43172 	0.0206111 	0.00116207 	1.97809e-05
1.43322 	0.0206239 	0.00116109 	1.96378e-05
1.43472 	0.0206367 	0.00116011 	1.94947e-05
1.43622 	0.0206496 	0.00115914 	1.93516e-05
1.43772 	0.0206624 	0.00115816 	1.92085e-05
1.43922 	0.0206752 	0.00115719 	1.90654e-05
1.44072 	0.020688 	0.00115621 	1.89223e-05
1.44222 	0.0207009 	0.00115523 	1.87792e-05
1.44372 	0.0207137 	0.00115426 	1.86361e-05
1.44522 	0.0207265 	0.00115328 	1.8493e-05
1.44672 	0.0207393 	0.0011523 	1.83499e-05
1.44822 	0.0207522 	0.00115133 	1.82068e-05
1.44972 	0.0207635 	0.00115023 	1.8106e-05
1.45123 	0.0207714 	0.00114885 	1.81066e-05
1.45273 	0.0207793 	0.00114748 	1.81072e-05
1.45423 	0.0207873 	0.0011461 	1.81078e-05
1.45573 	0.0207952 	0.00114472 	1.81084e-05
1.45723 	0.0208031 	0.00114334 	1.8109e-05
1.45873 	0.020811 	0.00114197 	1.81096e-05
1.46023 	0.0208189 	0.00114059 	1.81102e-05
1.46173 	0.0208268 	0.00113921 	1.81108e-05
1.46323 	0.0208347 	0.00113783 	1.81115e-05
1.46473 	0.0208426 	0.00113645 	1.81121e-05
1.46623 	0.0208505 	0.00113508 	1.81127e-05
1.46773 	0.0208584 	0.0011337 	1.81133e-05
1.46923 	0.0208663 	0.00113232 	1.81139e-05
1.47074 	0.020876 	0.00113344 	1.80821e-05
1.47224 	0.0208859 	0.00113471 	1.80483e-05
1.47374 	0.0208957 	0.00113599 	1.80144e-05
1.47524 	0.0209055 	0.00113726 	1.79806e-05
1.47674 	0.0209154 	0.00113853 	1.79468e-05
1.47824 	0.0209252 	0.00113981 	1.7913e-05
1.47974 	0.0209351 	0.00114108 	1.78791e-05
1.48124 	0.0209449 	0.00114236 	1.78453e-05
1.48274 	0.0209547 	0.00114363 	1.78115e-05
1.48424 	0.0209646 	0.00114491 	1.77776e-05
1.48574 	0.0209744 	0.00114618 	1.77438e-05
1.48724 	0.0209842 	0.00114746 	1.771e-05
1.48874 	0.0209969 	0.00114735 	1.76588e-05
1.49025 	0.02101 	0.00114704 	1.76052e-05
1.49175 	0.0210231 	0.00114674 	1.75517e-05
1.49325 	0.0210363 	0.00114644 	1.74981e-05
1.49475 	0.0210494 	0.00114614 	1.74445e-05
1.49625 	0.0210625 	0.00114584 	1.7391e-05
1.49775 	0.0210756 	0.00114554 	1.73374e-05
1.49925 	0.0210887 	0.00114524 	1.72838e-05
1.50075 	0.0211018 	0.00114494 	1.72303e-05
1.50225 	0.0211149 	0.00114464 	1.71767e-05
1.50375 	0.021128 	0.00114433 	1.71232e-05
1.50525 	0.0211411 	0.00114403 	1.70696e-05
1.50675 	0.0211542 	0.00114373 	1.7016e-05
1.50825 	0.0211673 	0.00114343 	1.69625e-05
1.50975 	0.0211804 	0.00114313 	1.69089e-05
1.51126 	0.0211936 	0.00114283 	1.68553e-05
1.51276 	0.0212067 	0.00114253 	1.68018e-05
1.51426 	0.0212198 	0.00114223 	1.67482e-05
1.51576 	0.0212329 	0.00114193 	1.66946e-05
1.51726 	0.021246 	0.00114162 	1.66411e-05
1.51876 	0.0212591 	0.00114132 	1.65875e-05
1.52026 	0.0212722 	0.00114102 	1.65339e-05
1.52176 	0.0212853 	0.00114072 	1.64804e-05
1.52326 	0.0213008 	0.00113936 	1.64167e-05
1.52476 	0.0213168 	0.00113779 	1.63509e-05
1.52626 	0.0213328 	0.00113623 	1.62852e-05
1.52776 	0.0213488 	0.00113466 	1.62195e-05
1.52926 	0.0213648 	0.00113309 	1.61538e-05
1.53077 	0.0213808 	0.00113152 	1.60881e-05
1.53227 	0.0213968 	0.00112996 	1.60223e-05
1.53377 	0.0214128 	0.00112839 	1.59566e-05
1.53527 	0.0214287 	0.00112682 	1.58909e-05
1.53677 	0.0214447 	0.00112525 	1.58252e-05
1.53827 	0.0214607 	0.00112369 	1.57595e-05
1.53977 	0.0214729 	0.00112471 	1.57232e-05
1.54127 	0.0214849 	0.00112579 	1.56877e-05
1.54277 	0.0214969 	0.00112687 	1.56522e-05
1.54427 	0.021509 	0.00112796 	1.56166e-05
1.54577 	0.021521 	0.00112904 	1.55811e-05
1.54727 	0.021533 	0.00113012 	1.55456e-05
1.54877 	0.0215451 	0.00113121 	1.55101e-05
1.55028 	0.0215571 	0.00113229 	1.54745e-05
1.55178 	0.0215691 	0.00113337 	1.5439e-05
1.55328 	0.0215816 	0.00113417 	1.53876e-05
1.55478 	0.0215954 	0.00113383 	1.52751e-05
1.55628 	0.0216093 	0.00113349 	1.51627e-05
1.55778 	0.0216232 	0.00113315 	1.50502e-05
1.55928 	0.0216371 	0.00113281 	1.49377e-05
1.56078 	0.021651 	0.00113247 	1.48252e-05
1.56228 	0.0216649 	0.00113213 	1.47128e-05
1.56378 	0.0216788 	0.00113179 	1.46003e-05
1.56528 	0.0216926 	0.00113145 	1.44878e-05
1.56678 	0.0217065 	0.00113112 	1.43753e-05
1.56828 	0.0217204 	0.00113078 	1.42628e-05
1.56978 	0.0217343 	0.00113044 	1.41504e-05
1.57129 	0.0217482 	0.0011301 	1.40379e-05
1.57279 	0.0217621 	0.00112976 	1.39254e-05
1.57429 	0.021776 	0.00112942 	1.38129e-05
1.57579 	0.0217898 	0.00112908 	1.37005e-05
1.57729 	0.0218037 	0.00112874 	1.3588e-05
1.57879 	0.0218176 	0.00112841 	1.34755e-05
1.58029 	0.0218315 	0.00112807 	1.3363e-05
1.58179 	0.0218454 	0.00112773 	1.32505e-05
1.58329 	0.0218593 	0.00112739 	1.31381e-05
1.58479 	0.0218732 	0.00112705 	1.30256e-05
1.58629 	0.021887 	0.00112671 	1.29131e-05
1.58779 	0.0219009 	0.00112637 	1.28006e-05
1.58929 	0.0219148 	0.00112603 	1.26882e-05
1.5908 	0.0219287 	0.0011257 	1.25757e-05
1.5923 	0.0219426 	0.00112536 	1.24632e-05
1.5938 	0.0219565 	0.00112502 	1.23507e-05
1.5953 	0.0219706 	0.0011242 	1.22053e-05
1.5968 	0.0219849 	0.00112275 	1.20163e-05
1.5983 	0.0219993 	0.00112129 	1.18272e-05
1.5998 	0.0220136 	0.00111984 	1.16382e-05
1.6013 	0.022028 	0.00111839 	1.14491e-05
1.6028 	0.0220424 	0.00111693 	1.12601e-05
1.6043 	0.0220567 	0.00111548 	1.1071e-05
1.6058 	0.0220711 	0.00111403 	1.0882e-05
1.6073 	0.0220853 	0.00111284 	1.06984e-05
1.6088 	0.0220982 	0.00111378 	1.05601e-05
1.61031 	0.022111 	0.00111472 	1.04217e-05
1.61181 	0.0221239 	0.00111566 	1.02834e-05
1.61331 	0.0221367 	0.00111661 	1.0145e-05
1.61481 	0.0221496 	0.00111755 	1.00067e-05
1.61631 	0.0221624 	0.00111849 	9.8683e-06
1.61781 	0.0221753 	0.00111943 	9.72994e-06
1.61931 	0.0221881 	0.00111918 	9.61182e-06
1.62081 	0.022201 	0.00111829 	9.50467e-06
1.62231 	0.0222138 	0.00111739 	9.39753e-06
1.62381 	0.0222267 	0.00111649 	9.29039e-06
1.62531 	0.0222395 	0.00111559 	9.18324e-06
1.62681 	0.0222524 	0.0011147 	9.0761e-06
1.62831 	0.0222652 	0.0011138 	8.96895e-06
1.62981 	0.0222781 	0.0011129 	8.86181e-06
1.63132 	0.0222909 	0.001112 	8.75466e-06
1.63282 	0.0223038 	0.00111111 	8.64752e-06
1.63432 	0.0223166 	0.00111021 	8.54037e-06
1.63582 	0.0223295 	0.00110931 	8.43323e-06
1.63732 	0.0223423 	0.00110842 	8.32608e-06
1.63882 	0.0223552 	0.00110752 	8.21894e-06
1.64032 	0.022368 	0.00110662 	8.11179e-06
1.64182 	0.0223809 	0.00110572 	8.00465e-06
1.64332 	0.0223937 	0.00110483 	7.8975e-06
1.64482 	0.0224066 	0.00110393 	7.79036e-06
1.64632 	0.0224194 	0.00110303 	7.68321e-06
1.64782 	0.0224323 	0.00110214 	7.57607e-06
1.64932 	0.0224451 	0.00110124 	7.46893e-06
1.65083 	0.022458 	0.00110034 	7.36178e-06
1.65233 	0.0224708 	0.00109944 	7.25464e-06
1.65383 	0.0224837 	0.00109855 	7.14749e-06
1.65533 	0.0224965 	0.00109765 	7.04035e-06
1.65683 	0.0225094 	0.00109675 	6.9332e-06
1.65833 	0.0225222 	0.00109586 	6.82606e-06
1.65983 	0.0225351 	0.00109496 	6.71891e-06
1.66133 	0.0225479 	0.00109406 	6.61177e-06
1.66283 	0.0225608 	0.00109316 	6.50462e-06
1.66433 	0.0225736 	0.00109227 	6.39748e-06
1.66583 	0.0225865 	0.00109137 	6.29033e-06
1.66733 	0.022599 	0.00109004 	6.20139e-06
1.66883 	0.0226106 	0.00108763 	6.15837e-06
1.67034 	0.0226223 	0.00108522 	6.11536e-06
1.67184 	0.0226339 	0.00108281 	6.07234e-06
1.67334 	0.0226456 	0.0010804 	6.02932e-06
1.67484 	0.0226572 	0.00107799 	5.9863e-06
1.67634 	0.0226688 	0.00107559 	5.95132e-06
1.67784 	0.0226803 	0.00107322 	5.92416e-06
1.67934 	0.0226919 	0.00107085 	5.897e-06
1.68084 	0.0227034 	0.00106847 	5.86985e-06
1.68234 	0.0227149 	0.0010661 	5.84269e-06
1.68384 	0.0227266 	0.00106427 	5.84074e-06
1.68534 	0.0227386 	0.00106351 	5.88737e-06
1.68684 	0.0227505 	0.00106275 	5.934e-06
1.68834 	0.0227625 	0.00106198 	5.98062e-06
1.68984 	0.0227744 	0.00106122 	6.02725e-06
1.69135 	0.0227864 	0.00106046 	6.07387e-06
1.69285 	0.0227984 	0.00105969 	6.1205e-06
1.69435 	0.0228103 	0.00105893 	6.16712e-06
1.69585 	0.0228223 	0.00105816 	6.21375e-06
1.69735 	0.0228342 	0.0010574 	6.26038e-06
1.69885 	0.0228462 	0.00105664 	6.307e-06
1.70035 	0.0228581 	0.00105587 	6.35363e-06
1.70185 	0.0228701 	0.00105511 	6.40025e-06
1.70335 	0.0228821 	0.00105435 	6.44688e-06
1.70485 	0.022894 	0.00105358 	6.4935e-06
1.70635 	0.022906 	0.00105282 	6.54013e-06
1.70785 	0.0229179 	0.00105206 	6.58676e-06
1.70935 	0.0229299 	0.00105129 	6.63338e-06
1.71086 	0.0229418 	0.00105053 	6.68001e-06
1.71236 	0.0229538 	0.00104977 	6.72663e-06
1.71386 	0.0229658 	0.001049 	6.77326e-06
1.71536 	0.0229777 	0.00104824 	6.81988e-06
1.71686 	0.0229897 	0.00104748 	6.86651e-06
1.71836 	0.0230016 	0.00104671 	6.91313e-06
1.71986 	0.0230136 	0.00104595 	6.95976e-06
1.72136 	0.0230256 	0.00104519 	7.00639e-06
1.72286 	0.0230375 	0.00104442 	7.05301e-06
1.72436 	0.0230495 	0.00104366 	7.09964e-06
1.72586 	0.0230614 	0.0010429 	7.14626e-06
1.72736 	0.0230734 	0.00104213 	7.19289e-06
1.72886 	0.0230853 	0.00104137 	7.23951e-06
1.73037 	0.0230973 	0.00104061 	7.28614e-06
1.73187 	0.0231093 	0.00103984 	7.33277e-06
1.73337 	0.0231212 	0.00103908 	7.37939e-06
1.73487 	0.0231332 	0.00103831 	7.42602e-06
1.73637 	0.0231451 	0.00103755 	7.47264e-06
1.73787 	0.0231571 	0.00103679 	7.51927e-06
1.73937 	0.0231693 	0.00103696 	7.60368e-06
1.74087 	0.0231817 	0.00103776 	7.7132e-06
1.74237 	0.0231941 	0.00103855 	7.82273e-06
1.74387 	0.023206 	0.00103864 	7.9367e-06
1.74537 	0.0232172 	0.0010373 	8.05961e-06
1.74687 	0.0232284 	0.00103596 	8.18252e-06
1.74837 	0.0232395 	0.00103504 	8.32686e-06
1.74987 	0.0232506 	0.0010347 	8.50089e-06
1.75138 	0.0232617 	0.00103435 	8.67493e-06
1.75288 	0.0232728 	0.00103401 	8.84896e-06
1.75438 	0.0232838 	0.00103366 	9.023e-06
1.75588 	0.0232949 	0.00103332 	9.19703e-06
1.75738 	0.023306 	0.00103297 	9.37107e-06
1.75888 	0.0233171 	0.00103263 	9.5451e-06
1.76038 	0.0233281 	0.00103229 	9.71914e-06
1.76188 	0.0233392 	0.00103194 	9.89317e-06
1.76338 	0.0233503 	0.0010316 	1.00672e-05
1.76488 	0.0233614 	0.00103125 	1.02412e-05
1.76638 	0.0233724 	0.00103091 	1.04153e-05
1.76788 	0.0233835 	0.00103056 	1.05893e-05
1.76938 	0.0233946 	0.00103022 	1.07634e-05
1.77089 	0.0234057 	0.00102988 	1.09374e-05
1.77239 	0.0234167 	0.00102953 	1.11114e-05
1.77389 	0.0234278 	0.00102919 	1.12855e-05
1.77539 	0.0234389 	0.00102884 	1.14595e-05
1.77689 	0.02345 	0.0010285 	1.16335e-05
1.77839 	0.023461 	0.00102815 	1.18076e-05
1.77989 	0.0234721 	0.00102781 	1.19816e-05
1.78139 	0.0234832 	0.00102747 	1.21556e-05
1.78289 	0.0234943 	0.00102712 	1.23297e-05
1.78439 	0.0235053 	0.00102678 	1.25037e-05
1.78589 	0.0235164 	0.00102643 	1.26777e-05
1.78739 	0.0235275 	0.00102609 	1.28518e-05
1.78889 	0.0235386 	0.00102574 	1.30258e-05
1.7904 	0.0235496 	0.0010254 	1.31998e-05
1.7919 	0.0235607 	0.00102506 	1.33739e-05
1.7934 	0.0235718 	0.00102471 	1.35479e-05
1.7949 	0.0235829 	0.00102437 	1.3722e-05
1.7964 	0.0235939 	0.00102402 	1.3896e-05
1.7979 	0.023605 	0.00102368 	1.407e-05
1.7994 	0.0236161 	0.00102333 	1.42441e-05
1.8009 	0.0236272 	0.00102299 	1.44181e-05
1.8024 	0.0236382 	0.00102264 	1.45921e-05
1.8039 	0.0236493 	0.0010223 	1.47662e-05
1.8054 	0.0236604 	0.00102196 	1.49402e-05
1.8069 	0.0236715 	0.00102161 	1.51142e-05
1.8084 	0.0236825 	0.00102127 	1.52883e-05
1.8099 	0.0236936 	0.00102149 	1.5487e-05
1.81141 	0.0237038 	0.00102058 	1.57078e-05
1.81291 	0.0237137 	0.00102011 	1.59391e-05
1.81441 	0.0237235 	0.00101965 	1.61704e-05
1.81591 	0.0237333 	0.00101919 	1.64018e-05
1.81741 	0.0237432 	0.00101873 	1.66331e-05
1.81891 	0.023753 	0.00101826 	1.68644e-05
1.82041 	0.0237629 	0.0010178 	1.70958e-05
1.82191 	0.0237727 	0.00101734 	1.73271e-05
1.82341 	0.0237825 	0.00101688 	1.75584e-05
1.82491 	0.0237924 	0.00101641 	1.77897e-05
1.82641 	0.0238022 	0.00101595 	1.80211e-05
1.82791 	0.0238121 	0.00101549 	1.82524e-05
1.82941 	0.0238219 	0.00101503 	1.84837e-05
1.83092 	0.0238317 	0.00101456 	1.87151e-05
1.83242 	0.0238416 	0.0010141 	1.89464e-05
1.83392 	0.0238514 	0.00101364 	1.91769e-05
1.83542 	0.0238613 	0.00101319 	1.94057e-05
1.83692 	0.0238712 	0.00101273 	1.96345e-05
1.83842 	0.0238811 	0.00101227 	1.98633e-05
1.83992 	0.023891 	0.00101182 	2.00922e-05
1.84142 	0.0239009 	0.00101136 	2.0321e-05
1.84292 	0.0239108 	0.00101091 	2.05498e-05
1.84442 	0.0239207 	0.00101045 	2.07786e-05
1.84592 	0.0239306 	0.00100999 	2.10075e-05
1.84742 	0.0239405 	0.00100954 	2.12363e-05
1.84892 	0.0239504 	0.00100908 	2.14651e-05
1.85043 	0.0239603 	0.00100863 	2.16939e-05
1.85193 	0.0239702 	0.00100817 	2.19228e-05
1.85343 	0.0239801 	0.00100771 	2.21516e-05
1.85493 	0.02399 	0.00100726 	2.23804e-05
1.85643 	0.0239999 	0.0010068 	2.26092e-05
1.85793 	0.0240098 	0.00100635 	2.28381e-05
1.85943 	0.0240197 	0.00100589 	2.30669e-05
1.86093 	0.0240296 	0.00100543 	2.32957e-05
1.86243 	0.0240395 	0.00100498 	2.35245e-05
1.86393 	0.0240494 	0.00100452 	2.37533e-05
1.86543 	0.0240593 	0.00100407 	2.39822e-05
1.86693 	0.0240692 	0.00100361 	2.4211e-05
1.86843 	0.0240791 	0.00100315 	2.44398e-05
1.86993 	0.024089 	0.0010027 	2.46686e-05
1.87144 	0.0240989 	0.00100224 	2.48975e-05
1.87294 	0.0241088 	0.00100179 	2.51263e-05
1.87444 	0.0241184 	0.00100134 	2.53543e-05
1.87594 	0.024127 	0.0010009 	2.55796e-05
1.87744 	0.0241365 	0.00100024 	2.58015e-05
1.87894 	0.0241457 	0.000999608 	2.60252e-05
1.88044 	0.024154 	0.000999118 	2.62534e-05
1.88194 	0.0241623 	0.000998627 	2.64815e-05
1.88344 	0.0241706 	0.000998136 	2.67097e-05
1.88494 	0.0241788 	0.000997646 	2.69378e-05
1.88644 	0.0241871 	0.000997155 	2.7166e-05
1.88794 	0.0241954 	0.000996664 	2.73941e-05
1.88944 	0.0242037 	0.000996173 	2.76223e-05
1.89095 	0.0242119 	0.000995683 	2.78505e-05
1.89245 	0.0242202 	0.000995192 	2.80786e-05
1.89395 	0.0242285 	0.000994701 	2.83068e-05
1.89545 	0.0242368 	0.00099421 	2.85349e-05
1.89695 	0.024245 	0.00099372 	2.87631e-05
1.89845 	0.0242533 	0.000993229 	2.89913e-05
1.89995 	0.0242616 	0.000992738 	2.92194e-05
1.90145 	0.0242699 	0.000992248 	2.94476e-05
1.90295 	0.0242781 	0.000991757 	2.96757e-05
1.90445 	0.0242864 	0.000991266 	2.99039e-05
1.90595 	0.0242947 	0.000990775 	3.01321e-05
1.90745 	0.024303 	0.000990285 	3.03602e-05
1.90895 	0.0243112 	0.000989794 	3.05884e-05
1.91046 	0.0243195 	0.000989303 	3.08165e-05
1.91196 	0.0243278 	0.000988812 	3.10447e-05
1.91346 	0.0243361 	0.000988322 	3.12729e-05
1.91496 	0.0243443 	0.000987831 	3.1501e-05
1.91646 	0.0243526 	0.00098734 	3.17292e-05
1.91796 	0.0243609 	0.00098685 	3.19573e-05
1.91946 	0.0243692 	0.000986359 	3.21855e-05
1.92096 	0.0243774 	0.000985868 	3.24137e-05
1.92246 	0.0243857 	0.000985377 	3.26418e-05
1.92396 	0.024394 	0.000984887 	3.287e-05
1.92546 	0.0244023 	0.000984396 	3.30981e-05
1.92696 	0.0244105 	0.000983905 	3.33263e-05
1.92846 	0.0244188 	0.000983414 	3.35544e-05
1.92996 	0.0244271 	0.000982924 	3.37826e-05
1.93147 	0.0244354 	0.000982433 	3.40108e-05
1.93297 	0.0244436 	0.000981942 	3.42389e-05
1.93447 	0.0244519 	0.000981452 	3.44671e-05
1.93597 	0.0244597 	0.000980995 	3.46898e-05
1.93747 	0.0244657 	0.000980651 	3.48942e-05
1.93897 	0.0244718 	0.000980308 	3.50985e-05
1.94047 	0.0244779 	0.000979965 	3.53029e-05
1.94197 	0.0244837 	0.000979526 	3.55296e-05
1.94347 	0.0244895 	0.000979067 	3.57612e-05
1.94497 	0.0244953 	0.000978608 	3.59927e-05
1.94647 	0.0245012 	0.000978144 	3.62021e-05
1.94797 	0.0245079 	0.000977654 	3.62877e-05
1.94947 	0.0245146 	0.000977165 	3.63733e-05
1.95098 	0.0245213 	0.000976675 	3.64589e-05
1.95248 	0.0245281 	0.000976185 	3.65445e-05
1.95398 	0.0245348 	0.000975696 	3.66301e-05
1.95548 	0.0245415 	0.000975206 	3.67156e-05
1.95698 	0.0245482 	0.000974716 	3.68012e-05
1.95848 	0.0245549 	0.000974227 	3.68868e-05
1.95998 	0.0245616 	0.000973737 	3.69724e-05
1.96148 	0.0245684 	0.000973247 	3.7058e-05
1.96298 	0.0245751 	0.000972758 	3.71436e-05
1.96448 	0.0245818 	0.000972268 	3.72291e-05
1.96598 	0.0245885 	0.000971778 	3.73147e-05
1.96748 	0.0245952 	0.000971289 	3.74003e-05
1.96898 	0.0246019 	0.000970799 	3.74859e-05
1.97049 	0.0246086 	0.000970309 	3.75715e-05
1.97199 	0.0246154 	0.00096982 	3.7657e-05
1.97349 	0.0246221 	0.00096933 	3.77426e-05
1.97499 	0.0246288 	0.00096884 	3.78282e-05
1.97649 	0.0246355 	0.000968351 	3.79138e-05
1.97799 	0.0246422 	0.000967861 	3.79994e-05
1.97949 	0.0246489 	0.000967372 	3.8085e-05
1.98099 	0.0246557 	0.000966882 	3.81705e-05
1.98249 	0.0246624 	0.000966392 	3.82561e-05
1.98399 	0.0246691 	0.000965903 	3.83417e-05
1.98549 	0.0246758 	0.000965413 	3.84273e-05
1.98699 	0.0246825 	0.000964923 	3.85129e-05
1.98849 	0.0246892 	0.000964434 	3.85984e-05
1.98999 	0.0246959 	0.000963944 	3.8684e-05
1.9915 	0.0247027 	0.000963454 	3.87696e-05
1.993 	0.0247094 	0.000962965 	3.88552e-05
1.9945 	0.0247161 	0.000962475 	3.89408e-05
1.996 	0.024723 	0.00096196 	3.90144e-05
1.9975 	0.0247315 	0.000961204 	3.89766e-05
1.999 	0.0247401 	0.000960448 	3.89387e-05
2.0005 	0.0247486 	0.000959692 	3.89008e-05
2.002 	0.0247572 	0.000958936 	3.88629e-05
2.0035 	0.0247657 	0.00095818 	3.8825e-05
2.005 	0.0247731 	0.000957481 	3.87962e-05
2.0065 	0.0247801 	0.000956796 	3.87694e-05
2.008 	0.0247871 	0.000956112 	3.87427e-05
2.0095 	0.0247941 	0.000955427 	3.87159e-05
2.01101 	0.0248011 	0.000954742 	3.86892e-05
2.01251 	0.0248081 	0.000954061 	3.86634e-05
2.01401 	0.0248149 	0.000953409 	3.86435e-05
2.01551 	0.0248217 	0.000952757 	3.86236e-05
2.01701 	0.0248285 	0.000952105 	3.86037e-05
2.01851 	0.0248352 	0.000951453 	3.85839e-05
2.02001 	0.024842 	0.000950801 	3.8564e-05
2.02151 	0.0248488 	0.000950148 	3.85441e-05
2.02301 	0.0248556 	0.000949496 	3.85242e-05
2.02451 	0.0248623 	0.000948844 	3.85044e-05
2.02601 	0.0248691 	0.000948192 	3.84845e-05
2.02751 	0.0248759 	0.00094754 	3.84646e-05
2.02901 	0.0248827 	0.000946888 	3.84447e-05
2.03052 	0.0248894 	0.000946236 	3.84249e-05
2.03202 	0.0248962 	0.000945584 	3.8405e-05
2.03352 	0.024903 	0.000944931 	3.83851e-05
2.03502 	0.0249098 	0.000944279 	3.83652e-05
2.03652 	0.0249165 	0.000943627 	3.83453e-05
2.03802 	0.0249233 	0.000942975 	3.83255e-05
2.03952 	0.0249301 	0.000942323 	3.83056e-05
2.04102 	0.0249369 	0.000941671 	3.82857e-05
2.04252 	0.0249436 	0.000941019 	3.82658e-05
2.04402 	0.0249504 	0.000940367 	3.8246e-05
2.04552 	0.0249572 	0.000939714 	3.82261e-05
2.04702 	0.024964 	0.000939062 	3.82062e-05
2.04852 	0.0249707 	0.00093841 	3.81863e-05
2.05003 	0.0249775 	0.000937758 	3.81665e-05
2.05153 	0.0249843 	0.000937106 	3.81466e-05
2.05303 	0.0249911 	0.000936454 	3.81267e-05
2.05453 	0.0249979 	0.000935802 	3.81068e-05
2.05603 	0.0250051 	0.000934955 	3.8126e-05
2.05753 	0.0250124 	0.000934096 	3.81479e-05
2.05903 	0.0250197 	0.000933236 	3.81697e-05
2.06053 	0.025027 	0.000932377 	3.81916e-05
2.06203 	0.0250343 	0.000931517 	3.82135e-05
2.06353 	0.0250416 	0.000930658 	3.82353e-05
2.06503 	0.0250489 	0.000929798 	3.82572e-05
2.06653 	0.025056 	0.000928943 	3.82642e-05
2.06803 	0.0250631 	0.000928088 	3.82698e-05
2.06953 	0.0250702 	0.000927232 	3.82755e-05
2.07104 	0.0250773 	0.000926377 	3.82811e-05
2.07254 	0.0250844 	0.000925522 	3.82868e-05
2.07404 	0.0250915 	0.000924667 	3.82924e-05
2.07554 	0.0250986 	0.000923812 	3.82981e-05
2.07704 	0.0251055 	0.000922972 	3.83427e-05
2.07854 	0.0251122 	0.000922152 	3.84386e-05
2.08004 	0.025119 	0.000921333 	3.85346e-05
2.08154 	0.0251257 	0.000920513 	3.86306e-05
2.08304 	0.0251324 	0.000919693 	3.87265e-05
2.08454 	0.0251391 	0.000918874 	3.88225e-05
2.08604 	0.0251459 	0.000918054 	3.89185e-05
2.08754 	0.0251526 	0.000917234 	3.90144e-05
2.08904 	0.0251593 	0.000916414 	3.91104e-05
2.09055 	0.025166 	0.000915595 	3.92064e-05
2.09205 	0.0251727 	0.000914775 	3.93023e-05
2.09355 	0.0251795 	0.000913955 	3.93983e-05
2.09505 	0.0251862 	0.000913136 	3.94943e-05
2.09655 	0.0251929 	0.000912316 	3.95902e-05
2.09805 	0.0251996 	0.000911496 	3.96862e-05
2.09955 	0.0252063 	0.000910676 	3.97822e-05
2.10105 	0.0252131 	0.000909857 	3.98782e-05
2.10255 	0.0252198 	0.000909037 	3.99741e-05
2.10405 	0.0252265 	0.000908217 	4.00701e-05
2.10555 	0.0252332 	0.000907398 	4.01661e-05
2.10705 	0.0252399 	0.000906578 	4.0262e-05
2.10855 	0.0252467 	0.000905758 	4.0358e-05
2.11006 	0.0252534 	0.000904938 	4.0454e-05
2.11156 	0.0252601 	0.000904119 	4.05499e-05
2.11306 	0.0252665 	0.000903171 	4.07332e-05
2.11456 	0.0252728 	0.000902198 	4.09339e-05
2.11606 	0.0252791 	0.000901225 	4.11346e-05
2.11756 	0.0252854 	0.000900252 	4.13353e-05
2.11906 	0.0252918 	0.000899279 	4.15361e-05
2.12056 	0.0252981 	0.000898306 	4.17368e-05
2.12206 	0.0253044 	0.000897333 	4.19375e-05
2.12356 	0.0253107 	0.00089636 	4.21382e-05
2.12506 	0.025317 	0.000895398 	4.23347e-05
2.12656 	0.0253231 	0.000894466 	4.25189e-05
2.12806 	0.0253293 	0.000893533 	4.27032e-05
2.12956 	0.0253354 	0.000892601 	4.28874e-05
2.13107 	0.0253416 	0.000891669 	4.30717e-05
2.13257 	0.0253477 	0.000890737 	4.32559e-05
2.13407 	0.0253539 	0.000889805 	4.34402e-05
2.13557 	0.0253601 	0.000888872 	4.36244e-05
2.13707 	0.0253662 	0.00088794 	4.38087e-05
2.13857 	0.0253723 	0.000887017 	4.40023e-05
2.14007 	0.0253782 	0.000886138 	4.42455e-05
2.14157 	0.0253841 	0.00088526 	4.44886e-05
2.14307 	0.0253899 	0.000884381 	4.47318e-05
2.14457 	0.0253958 	0.000883503 	4.49749e-05
2.14607 	0.0254017 	0.000882624 	4.5218e-05
2.14757 	0.0254075 	0.000881746 	4.54612e-05
2.14907 	0.0254134 	0.000880867 	4.57043e-05
2.15058 	0.0254193 	0.000879989 	4.59474e-05
2.15208 	0.0254251 	0.00087911 	4.61906e-05
2.15358 	0.025431 	0.000878232 	4.64337e-05
2.15508 	0.0254369 	0.000877353 	4.66768e-05
2.15658 	0.0254428 	0.000876475 	4.692e-05
2.15808 	0.0254486 	0.000875596 	4.71631e-05
2.15958 	0.0254545 	0.000874718 	4.74062e-05
2.16108 	0.0254604 	0.000873839 	4.76494e-05
2.16258 	0.0254662 	0.000872961 	4.78925e-05
2.16408 	0.0254721 	0.000872082 	4.81356e-05
2.16558 	0.025478 	0.000871204 	4.83788e-05
2.16708 	0.0254838 	0.000870325 	4.86219e-05
2.16858 	0.0254894 	0.000869314 	4.89256e-05
2.17009 	0.025495 	0.000868282 	4.92386e-05
2.17159 	0.0255005 	0.00086725 	4.95517e-05
2.17309 	0.0255061 	0.000866218 	4.98647e-05
2.17459 	0.0255116 	0.000865187 	5.01778e-05
2.17609 	0.0255172 	0.000864155 	5.04908e-05
2.17759 	0.0255227 	0.000863123 	5.08039e-05
2.17909 	0.0255283 	0.000862091 	5.11169e-05
2.18059 	0.0255338 	0.000861059 	5.143e-05
2.18209 	0.0255394 	0.000860027 	5.1743e-05
2.18359 	0.0255447 	0.000859082 	5.20679e-05
2.18509 	0.02555 	0.000858145 	5.23939e-05
2.18659 	0.0255553 	0.000857208 	5.272e-05
2.18809 	0.0255605 	0.000856272 	5.30461e-05
2.18959 	0.0255658 	0.000855335 	5.33721e-05
2.1911 	0.0255711 	0.000854398 	5.36982e-05
2.1926 	0.0255764 	0.000853462 	5.40243e-05
2.1941 	0.0255817 	0.000852525 	5.43504e-05
2.1956 	0.025587 	0.000851588 	5.46764e-05
2.1971 	0.0255922 	0.000850651 	5.50025e-05
2.1986 	0.0255973 	0.000849757 	5.5307e-05
2.2001 	0.025602 	0.000848922 	5.55808e-05
2.2016 	0.0256067 	0.000848087 	5.58546e-05
2.2031 	0.0256114 	0.000847252 	5.61283e-05
2.2046 	0.0256161 	0.000846418 	5.64021e-05
2.2061 	0.0256208 	0.000845583 	5.66758e-05
2.2076 	0.0256256 	0.000844748 	5.69496e-05
2.2091 	0.0256303 	0.000843913 	5.72233e-05
2.21061 	0.025635 	0.000843078 	5.74971e-05
2.21211 	0.0256397 	0.000842243 	5.77708e-05
2.21361 	0.0256444 	0.000841409 	5.80446e-05
2.21511 	0.0256491 	0.000840574 	5.83184e-05
2.21661 	0.0256538 	0.000839739 	5.85921e-05
2.21811 	0.0256585 	0.000838904 	5.88659e-05
2.21961 	0.0256633 	0.000838069 	5.91396e-05
2.22111 	0.0256679 	0.000837239 	5.94068e-05
2.22261 	0.0256715 	0.000836444 	5.96136e-05
2.22411 	0.0256752 	0.000835649 	5.98203e-05
2.22561 	0.0256789 	0.000834854 	6.00271e-05
2.22711 	0.0256826 	0.000834059 	6.02339e-05
2.22861 	0.0256863 	0.000833264 	6.04406e-05
2.23012 	0.02569 	0.00083247 	6.06474e-05
2.23162 	0.0256936 	0.000831675 	6.08541e-05
2.23312 	0.0256973 	0.00083088 	6.10609e-05
2.23462 	0.025701 	0.000830085 	6.12677e-05
2.23612 	0.0257047 	0.00082929 	6.14744e-05
2.23762 	0.0257084 	0.000828496 	6.16812e-05
2.23912 	0.0257112 	0.000827943 	6.18692e-05
2.24062 	0.025714 	0.000827406 	6.2056e-05
2.24212 	0.0257168 	0.00082687 	6.22428e-05
2.24362 	0.0257195 	0.000826333 	6.24297e-05
2.24512 	0.0257223 	0.000825796 	6.26165e-05
2.24662 	0.0257251 	0.000825259 	6.28033e-05
2.24812 	0.0257279 	0.000824722 	6.29901e-05
2.24962 	0.0257307 	0.000824186 	6.3177e-05
2.25113 	0.0257335 	0.000823649 	6.33638e-05
2.25263 	0.0257362 	0.000823112 	6.35506e-05
2.25413 	0.025739 	0.000822575 	6.37374e-05
2.25563 	0.025742 	0.00082197 	6.39299e-05
2.25713 	0.0257456 	0.000821167 	6.41385e-05
2.25863 	0.0257492 	0.000820365 	6.43471e-05
2.26013 	0.0257528 	0.000819562 	6.45557e-05
2.26163 	0.0257564 	0.000818759 	6.47644e-05
2.26313 	0.02576 	0.000817956 	6.4973e-05
2.26463 	0.0257636 	0.000817154 	6.51816e-05
2.26613 	0.0257671 	0.000816351 	6.53903e-05
2.26763 	0.0257707 	0.000815548 	6.55989e-05
2.26913 	0.0257743 	0.000814745 	6.58075e-05
2.27064 	0.0257779 	0.000813943 	6.60161e-05
2.27214 	0.0257815 	0.00081314 	6.62248e-05
2.27364 	0.0257856 	0.000812085 	6.64465e-05
2.27514 	0.02579 	0.00081085 	6.66775e-05
2.27664 	0.0257943 	0.000809615 	6.69085e-05
2.27814 	0.0257987 	0.00080838 	6.71396e-05
2.27964 	0.0258031 	0.000807146 	6.73706e-05
2.28114 	0.0258075 	0.000805911 	6.76016e-05
2.28264 	0.0258119 	0.000804676 	6.78326e-05
2.28414 	0.0258163 	0.000803441 	6.80637e-05
2.28564 	0.0258207 	0.000802207 	6.82947e-05
2.28714 	0.025825 	0.000800972 	6.85257e-05
2.28864 	0.0258294 	0.000799737 	6.87567e-05
2.29015 	0.0258338 	0.000798502 	6.89878e-05
2.29165 	0.0258379 	0.000797363 	6.92068e-05
2.29315 	0.0258415 	0.000796359 	6.94089e-05
2.29465 	0.0258451 	0.000795354 	6.9611e-05
2.29615 	0.0258487 	0.00079435 	6.98131e-05
2.29765 	0.0258523 	0.000793345 	7.00152e-05
2.29915 	0.025856 	0.000792341 	7.02173e-05
2.30065 	0.0258596 	0.000791337 	7.04194e-05
2.30215 	0.0258632 	0.000790332 	7.06215e-05
2.30365 	0.0258668 	0.000789328 	7.08236e-05
2.30515 	0.0258704 	0.000788323 	7.10256e-05
2.30665 	0.0258741 	0.000787319 	7.12277e-05
2.30815 	0.0258777 	0.000786315 	7.14298e-05
2.30965 	0.0258813 	0.00078531 	7.16319e-05
2.31116 	0.0258846 	0.000784327 	7.17978e-05
2.31266 	0.0258878 	0.000783352 	7.19514e-05
2.31416 	0.0258911 	0.000782376 	7.21051e-05
2.31566 	0.0258943 	0.0007814 	7.22587e-05
2.31716 	0.0258975 	0.000780424 	7.24124e-05
2.31866 	0.0259007 	0.000779449 	7.2566e-05
2.32016 	0.025904 	0.000778473 	7.27196e-05
2.32166 	0.0259072 	0.000777497 	7.28733e-05
2.32316 	0.0259104 	0.000776421 	7.30138e-05
2.32466 	0.0259135 	0.000775174 	7.31317e-05
2.32616 	0.0259167 	0.000773927 	7.32496e-05
2.32766 	0.0259198 	0.00077268 	7.33675e-05
2.32916 	0.025923 	0.000771433 	7.34855e-05
2.33067 	0.0259262 	0.000770186 	7.36034e-05
2.33217 	0.0259293 	0.000768939 	7.37213e-05
2.33367 	0.0259325 	0.000767692 	7.38392e-05
2.33517 	0.0259356 	0.000766445 	7.39571e-05
2.33667 	0.0259388 	0.000765198 	7.40751e-05
2.33817 	0.0259419 	0.000763951 	7.4193e-05
2.33967 	0.0259451 	0.000762704 	7.43109e-05
2.34117 	0.0259482 	0.000761457 	7.44288e-05
2.34267 	0.0259513 	0.000760246 	7.45491e-05
2.34417 	0.0259543 	0.000759096 	7.46734e-05
2.34567 	0.0259574 	0.000757946 	7.47978e-05
2.34717 	0.0259604 	0.000756797 	7.49221e-05
2.34867 	0.0259634 	0.000755647 	7.50464e-05
2.35018 	0.0259664 	0.000754497 	7.51707e-05
2.35168 	0.0259694 	0.000753348 	7.52951e-05
2.35318 	0.0259724 	0.000752198 	7.54194e-05
2.35468 	0.0259754 	0.000751048 	7.55437e-05
2.35618 	0.0259784 	0.000749899 	7.5668e-05
2.35768 	0.0259814 	0.000748749 	7.57924e-05
2.35918 	0.0259844 	0.000747599 	7.59167e-05
2.36068 	0.0259875 	0.00074645 	7.6041e-05
2.36218 	0.0259905 	0.0007453 	7.61654e-05
2.36368 	0.025993 	0.00074417 	7.63389e-05
2.36518 	0.0259956 	0.000743042 	7.65167e-05
2.36668 	0.0259981 	0.000741914 	7.66945e-05
2.36818 	0.0260006 	0.000740786 	7.68723e-05
2.36968 	0.0260031 	0.000739658 	7.70501e-05
2.37119 	0.0260052 	0.000738273 	7.72565e-05
2.37269 	0.0260066 	0.000736615 	7.74934e-05
2.37419 	0.0260081 	0.000734957 	7.77303e-05
2.37569 	0.0260096 	0.000733299 	7.79672e-05
2.37719 	0.0260111 	0.000731641 	7.82041e-05
2.37869 	0.0260126 	0.000729983 	7.8441e-05
2.38019 	0.026014 	0.000728325 	7.86779e-05
2.38169 	0.0260155 	0.000726667 	7.89149e-05
2.38319 	0.026017 	0.00072501 	7.91518e-05
2.38469 	0.0260185 	0.000723352 	7.93887e-05
2.38619 	0.02602 	0.000721694 	7.96256e-05
2.38769 	0.0260214 	0.000720036 	7.98625e-05
2.38919 	0.0260229 	0.000718378 	8.00994e-05
2.3907 	0.0260244 	0.00071672 	8.03363e-05
2.3922 	0.0260266 	0.000715712 	8.05825e-05
2.3937 	0.0260289 	0.000714838 	8.08306e-05
2.3952 	0.0260312 	0.000713965 	8.10788e-05
2.3967 	0.0260335 	0.000713092 	8.13269e-05
2.3982 	0.0260358 	0.000712218 	8.1575e-05
2.3997 	0.0260381 	0.000711345 	8.18231e-05
2.4012 	0.0260404 	0.000710471 	8.20713e-05
2.4027 	0.0260427 	0.000709598 	8.23194e-05
2.4042 	0.026045 	0.000708725 	8.25675e-05
2.4057 	0.0260473 	0.000707851 	8.28156e-05
2.4072 	0.0260497 	0.000706978 	8.30638e-05
2.4087 	0.026052 	0.000706105 	8.33119e-05
2.41021 	0.0260543 	0.000705231 	8.356e-05
2.41171 	0.0260566 	0.000704358 	8.38081e-05
2.41321 	0.026058 	0.000703234 	8.40878e-05
2.41471 	0.0260592 	0.000702045 	8.43759e-05
2.41621 	0.0260604 	0.000700855 	8.46639e-05
2.41771 	0.02606 	0.000698997 	8.49715e-05
2.41921 	0.0260595 	0.000697106 	8.52801e-05
2.42071 	0.0260589 	0.000695216 	8.55886e-05
2.42221 	0.0260584 	0.000693325 	8.58972e-05
2.42371 	0.0260579 	0.000691435 	8.62058e-05
2.42521 	0.0260574 	0.000689545 	8.65143e-05
2.42671 	0.0260568 	0.000687654 	8.68229e-05
2.42821 	0.0260563 	0.000685764 	8.71315e-05
2.42971 	0.0260558 	0.000683873 	8.74401e-05
2.43122 	0.0260553 	0.000681983 	8.77486e-05
2.43272 	0.0260547 	0.000680093 	8.80572e-05
2.43422 	0.0260542 	0.000678202 	8.83658e-05
2.43572 	0.0260537 	0.000676312 	8.86743e-05
2.43722 	0.0260532 	0.000674421 	8.89829e-05
2.43872 	0.0260541 	0.000673438 	8.93807e-05
2.44022 	0.0260553 	0.000672665 	8.97992e-05
2.44172 	0.0260565 	0.000671892 	9.02176e-05
2.44322 	0.0260578 	0.000671118 	9.06361e-05
2.44472 	0.026059 	0.000670345 	9.10545e-05
2.44622 	0.0260602 	0.000669572 	9.1473e-05
2.44772 	0.0260615 	0.000668799 	9.18915e-05
2.44922 	0.0260627 	0.000668026 	9.23099e-05
2.45073 	0.0260639 	0.000667253 	9.27284e-05
2.45223 	0.0260652 	0.00066648 	9.31469e-05
2.45373 	0.0260664 	0.000665706 	9.35653e-05
2.45523 	0.0260676 	0.000664933 	9.39838e-05
2.45673 	0.0260689 	0.00066416 	9.44023e-05
2.45823 	0.0260701 	0.000663387 	9.48207e-05
2.45973 	0.0260709 	0.000662535 	9.51883e-05
2.46123 	0.0260698 	0.000661294 	9.53522e-05
2.46273 	0.0260684 	0.000659986 	9.54858e-05
2.46423 	0.026067 	0.000658679 	9.56194e-05
2.46573 	0.0260657 	0.000657371 	9.5753e-05
2.46723 	0.0260643 	0.000656063 	9.58867e-05
2.46873 	0.0260629 	0.000654755 	9.60203e-05
2.47024 	0.0260615 	0.000653447 	9.61539e-05
2.47174 	0.0260601 	0.00065214 	9.62876e-05
2.47324 	0.0260587 	0.000650832 	9.64212e-05
2.47474 	0.0260574 	0.000649524 	9.65548e-05
2.47624 	0.026056 	0.000648216 	9.66885e-05
2.47774 	0.0260546 	0.000646909 	9.68221e-05
2.47924 	0.0260532 	0.000645601 	9.69557e-05
2.48074 	0.0260518 	0.000644293 	9.70893e-05
2.48224 	0.026051 	0.00064334 	9.72587e-05
2.48374 	0.0260515 	0.000643141 	9.75042e-05
2.48524 	0.0260519 	0.000642943 	9.77497e-05
2.48674 	0.0260523 	0.000642744 	9.79952e-05
2.48824 	0.0260527 	0.000642546 	9.82407e-05
2.48974 	0.0260532 	0.000642347 	9.84862e-05
2.49125 	0.0260536 	0.000642148 	9.87316e-05
2.49275 	0.026054 	0.00064195 	9.89771e-05
2.49425 	0.0260545 	0.000641751 	9.92226e-05
2.49575 	0.0260549 	0.000641553 	9.94681e-05
2.49725 	0.0260553 	0.000641354 	9.97136e-05
2.49875 	0.0260557 	0.000641156 	9.99591e-05
2.50025 	0.0260562 	0.000640957 	0.000100205
2.50175 	0.0260566 	0.000640759 	0.00010045
2.50325 	0.0260551 	0.00063946 	0.000100766
2.50475 	0.0260525 	0.000637658 	0.0001011
2.50625 	0.0260492 	0.000635557 	0.000101443
2.50775 	0.026046 	0.000633456 	0.000101786
2.50925 	0.0260427 	0.000631355 	0.000102129
2.51076 	0.0260394 	0.000629254 	0.000102473
2.51226 	0.0260362 	0.000627152 	0.000102816
2.51376 	0.0260329 	0.000625051 	0.000103159
2.51526 	0.0260297 	0.00062295 	0.000103503
2.51676 	0.0260264 	0.000620849 	0.000103846
2.51826 	0.0260232 	0.000618748 	0.000104189
2.51976 	0.0260199 	0.000616647 	0.000104532
2.52126 	0.0260167 	0.000614546 	0.000104876
2.52276 	0.0260134 	0.000612445 	0.000105219
2.52426 	0.0260108 	0.00061082 	0.000105574
2.52576 	0.0260094 	0.000610106 	0.00010595
2.52726 	0.0260079 	0.000609392 	0.000106326
2.52876 	0.0260065 	0.000608678 	0.000106703
2.53027 	0.0260051 	0.000607964 	0.000107079
2.53177 	0.0260037 	0.000607251 	0.000107455
2.53327 	0.0260022 	0.000606537 	0.000107832
2.53477 	0.0260008 	0.000605823 	0.000108208
2.53627 	0.0259994 	0.000605109 	0.000108584
2.53777 	0.025998 	0.000604395 	0.000108961
2.53927 	0.0259966 	0.000603681 	0.000109337
2.54077 	0.0259951 	0.000602968 	0.000109714
2.54227 	0.0259926 	0.000601821 	0.000110103
2.54377 	0.0259891 	0.000600337 	0.000110503
2.54527 	0.0259857 	0.000598852 	0.000110903
2.54677 	0.0259813 	0.000597035 	0.000111316
2.54827 	0.025976 	0.000594946 	0.000111739
2.54977 	0.0259708 	0.000592857 	0.000112162
2.55128 	0.0259655 	0.000590768 	0.000112585
2.55278 	0.0259603 	0.000588679 	0.000113008
2.55428 	0.025955 	0.00058659 	0.00011343
2.55578 	0.0259498 	0.000584502 	0.000113853
2.55728 	0.0259446 	0.000582413 	0.000114276
2.55878 	0.0259393 	0.000580324 	0.000114699
2.56028 	0.0259341 	0.000578235 	0.000115122
2.56178 	0.0259288 	0.000576146 	0.000115545
2.56328 	0.0259236 	0.000574057 	0.000115968
2.56478 	0.0259198 	0.000573066 	0.00011643
2.56628 	0.0259162 	0.000572247 	0.000116899
2.56778 	0.0259127 	0.000571429 	0.000117368
2.56928 	0.0259091 	0.00057061 	0.000117836
2.57079 	0.0259055 	0.000569791 	0.000118305
2.57229 	0.025902 	0.000568973 	0.000118774
2.57379 	0.0258984 	0.000568154 	0.000119243
2.57529 	0.0258948 	0.000567335 	0.000119712
2.57679 	0.0258913 	0.000566516 	0.00012018
2.57829 	0.0258877 	0.000565698 	0.000120649
2.57979 	0.025884 	0.000564706 	0.000121049
2.58129 	0.02588 	0.00056353 	0.000121376
2.58279 	0.025876 	0.000562354 	0.000121702
2.58429 	0.025872 	0.000561177 	0.000122029
2.58579 	0.0258679 	0.00055996 	0.000122345
2.58729 	0.0258629 	0.000558399 	0.000122576
2.58879 	0.0258579 	0.000556839 	0.000122808
2.5903 	0.0258529 	0.000555278 	0.000123039
2.5918 	0.0258478 	0.000553718 	0.00012327
2.5933 	0.0258428 	0.000552157 	0.000123501
2.5948 	0.0258378 	0.000550596 	0.000123733
2.5963 	0.0258328 	0.000549036 	0.000123964
2.5978 	0.0258278 	0.000547475 	0.000124195
2.5993 	0.0258227 	0.000545915 	0.000124426
2.6008 	0.0258177 	0.000544354 	0.000124658
2.6023 	0.0258157 	0.000544134 	0.000124851
2.6038 	0.0258141 	0.000544141 	0.000125037
2.6053 	0.0258126 	0.000544148 	0.000125224
2.6068 	0.0258111 	0.000544154 	0.00012541
2.6083 	0.0258095 	0.000544161 	0.000125597
2.6098 	0.025808 	0.000544168 	0.000125784
2.61131 	0.0258064 	0.000544174 	0.00012597
2.61281 	0.0258049 	0.000544181 	0.000126157
2.61431 	0.0258034 	0.000544187 	0.000126343
2.61581 	0.0257981 	0.000543068 	0.000126559
2.61731 	0.0257916 	0.000541546 	0.000126784
2.61881 	0.0257851 	0.000540025 	0.000127009
2.62031 	0.0257785 	0.000538503 	0.000127234
2.62181 	0.025772 	0.000536982 	0.00012746
2.62331 	0.0257643 	0.000535123 	0.000127696
2.62481 	0.0257531 	0.000532233 	0.000127965
2.62631 	0.0257419 	0.000529344 	0.000128234
2.62781 	0.0257307 	0.000526455 	0.000128503
2.62931 	0.0257195 	0.000523566 	0.000128772
2.63082 	0.0257083 	0.000520677 	0.000129042
2.63232 	0.0256971 	0.000517788 	0.000129311
2.63382 	0.0256859 	0.000514899 	0.00012958
2.63532 	0.0256747 	0.00051201 	0.000129849
2.63682 	0.0256638 	0.000509194 	0.000130102
2.63832 	0.025654 	0.000506567 	0.000130314
2.63982 	0.0256441 	0.000503939 	0.000130525
2.64132 	0.0256342 	0.000501311 	0.000130737
2.64282 	0.0256243 	0.000498683 	0.000130948
2.64432 	0.0256144 	0.000496055 	0.00013116
2.64582 	0.0256046 	0.000493427 	0.000131371
2.64732 	0.0255947 	0.000490799 	0.000131583
2.64882 	0.0255846 	0.000488404 	0.000131749
2.65033 	0.0255741 	0.000486558 	0.000131809
2.65183 	0.0255637 	0.000484712 	0.000131869
2.65333 	0.0255532 	0.000482866 	0.000131929
2.65483 	0.0255427 	0.000481019 	0.000131989
2.65633 	0.0255322 	0.000479173 	0.000132049
2.65783 	0.0255217 	0.000477327 	0.000132109
2.65933 	0.0255115 	0.000476402 	0.000132009
2.66083 	0.0255013 	0.000475555 	0.000131895
2.66233 	0.0254912 	0.000474708 	0.00013178
2.66383 	0.025481 	0.000473861 	0.000131666
2.66533 	0.0254709 	0.000473014 	0.000131552
2.66683 	0.0254607 	0.000472167 	0.000131438
2.66833 	0.0254505 	0.00047132 	0.000131324
2.66983 	0.02544 	0.000470333 	0.000131209
2.67134 	0.0254269 	0.000468173 	0.000131089
2.67284 	0.0254138 	0.000466012 	0.000130969
2.67434 	0.0254007 	0.000463852 	0.000130848
2.67584 	0.0253876 	0.000461692 	0.000130728
2.67734 	0.0253745 	0.000459532 	0.000130608
2.67884 	0.0253614 	0.000457372 	0.000130487
2.68034 	0.0253487 	0.000455339 	0.000130362
2.68184 	0.0253391 	0.000454128 	0.000130203
2.68334 	0.0253294 	0.000452916 	0.000130044
2.68484 	0.0253197 	0.000451705 	0.000129885
2.68634 	0.02531 	0.000450494 	0.000129726
2.68784 	0.0253004 	0.000449282 	0.000129567
2.68934 	0.0252907 	0.000448071 	0.000129408
2.69085 	0.0252811 	0.000446923 	0.000129244
2.69235 	0.0252732 	0.00044655 	0.000129011
2.69385 	0.0252653 	0.000446176 	0.000128778
2.69535 	0.0252574 	0.000445803 	0.000128545
2.69685 	0.0252495 	0.00044543 	0.000128312
2.69835 	0.0252415 	0.000445057 	0.00012808
2.69985 	0.0252336 	0.000444683 	0.000127847
2.70135 	0.0252259 	0.000444057 	0.000127637
2.70285 	0.0252188 	0.000442779 	0.000127487
2.70435 	0.0252118 	0.000441502 	0.000127336
2.70585 	0.0252047 	0.000440225 	0.000127186
2.70735 	0.0251976 	0.000438948 	0.000127035
2.70885 	0.0251905 	0.000437671 	0.000126885
2.71036 	0.0251823 	0.000436393 	0.000126706
2.71186 	0.02517 	0.00043511 	0.000126418
2.71336 	0.0251577 	0.000433828 	0.000126131
2.71486 	0.0251454 	0.000432546 	0.000125844
2.71636 	0.0251331 	0.000431264 	0.000125557
2.71786 	0.0251208 	0.000429981 	0.00012527
2.71936 	0.0251085 	0.000428699 	0.000124983
2.72086 	0.0250962 	0.000427417 	0.000124695
2.72236 	0.0250808 	0.000426193 	0.000124319
2.72386 	0.0250636 	0.000425001 	0.000123895
2.72536 	0.0250464 	0.000423809 	0.000123471
2.72686 	0.0250292 	0.000422617 	0.000123047
2.72836 	0.025012 	0.000421425 	0.000122623
2.72986 	0.0249948 	0.000420233 	0.000122199
2.73137 	0.0249779 	0.000418375 	0.000121828
2.73287 	0.0249611 	0.0004163 	0.000121474
2.73437 	0.0249444 	0.000414225 	0.00012112
2.73587 	0.0249276 	0.00041215 	0.000120766
2.73737 	0.0249108 	0.000410075 	0.000120413
2.73887 	0.0248933 	0.000408171 	0.000120065
2.74037 	0.024875 	0.000406452 	0.000119724
2.74187 	0.0248567 	0.000404733 	0.000119383
2.74337 	0.0248384 	0.000403014 	0.000119042
2.74487 	0.0248201 	0.000401295 	0.000118701
2.74637 	0.0248018 	0.000399575 	0.00011836
2.74787 	0.0247835 	0.000397856 	0.000118019
2.74937 	0.0247652 	0.000396137 	0.000117678
2.75088 	0.024747 	0.000394773 	0.000117364
2.75238 	0.0247288 	0.00039367 	0.00011707
2.75388 	0.0247107 	0.000392567 	0.000116775
2.75538 	0.0246926 	0.000391464 	0.000116481
2.75688 	0.0246744 	0.000390361 	0.000116186
2.75838 	0.0246541 	0.000388658 	0.000115867
2.75988 	0.0246314 	0.000386297 	0.000115522
2.76138 	0.0246086 	0.000383937 	0.000115177
2.76288 	0.0245859 	0.000381576 	0.000114831
2.76438 	0.0245631 	0.000379215 	0.000114486
2.76588 	0.024546 	0.000377713 	0.000114241
2.76738 	0.0245294 	0.000376298 	0.000114006
2.76888 	0.0245128 	0.000374882 	0.000113771
2.77039 	0.0244963 	0.000373466 	0.000113537
2.77189 	0.0244797 	0.00037205 	0.000113302
2.77339 	0.0244631 	0.000370634 	0.000113067
2.77489 	0.0244465 	0.000369219 	0.000112832
2.77639 	0.02443 	0.000367803 	0.000112597
2.77789 	0.0244182 	0.000367189 	0.000112447
2.77939 	0.0244077 	0.000366782 	0.00011232
2.78089 	0.0243973 	0.000366376 	0.000112193
2.78239 	0.0243868 	0.00036597 	0.000112065
2.78389 	0.0243746 	0.000365109 	0.000111921
2.78539 	0.0243599 	0.000363546 	0.000111752
2.78689 	0.0243452 	0.000361982 	0.000111583
2.78839 	0.0243304 	0.000360419 	0.000111414
2.78989 	0.0243135 	0.000358876 	0.000111224
2.7914 	0.0242938 	0.000357358 	0.000111007
2.7929 	0.0242742 	0.00035584 	0.00011079
2.7944 	0.0242545 	0.000354323 	0.000110574
2.7959 	0.0242349 	0.000352805 	0.000110357
2.7974 	0.0242152 	0.000351287 	0.00011014
2.7989 	0.0241956 	0.00034977 	0.000109923
2.8004 	0.0241759 	0.000348252 	0.000109707
2.8019 	0.0241551 	0.000346767 	0.000109481
2.8034 	0.0241307 	0.000345389 	0.000109227
2.8049 	0.0241063 	0.00034401 	0.000108974
2.8064 	0.0240819 	0.000342631 	0.00010872
2.8079 	0.024055 	0.000340729 	0.000108448
2.8094 	0.024025 	0.000338178 	0.000108154
2.81091 	0.0239949 	0.000335627 	0.000107859
2.81241 	0.0239651 	0.000333103 	0.000107567
2.81391 	0.0239394 	0.000331235 	0.000107337
2.81541 	0.0239138 	0.000329367 	0.000107106
2.81691 	0.0238881 	0.0003275 	0.000106875
2.81841 	0.0238625 	0.000325632 	0.000106645
2.81991 	0.0238368 	0.000323764 	0.000106414
2.82141 	0.0238112 	0.000321897 	0.000106183
2.82291 	0.0237855 	0.000320029 	0.000105953
2.82441 	0.0237599 	0.000318161 	0.000105722
2.82591 	0.0237348 	0.000316741 	0.000105529
2.82741 	0.0237098 	0.000315407 	0.000105344
2.82891 	0.0236848 	0.000314073 	0.000105159
2.83042 	0.0236521 	0.00031182 	0.000104931
2.83192 	0.0236139 	0.000308901 	0.000104672
2.83342 	0.0235757 	0.000305983 	0.000104412
2.83492 	0.023546 	0.000303826 	0.00010423
2.83642 	0.0235209 	0.000302082 	0.000104088
2.83792 	0.0234959 	0.000300337 	0.000103947
2.83942 	0.0234708 	0.000298592 	0.000103806
2.84092 	0.0234458 	0.000296848 	0.000103664
2.84242 	0.0234207 	0.000295103 	0.000103523
2.84392 	0.0233957 	0.000293359 	0.000103382
2.84542 	0.0233706 	0.000291614 	0.00010324
2.84692 	0.0233523 	0.000290535 	0.000103158
2.84842 	0.0233399 	0.000290038 	0.000103128
2.84992 	0.0233275 	0.000289541 	0.000103098
2.85143 	0.0233052 	0.000287954 	0.000103019
2.85293 	0.0232794 	0.00028598 	0.000102922
2.85443 	0.0232523 	0.00028398 	0.00010284
2.85593 	0.0232207 	0.000281883 	0.000102809
2.85743 	0.0231891 	0.000279787 	0.000102779
2.85893 	0.0231574 	0.000277691 	0.000102748
2.86043 	0.0231258 	0.000275595 	0.000102717
2.86193 	0.0230942 	0.000273499 	0.000102687
2.86343 	0.0230625 	0.000271402 	0.000102656
2.86493 	0.0230309 	0.000269306 	0.000102625
2.86643 	0.0229981 	0.00026721 	0.00010261
2.86793 	0.0229618 	0.000265116 	0.000102639
2.86943 	0.0229256 	0.000263022 	0.000102668
2.87094 	0.0228824 	0.000260283 	0.000102692
2.87244 	0.022838 	0.000257442 	0.000102715
2.87394 	0.0228022 	0.000255179 	0.000102775
2.87544 	0.02277 	0.000253158 	0.000102849
2.87694 	0.0227378 	0.000251137 	0.000102924
2.87844 	0.0227055 	0.000249116 	0.000102999
2.87994 	0.0226733 	0.000247095 	0.000103074
2.88144 	0.0226411 	0.000245074 	0.000103148
2.88294 	0.0226089 	0.000243053 	0.000103223
2.88444 	0.0225767 	0.000241032 	0.000103298
2.88594 	0.0225541 	0.0002397 	0.000103377
2.88744 	0.022532 	0.000238404 	0.000103458
2.88894 	0.0225055 	0.000236915 	0.000103548
2.89045 	0.0224779 	0.00023537 	0.000103642
2.89195 	0.0224399 	0.000233206 	0.000103773
2.89345 	0.0224019 	0.000231042 	0.000103905
2.89495 	0.0223638 	0.000228878 	0.000104036
2.89645 	0.0223258 	0.000226714 	0.000104168
2.89795 	0.0222878 	0.00022455 	0.000104299
2.89945 	0.0222497 	0.000222385 	0.000104431
2.90095 	0.0222117 	0.000220221 	0.000104562
2.90245 	0.0221672 	0.000217786 	0.000104696
2.90395 	0.0221173 	0.000215125 	0.00010483
2.90545 	0.0220609 	0.000212182 	0.000104977
2.90695 	0.0220059 	0.00020932 	0.000105106
2.90845 	0.0219621 	0.000207003 	0.000105159
2.90995 	0.0219182 	0.000204687 	0.000105212
2.91146 	0.0218744 	0.00020237 	0.000105265
2.91296 	0.0218305 	0.000200053 	0.000105318
2.91446 	0.0217866 	0.000197736 	0.000105371
2.91596 	0.0217428 	0.000195419 	0.000105424
2.91746 	0.0216989 	0.000193103 	0.000105477
2.91896 	0.021668 	0.00019161 	0.000105435
2.92046 	0.0216333 	0.000189984 	0.000105399
2.92196 	0.0215945 	0.000188197 	0.000105353
2.92346 	0.0215539 	0.000186306 	0.000105214
2.92496 	0.0215132 	0.000184416 	0.000105076
2.92646 	0.0214725 	0.000182525 	0.000104937
2.92796 	0.0214319 	0.000180635 	0.000104798
2.92946 	0.0213912 	0.000178744 	0.00010466
2.93097 	0.0213506 	0.000176854 	0.000104521
2.93247 	0.0213102 	0.000175 	0.000104374
2.93397 	0.0212706 	0.000173272 	0.000104196
2.93547 	0.0212278 	0.000171512 	0.00010406
2.93697 	0.0211641 	0.000169014 	0.000103705
2.93847 	0.0210955 	0.000166347 	0.0001033
2.93997 	0.021027 	0.000163679 	0.000102894
2.94147 	0.0209584 	0.000161011 	0.000102489
2.94297 	0.0208898 	0.000158343 	0.000102083
2.94447 	0.0208212 	0.000155676 	0.000101678
2.94597 	0.0207473 	0.000152855 	0.000101241
2.94747 	0.0206511 	0.000149404 	0.000100682
2.94897 	0.0205499 	0.000145903 	0.000100137
2.95048 	0.0204659 	0.000143091 	9.96126e-05
2.95198 	0.0203819 	0.000140278 	9.90882e-05
2.95348 	0.0202979 	0.000137466 	9.85638e-05
2.95498 	0.0202139 	0.000134653 	9.80394e-05
2.95648 	0.0201299 	0.000131841 	9.75151e-05
2.95798 	0.0200458 	0.000129028 	9.69907e-05
2.95948 	0.0199776 	0.000126986 	9.65705e-05
2.96098 	0.0198972 	0.000124795 	9.61176e-05
2.96248 	0.0197755 	0.0001218 	9.54048e-05
2.96398 	0.0196538 	0.000118804 	9.46919e-05
2.96548 	0.019532 	0.000115808 	9.3979e-05
2.96698 	0.0194103 	0.000112813 	9.32661e-05
2.96848 	0.0192885 	0.000109817 	9.25533e-05
2.96998 	0.0191585 	0.000106688 	9.17948e-05
2.97149 	0.0189773 	0.000102725 	9.07652e-05
2.97299 	0.0188063 	9.92307e-05 	8.98083e-05
2.97449 	0.0186466 	9.60653e-05 	8.89144e-05
2.97599 	0.018487 	9.28999e-05 	8.80205e-05
2.97749 	0.0183274 	8.97345e-05 	8.71266e-05
2.97899 	0.0181677 	8.65691e-05 	8.62327e-05
2.98049 	0.0180101 	8.34738e-05 	8.53495e-05
2.98199 	0.0178728 	8.12826e-05 	8.45741e-05
2.98349 	0.0177066 	7.88573e-05 	8.36624e-05
2.98499 	0.0175373 	7.64289e-05 	8.27369e-05
2.98649 	0.0173681 	7.40006e-05 	8.18113e-05
2.98799 	0.0171988 	7.15723e-05 	8.08857e-05
2.98949 	0.0170295 	6.9144e-05 	7.99601e-05
2.991 	0.0168567 	6.68277e-05 	7.89973e-05
2.9925 	0.0154627 	6.04113e-05 	7.23753e-05
2.994 	0.0126116 	4.91089e-05 	5.90352e-05
2.9955 	0.00976056 	3.78065e-05 	4.5695e-05
2.997 	0.00690951 	2.65041e-05 	3.23549e-05
2.9985 	0.00405845 	1.52017e-05 	1.90147e-05
3 	0 	0 	0
