0.402201 	0 	0 	0
0.403702 	7.41966e-05 	4.52763e-05 	-5.61328e-07
0.405203 	0.000215227 	0.000131336 	-1.62828e-06
0.406703 	0.000356257 	0.000217396 	-2.69524e-06
0.408204 	0.000497288 	0.000303456 	-3.76219e-06
0.409705 	0.00069095 	0.000422825 	-5.16591e-06
0.411206 	0.00098592 	0.000607344 	-7.06119e-06
0.412706 	0.00141214 	0.000868981 	-1.0436e-05
0.414207 	0.00183836 	0.00113062 	-1.38109e-05
0.415708 	0.00226457 	0.00139226 	-1.71857e-05
0.417209 	0.00269079 	0.00165389 	-2.05605e-05
0.418709 	0.00322804 	0.00198614 	-2.48211e-05
0.42021 	0.00379488 	0.0023456 	-2.85064e-05
0.421711 	0.00420605 	0.00259953 	-3.21582e-05
0.423212 	0.00461722 	0.00285346 	-3.58101e-05
0.424712 	0.00502839 	0.00310739 	-3.94619e-05
0.426213 	0.00543956 	0.00336132 	-4.31137e-05
0.427714 	0.00578046 	0.00356929 	-4.66691e-05
0.429215 	0.0060525 	0.00374333 	-4.90464e-05
0.430715 	0.00628592 	0.00388939 	-5.12855e-05
0.432216 	0.00650007 	0.00401937 	-5.37091e-05
0.433717 	0.00671422 	0.00414934 	-5.61326e-05
0.435218 	0.00692837 	0.00427931 	-5.85562e-05
0.436718 	0.00714252 	0.00440928 	-6.09797e-05
0.438219 	0.00731027 	0.00449995 	-6.38255e-05
0.43972 	0.00751068 	0.00462446 	-6.5369e-05
0.441221 	0.00766894 	0.00471571 	-6.70854e-05
0.442721 	0.00781218 	0.00479454 	-6.89433e-05
0.444222 	0.00795543 	0.00487337 	-7.08013e-05
0.445723 	0.00809868 	0.0049522 	-7.26592e-05
0.447224 	0.00824192 	0.00503103 	-7.45171e-05
0.448724 	0.00835935 	0.00508448 	-7.67915e-05
0.450225 	0.00849472 	0.00514823 	-7.87697e-05
0.451726 	0.00865622 	0.0052359 	-8.00113e-05
0.453227 	0.00875471 	0.00528222 	-8.13708e-05
0.454727 	0.00885319 	0.00532854 	-8.27303e-05
0.456228 	0.00895167 	0.00537486 	-8.40897e-05
0.457729 	0.00905016 	0.00542118 	-8.54492e-05
0.45923 	0.00914864 	0.0054675 	-8.68087e-05
0.46073 	0.00918614 	0.00547213 	-8.82473e-05
0.462231 	0.00924875 	0.00549761 	-8.90292e-05
0.463732 	0.00935011 	0.00555277 	-8.92096e-05
0.465233 	0.00941196 	0.00557735 	-8.99622e-05
0.466733 	0.00947382 	0.00560193 	-9.07147e-05
0.468234 	0.00953567 	0.0056265 	-9.14673e-05
0.469735 	0.00959753 	0.00565108 	-9.22198e-05
0.471236 	0.00965939 	0.00567566 	-9.29724e-05
0.472736 	0.00970221 	0.00568578 	-9.3886e-05
0.474237 	0.0097132 	0.00567176 	-9.50687e-05
0.475738 	0.0097883 	0.00571105 	-9.4782e-05
0.477239 	0.00985725 	0.00574552 	-9.4569e-05
0.478739 	0.00989974 	0.00575869 	-9.48122e-05
0.48024 	0.00994223 	0.00577185 	-9.50554e-05
0.481741 	0.00998473 	0.00578501 	-9.52987e-05
0.483242 	0.0100272 	0.00579817 	-9.55419e-05
0.484742 	0.0100697 	0.00581133 	-9.57852e-05
0.486243 	0.0100992 	0.00581361 	-9.62223e-05
0.487744 	0.0101036 	0.00579497 	-9.70324e-05
0.489245 	0.010151 	0.00581241 	-9.67937e-05
0.490745 	0.0102207 	0.00584853 	-9.60119e-05
0.492246 	0.0102635 	0.00586253 	-9.57287e-05
0.493747 	0.0102994 	0.00587087 	-9.55726e-05
0.495248 	0.0103352 	0.00587922 	-9.54164e-05
0.496748 	0.0103711 	0.00588757 	-9.52603e-05
0.498249 	0.0104069 	0.00589592 	-9.51042e-05
0.49975 	0.0104428 	0.00590427 	-9.49481e-05
0.501251 	0.0104573 	0.00589462 	-9.51561e-05
0.502751 	0.010459 	0.00587414 	-9.55834e-05
0.504252 	0.0105016 	0.00588835 	-9.50011e-05
0.505753 	0.0105634 	0.00591891 	-9.39426e-05
0.507254 	0.0106096 	0.00593656 	-9.31825e-05
0.508754 	0.0106416 	0.00594259 	-9.26913e-05
0.510255 	0.0106736 	0.00594861 	-9.22001e-05
0.511756 	0.0107056 	0.00595463 	-9.17088e-05
0.513257 	0.0107376 	0.00596066 	-9.12176e-05
0.514757 	0.0107696 	0.00596668 	-9.07264e-05
0.516258 	0.0107961 	0.00596817 	-9.03413e-05
0.517759 	0.0107978 	0.00594888 	-9.04419e-05
0.51926 	0.0107994 	0.00592959 	-9.05425e-05
0.52076 	0.0108528 	0.00595509 	-8.94437e-05
0.522261 	0.0109098 	0.00598372 	-8.82609e-05
0.523762 	0.0109544 	0.00600141 	-8.72919e-05
0.525263 	0.0109837 	0.00600547 	-8.6589e-05
0.526763 	0.0110129 	0.00600954 	-8.58861e-05
0.528264 	0.0110422 	0.00601361 	-8.51833e-05
0.529765 	0.0110715 	0.00601767 	-8.44804e-05
0.531266 	0.0111008 	0.00602174 	-8.37775e-05
0.532766 	0.01113 	0.00602581 	-8.30746e-05
0.534267 	0.011132 	0.00600531 	-8.28972e-05
0.535768 	0.0111329 	0.00598394 	-8.27386e-05
0.537269 	0.0111532 	0.00597979 	-8.21768e-05
0.538769 	0.0112053 	0.00600414 	-8.09475e-05
0.54027 	0.0112574 	0.00602848 	-7.97181e-05
0.541771 	0.0112969 	0.00604166 	-7.87137e-05
0.543272 	0.0113241 	0.0060438 	-7.79316e-05
0.544772 	0.0113513 	0.00604593 	-7.71495e-05
0.546273 	0.0113785 	0.00604807 	-7.63673e-05
0.547774 	0.0114057 	0.0060502 	-7.55852e-05
0.549275 	0.0114329 	0.00605234 	-7.48031e-05
0.550775 	0.0114601 	0.00605448 	-7.4021e-05
0.552276 	0.0114632 	0.00603478 	-7.37384e-05
0.553777 	0.0114648 	0.00601369 	-7.34876e-05
0.555278 	0.0114664 	0.0059926 	-7.32369e-05
0.556778 	0.011513 	0.00601248 	-7.21278e-05
0.558279 	0.0115617 	0.00603417 	-7.09808e-05
0.55978 	0.0116103 	0.00605586 	-6.98338e-05
0.561281 	0.0116424 	0.00606449 	-6.9016e-05
0.562781 	0.0116653 	0.00606587 	-6.83809e-05
0.564282 	0.0116882 	0.00606725 	-6.77458e-05
0.565783 	0.0117111 	0.00606863 	-6.71107e-05
0.567284 	0.011734 	0.00607001 	-6.64756e-05
0.568784 	0.0117569 	0.00607139 	-6.58405e-05
0.570285 	0.0117784 	0.00607147 	-6.52375e-05
0.571786 	0.0117777 	0.00605129 	-6.51348e-05
0.573287 	0.011777 	0.00603112 	-6.50322e-05
0.574787 	0.0117764 	0.00601095 	-6.49296e-05
0.576288 	0.0118066 	0.00601571 	-6.42793e-05
0.577789 	0.0118551 	0.00603519 	-6.33059e-05
0.57929 	0.0119036 	0.00605467 	-6.23325e-05
0.58079 	0.0119521 	0.00607414 	-6.13591e-05
0.582291 	0.0119793 	0.00607824 	-6.07303e-05
0.583792 	0.0120014 	0.00607876 	-6.01818e-05
0.585293 	0.0120236 	0.00607927 	-5.96334e-05
0.586793 	0.0120457 	0.00607978 	-5.9085e-05
0.588294 	0.0120679 	0.0060803 	-5.85365e-05
0.589795 	0.01209 	0.00608081 	-5.79881e-05
0.591296 	0.0121051 	0.00607554 	-5.75737e-05
0.592796 	0.0121026 	0.00605568 	-5.74978e-05
0.594297 	0.0121 	0.00603581 	-5.7422e-05
0.595798 	0.0120974 	0.00601594 	-5.73462e-05
0.597299 	0.0121121 	0.00600851 	-5.70207e-05
0.598799 	0.0121599 	0.00602506 	-5.62142e-05
0.6003 	0.0122077 	0.0060416 	-5.54076e-05
0.601801 	0.0122555 	0.00605815 	-5.46011e-05
0.603302 	0.0123033 	0.00607469 	-5.37946e-05
0.604802 	0.0123283 	0.00607522 	-5.32107e-05
0.606303 	0.012352 	0.0060749 	-5.26387e-05
0.607804 	0.0123758 	0.00607458 	-5.20666e-05
0.609305 	0.0123995 	0.00607425 	-5.14946e-05
0.610805 	0.0124232 	0.00607393 	-5.09226e-05
0.612306 	0.012447 	0.00607361 	-5.03505e-05
0.613807 	0.0124565 	0.006063 	-4.99607e-05
0.615308 	0.0124553 	0.00604456 	-4.97092e-05
0.616808 	0.0124542 	0.00602613 	-4.94576e-05
0.618309 	0.012453 	0.0060077 	-4.92061e-05
0.61981 	0.012454 	0.00599085 	-4.89327e-05
0.621311 	0.0124994 	0.00600598 	-4.82166e-05
0.622811 	0.0125448 	0.00602111 	-4.75005e-05
0.624312 	0.0125902 	0.00603624 	-4.67844e-05
0.625813 	0.0126356 	0.00605137 	-4.60683e-05
0.627314 	0.012681 	0.00606646 	-4.53526e-05
0.628814 	0.0127039 	0.00606555 	-4.47735e-05
0.630315 	0.0127269 	0.00606464 	-4.41945e-05
0.631816 	0.0127498 	0.00606373 	-4.36154e-05
0.633317 	0.0127728 	0.00606283 	-4.30364e-05
0.634817 	0.0127957 	0.00606192 	-4.24573e-05
0.636318 	0.0128186 	0.00606101 	-4.18783e-05
0.637819 	0.0128212 	0.00604498 	-4.14691e-05
0.63932 	0.0128209 	0.00602677 	-4.10843e-05
0.64082 	0.0128205 	0.00600856 	-4.06996e-05
0.642321 	0.0128202 	0.00599035 	-4.03149e-05
0.643822 	0.0128198 	0.00597213 	-3.99301e-05
0.645323 	0.0128497 	0.00597567 	-3.93561e-05
0.646823 	0.0128927 	0.00598862 	-3.87e-05
0.648324 	0.0129358 	0.00600157 	-3.8044e-05
0.649825 	0.0129788 	0.00601451 	-3.7388e-05
0.651326 	0.0130218 	0.00602746 	-3.6732e-05
0.652826 	0.0130648 	0.00604041 	-3.60759e-05
0.654327 	0.0130871 	0.00604043 	-3.55058e-05
0.655828 	0.0131074 	0.00603925 	-3.49437e-05
0.657329 	0.0131277 	0.00603806 	-3.43816e-05
0.658829 	0.0131481 	0.00603688 	-3.38195e-05
0.66033 	0.0131684 	0.00603569 	-3.32574e-05
0.661831 	0.0131849 	0.00603203 	-3.2723e-05
0.663332 	0.0131814 	0.00601552 	-3.23321e-05
0.664832 	0.013178 	0.00599901 	-3.19412e-05
0.666333 	0.0131745 	0.00598251 	-3.15504e-05
0.667834 	0.013171 	0.005966 	-3.11595e-05
0.669335 	0.0131675 	0.00594949 	-3.07686e-05
0.670835 	0.0131723 	0.00594044 	-3.04064e-05
0.672336 	0.0132021 	0.00595406 	-3.01313e-05
0.673837 	0.0132319 	0.00596769 	-2.98562e-05
0.675338 	0.0132617 	0.00598131 	-2.95811e-05
0.676838 	0.0132914 	0.00599494 	-2.9306e-05
0.678339 	0.0133212 	0.00600856 	-2.9031e-05
0.67984 	0.013351 	0.00602218 	-2.87559e-05
0.681341 	0.0133742 	0.00602631 	-2.83123e-05
0.682841 	0.0133935 	0.00602487 	-2.777e-05
0.684342 	0.0134128 	0.00602343 	-2.72277e-05
0.685843 	0.0134321 	0.00602199 	-2.66854e-05
0.687344 	0.0134514 	0.00602055 	-2.61431e-05
0.688844 	0.0134665 	0.00601259 	-2.55028e-05
0.690345 	0.0134753 	0.00599467 	-2.47123e-05
0.691846 	0.013484 	0.00597674 	-2.39219e-05
0.693347 	0.0134927 	0.00595881 	-2.31314e-05
0.694847 	0.0135015 	0.00594088 	-2.2341e-05
0.696348 	0.0135102 	0.00592295 	-2.15505e-05
0.697849 	0.013519 	0.00590502 	-2.07601e-05
0.69935 	0.0135428 	0.00590636 	-2.02571e-05
0.70085 	0.0135746 	0.00591799 	-1.99075e-05
0.702351 	0.0136064 	0.00592962 	-1.95579e-05
0.703852 	0.0136382 	0.00594125 	-1.92083e-05
0.705353 	0.01367 	0.00595287 	-1.88588e-05
0.706853 	0.0137018 	0.0059645 	-1.85092e-05
0.708354 	0.0137336 	0.00597613 	-1.81596e-05
0.709855 	0.0137643 	0.00598641 	-1.77888e-05
0.711356 	0.0137851 	0.00598426 	-1.72217e-05
0.712856 	0.0138058 	0.0059821 	-1.66547e-05
0.714357 	0.0138266 	0.00597995 	-1.60877e-05
0.715858 	0.0138473 	0.0059778 	-1.55206e-05
0.717359 	0.013862 	0.00596743 	-1.48347e-05
0.718859 	0.0138714 	0.00595006 	-1.40476e-05
0.72036 	0.0138808 	0.00593268 	-1.32605e-05
0.721861 	0.0138903 	0.00591531 	-1.24734e-05
0.723362 	0.0138997 	0.00589794 	-1.16863e-05
0.724862 	0.0139091 	0.00588057 	-1.08992e-05
0.726363 	0.0139186 	0.0058632 	-1.01121e-05
0.727864 	0.013928 	0.00584583 	-9.32498e-06
0.729365 	0.0139558 	0.00585258 	-8.91679e-06
0.730865 	0.0139864 	0.00586291 	-8.56486e-06
0.732366 	0.0140169 	0.00587324 	-8.21293e-06
0.733867 	0.0140474 	0.00588358 	-7.86101e-06
0.735368 	0.014078 	0.00589391 	-7.50908e-06
0.736868 	0.0141085 	0.00590424 	-7.15715e-06
0.738369 	0.014139 	0.00591458 	-6.80523e-06
0.73987 	0.0141695 	0.00592491 	-6.4533e-06
0.741371 	0.0141974 	0.00593181 	-6.05719e-06
0.742871 	0.0142177 	0.00592926 	-5.53949e-06
0.744372 	0.0142381 	0.00592671 	-5.02179e-06
0.745873 	0.0142585 	0.00592416 	-4.50409e-06
0.747374 	0.0142718 	0.00591389 	-3.92401e-06
0.748874 	0.0142796 	0.00589773 	-3.2965e-06
0.750375 	0.0142875 	0.00588158 	-2.66899e-06
0.751876 	0.0142953 	0.00586543 	-2.04148e-06
0.753377 	0.0143032 	0.00584928 	-1.41397e-06
0.754877 	0.014311 	0.00583313 	-7.86465e-07
0.756378 	0.0143189 	0.00581698 	-1.58957e-07
0.757879 	0.0143267 	0.00580083 	4.68551e-07
0.75938 	0.0143346 	0.00578467 	1.09606e-06
0.76088 	0.0143626 	0.00578979 	1.4791e-06
0.762381 	0.0143938 	0.00579818 	1.82451e-06
0.763882 	0.0144249 	0.00580657 	2.16991e-06
0.765383 	0.0144561 	0.00581496 	2.51532e-06
0.766883 	0.0144872 	0.00582335 	2.86073e-06
0.768384 	0.0145184 	0.00583173 	3.20614e-06
0.769885 	0.0145495 	0.00584012 	3.55155e-06
0.771386 	0.0145807 	0.00584851 	3.89696e-06
0.772886 	0.0146118 	0.0058569 	4.24237e-06
0.774387 	0.014642 	0.00586425 	4.595e-06
0.775888 	0.0146619 	0.0058613 	5.01922e-06
0.777389 	0.0146819 	0.00585835 	5.44344e-06
0.778889 	0.0146956 	0.00585001 	5.88093e-06
0.78039 	0.0147017 	0.00583515 	6.33445e-06
0.781891 	0.0147078 	0.0058203 	6.78798e-06
0.783392 	0.0147139 	0.00580544 	7.24151e-06
0.784892 	0.01472 	0.00579058 	7.69504e-06
0.786393 	0.0147261 	0.00577573 	8.14856e-06
0.787894 	0.0147322 	0.00576087 	8.60209e-06
0.789395 	0.0147383 	0.00574602 	9.05562e-06
0.790895 	0.0147444 	0.00573116 	9.50914e-06
0.792396 	0.0147504 	0.0057163 	9.96267e-06
0.793897 	0.0147722 	0.00571446 	1.03521e-05
0.795398 	0.0148039 	0.00572101 	1.07002e-05
0.796898 	0.0148357 	0.00572756 	1.10483e-05
0.798399 	0.0148675 	0.00573412 	1.13964e-05
0.7999 	0.0148993 	0.00574067 	1.17444e-05
0.801401 	0.0149311 	0.00574723 	1.20925e-05
0.802901 	0.0149629 	0.00575378 	1.24406e-05
0.804402 	0.0149947 	0.00576033 	1.27887e-05
0.805903 	0.0150265 	0.00576689 	1.31368e-05
0.807404 	0.0150583 	0.00577344 	1.34848e-05
0.808904 	0.0150901 	0.00578 	1.38329e-05
0.810405 	0.0151153 	0.00578131 	1.41695e-05
0.811906 	0.0151326 	0.0057761 	1.4493e-05
0.813407 	0.0151392 	0.00576172 	1.48019e-05
0.814907 	0.0151458 	0.00574734 	1.51108e-05
0.816408 	0.0151524 	0.00573296 	1.54197e-05
0.817909 	0.015159 	0.00571858 	1.57286e-05
0.81941 	0.0151656 	0.0057042 	1.60374e-05
0.82091 	0.0151722 	0.00568983 	1.63463e-05
0.822411 	0.0151788 	0.00567545 	1.66552e-05
0.823912 	0.0151854 	0.00566107 	1.69641e-05
0.825413 	0.0151919 	0.00564669 	1.7273e-05
0.826913 	0.0151985 	0.00563231 	1.75818e-05
0.828414 	0.0152067 	0.00561928 	1.78875e-05
0.829915 	0.0152373 	0.00562477 	1.81486e-05
0.831416 	0.0152679 	0.00563026 	1.84097e-05
0.832916 	0.0152985 	0.00563575 	1.86708e-05
0.834417 	0.0153291 	0.00564124 	1.89319e-05
0.835918 	0.0153597 	0.00564673 	1.9193e-05
0.837419 	0.0153903 	0.00565221 	1.9454e-05
0.838919 	0.0154209 	0.0056577 	1.97151e-05
0.84042 	0.0154515 	0.00566319 	1.99762e-05
0.841921 	0.0154821 	0.00566868 	2.02373e-05
0.843422 	0.0155127 	0.00567417 	2.04984e-05
0.844922 	0.0155433 	0.00567966 	2.07595e-05
0.846423 	0.0155739 	0.00568515 	2.10206e-05
0.847924 	0.0155894 	0.00567815 	2.12486e-05
0.849425 	0.0155965 	0.00566424 	2.14542e-05
0.850925 	0.0156036 	0.00565034 	2.16598e-05
0.852426 	0.0156107 	0.00563643 	2.18654e-05
0.853927 	0.0156178 	0.00562252 	2.2071e-05
0.855428 	0.0156249 	0.00560862 	2.22766e-05
0.856928 	0.015632 	0.00559471 	2.24822e-05
0.858429 	0.015639 	0.0055808 	2.26878e-05
0.85993 	0.0156461 	0.0055669 	2.28934e-05
0.861431 	0.0156532 	0.00555299 	2.3099e-05
0.862931 	0.0156603 	0.00553908 	2.33046e-05
0.864432 	0.0156674 	0.00552518 	2.35102e-05
0.865933 	0.0156796 	0.00551544 	2.37157e-05
0.867434 	0.0157092 	0.0055199 	2.39206e-05
0.868934 	0.0157388 	0.00552436 	2.41255e-05
0.870435 	0.0157683 	0.00552882 	2.43304e-05
0.871936 	0.0157979 	0.00553328 	2.45354e-05
0.873437 	0.0158275 	0.00553774 	2.47403e-05
0.874937 	0.015857 	0.00554219 	2.49452e-05
0.876438 	0.0158866 	0.00554665 	2.51501e-05
0.877939 	0.0159162 	0.00555111 	2.5355e-05
0.87944 	0.0159457 	0.00555557 	2.556e-05
0.88094 	0.0159753 	0.00556003 	2.57649e-05
0.882441 	0.0160049 	0.00556449 	2.59698e-05
0.883942 	0.0160338 	0.00556838 	2.61764e-05
0.885443 	0.0160521 	0.00556325 	2.64102e-05
0.886943 	0.0160686 	0.00555673 	2.66441e-05
0.888444 	0.0160762 	0.00554328 	2.68787e-05
0.889945 	0.0160838 	0.00552983 	2.71134e-05
0.891446 	0.0160915 	0.00551638 	2.73481e-05
0.892946 	0.0160991 	0.00550293 	2.75828e-05
0.894447 	0.0161067 	0.00548948 	2.78174e-05
0.895948 	0.0161144 	0.00547603 	2.80521e-05
0.897449 	0.016122 	0.00546258 	2.82868e-05
0.898949 	0.0161296 	0.00544913 	2.85214e-05
0.90045 	0.0161372 	0.00543568 	2.87561e-05
0.901951 	0.0161449 	0.00542223 	2.89908e-05
0.903452 	0.0161525 	0.00540878 	2.92255e-05
0.904952 	0.0161617 	0.0053966 	2.94618e-05
0.906453 	0.0161904 	0.00540007 	2.97184e-05
0.907954 	0.0162191 	0.00540354 	2.99751e-05
0.909455 	0.0162479 	0.00540702 	3.02318e-05
0.910955 	0.0162766 	0.00541049 	3.04884e-05
0.912456 	0.0163053 	0.00541396 	3.07451e-05
0.913957 	0.016334 	0.00541744 	3.10017e-05
0.915458 	0.0163627 	0.00542091 	3.12584e-05
0.916958 	0.0163914 	0.00542438 	3.1515e-05
0.918459 	0.0164202 	0.00542785 	3.17717e-05
0.91996 	0.0164489 	0.00543133 	3.20284e-05
0.921461 	0.0164776 	0.0054348 	3.2285e-05
0.922961 	0.016504 	0.00543638 	3.25254e-05
0.924462 	0.0165219 	0.00543099 	3.2706e-05
0.925963 	0.0165399 	0.0054256 	3.28866e-05
0.927464 	0.0165578 	0.00542021 	3.30673e-05
0.928964 	0.0165725 	0.00541239 	3.3239e-05
0.930465 	0.0165804 	0.00539941 	3.33918e-05
0.931966 	0.0165882 	0.00538643 	3.35446e-05
0.933467 	0.0165961 	0.00537345 	3.36974e-05
0.934967 	0.0166039 	0.00536047 	3.38502e-05
0.936468 	0.0166117 	0.00534749 	3.4003e-05
0.937969 	0.0166196 	0.00533451 	3.41558e-05
0.93947 	0.0166274 	0.00532154 	3.43086e-05
0.94097 	0.0166353 	0.00530856 	3.44614e-05
0.942471 	0.0166431 	0.00529558 	3.46142e-05
0.943972 	0.016651 	0.0052826 	3.4767e-05
0.945473 	0.0166588 	0.00526962 	3.49198e-05
0.946973 	0.0166787 	0.00526609 	3.50524e-05
0.948474 	0.0167064 	0.00526863 	3.5172e-05
0.949975 	0.0167341 	0.00527116 	3.52916e-05
0.951476 	0.0167618 	0.0052737 	3.54112e-05
0.952976 	0.0167894 	0.00527624 	3.55308e-05
0.954477 	0.0168171 	0.00527878 	3.56504e-05
0.955978 	0.0168448 	0.00528132 	3.57699e-05
0.957479 	0.0168724 	0.00528386 	3.58895e-05
0.958979 	0.0169001 	0.0052864 	3.60091e-05
0.96048 	0.0169278 	0.00528894 	3.61287e-05
0.961981 	0.0169555 	0.00529148 	3.62483e-05
0.963482 	0.0169812 	0.00529249 	3.63397e-05
0.964982 	0.0169986 	0.00528688 	3.63087e-05
0.966483 	0.0170161 	0.00528127 	3.62776e-05
0.967984 	0.0170335 	0.00527566 	3.62466e-05
0.969485 	0.0170509 	0.00527005 	3.62155e-05
0.970985 	0.0170684 	0.00526444 	3.61845e-05
0.972486 	0.0170856 	0.00525871 	3.61515e-05
0.973987 	0.0170936 	0.00524623 	3.60121e-05
0.975488 	0.0171015 	0.00523375 	3.58728e-05
0.976988 	0.0171094 	0.00522127 	3.57334e-05
0.978489 	0.0171174 	0.00520879 	3.55941e-05
0.97999 	0.0171253 	0.00519631 	3.54547e-05
0.981491 	0.0171333 	0.00518383 	3.53154e-05
0.982991 	0.0171412 	0.00517135 	3.51761e-05
0.984492 	0.0171491 	0.00515887 	3.50367e-05
0.985993 	0.0171571 	0.00514639 	3.48974e-05
0.987494 	0.017165 	0.0051339 	3.4758e-05
0.988994 	0.017173 	0.00512142 	3.46187e-05
0.990495 	0.0171964 	0.00512073 	3.44557e-05
0.991996 	0.0172229 	0.00512236 	3.42881e-05
0.993497 	0.0172494 	0.00512399 	3.41204e-05
0.994997 	0.0172759 	0.00512561 	3.39528e-05
0.996498 	0.0173025 	0.00512724 	3.37852e-05
0.997999 	0.017329 	0.00512887 	3.36176e-05
0.9995 	0.0173555 	0.0051305 	3.34499e-05
1.001 	0.017382 	0.00513212 	3.32823e-05
1.0025 	0.0174085 	0.00513375 	3.31147e-05
1.004 	0.017435 	0.00513538 	3.2947e-05
1.0055 	0.0174615 	0.005137 	3.27794e-05
1.007 	0.0174786 	0.0051313 	3.26202e-05
1.0085 	0.0174956 	0.00512555 	3.24611e-05
1.01001 	0.0175126 	0.0051198 	3.23019e-05
1.01151 	0.0175296 	0.00511406 	3.21428e-05
1.01301 	0.0175466 	0.00510831 	3.19837e-05
1.01451 	0.0175637 	0.00510256 	3.18245e-05
1.01601 	0.0175807 	0.00509681 	3.16654e-05
1.01751 	0.0175977 	0.00509107 	3.15063e-05
1.01901 	0.0176124 	0.00508367 	3.13398e-05
1.02051 	0.0176206 	0.00507179 	3.11534e-05
1.02201 	0.0176289 	0.00505991 	3.09671e-05
1.02351 	0.0176371 	0.00504803 	3.07807e-05
1.02501 	0.0176454 	0.00503615 	3.05944e-05
1.02651 	0.0176536 	0.00502427 	3.0408e-05
1.02801 	0.0176619 	0.00501239 	3.02217e-05
1.02951 	0.0176701 	0.00500051 	3.00353e-05
1.03102 	0.0176784 	0.00498863 	2.9849e-05
1.03252 	0.0176866 	0.00497675 	2.96626e-05
1.03402 	0.0176949 	0.00496487 	2.94763e-05
1.03552 	0.0177166 	0.00496284 	2.93239e-05
1.03702 	0.0177422 	0.00496369 	2.91814e-05
1.03852 	0.0177679 	0.00496453 	2.90388e-05
1.04002 	0.0177935 	0.00496538 	2.88963e-05
1.04152 	0.0178192 	0.00496622 	2.87538e-05
1.04302 	0.0178448 	0.00496707 	2.86113e-05
1.04452 	0.0178705 	0.00496791 	2.84688e-05
1.04602 	0.0178961 	0.00496876 	2.83263e-05
1.04752 	0.0179218 	0.0049696 	2.81838e-05
1.04902 	0.0179474 	0.00497045 	2.80413e-05
1.05053 	0.0179673 	0.00496693 	2.79933e-05
1.05203 	0.0179842 	0.00496115 	2.79942e-05
1.05353 	0.018001 	0.00495537 	2.79951e-05
1.05503 	0.0180179 	0.00494959 	2.7996e-05
1.05653 	0.0180347 	0.00494381 	2.79969e-05
1.05803 	0.0180516 	0.00493804 	2.79978e-05
1.05953 	0.0180685 	0.00493226 	2.79987e-05
1.06103 	0.0180853 	0.00492648 	2.79996e-05
1.06253 	0.0181022 	0.0049207 	2.80005e-05
1.06403 	0.0181191 	0.00491492 	2.80014e-05
1.06553 	0.0181359 	0.00490914 	2.80022e-05
1.06703 	0.018152 	0.00490284 	2.80125e-05
1.06853 	0.0181607 	0.00489161 	2.81111e-05
1.07004 	0.0181694 	0.00488039 	2.82097e-05
1.07154 	0.0181781 	0.00486916 	2.83082e-05
1.07304 	0.0181868 	0.00485793 	2.84068e-05
1.07454 	0.0181955 	0.0048467 	2.85054e-05
1.07604 	0.0182042 	0.00483547 	2.8604e-05
1.07754 	0.0182129 	0.00482424 	2.87025e-05
1.07904 	0.0182217 	0.00481302 	2.88011e-05
1.08054 	0.0182304 	0.00480179 	2.88997e-05
1.08204 	0.0182465 	0.00479573 	2.90086e-05
1.08354 	0.0182716 	0.0047959 	2.913e-05
1.08504 	0.0182967 	0.00479606 	2.92515e-05
1.08654 	0.0183219 	0.00479623 	2.93729e-05
1.08804 	0.018347 	0.0047964 	2.94943e-05
1.08954 	0.0183721 	0.00479656 	2.96157e-05
1.09105 	0.0183972 	0.00479673 	2.97371e-05
1.09255 	0.0184223 	0.0047969 	2.98585e-05
1.09405 	0.0184474 	0.00479706 	2.998e-05
1.09555 	0.0184707 	0.00479594 	3.01329e-05
1.09705 	0.0184875 	0.00479017 	3.04e-05
1.09855 	0.0185042 	0.00478439 	3.06671e-05
1.10005 	0.0185209 	0.00477861 	3.09342e-05
1.10155 	0.0185376 	0.00477283 	3.12013e-05
1.10305 	0.0185543 	0.00476705 	3.14684e-05
1.10455 	0.0185711 	0.00476128 	3.17355e-05
1.10605 	0.0185878 	0.0047555 	3.20027e-05
1.10755 	0.0186045 	0.00474972 	3.22698e-05
1.10905 	0.0186212 	0.00474394 	3.25369e-05
1.11056 	0.018638 	0.00473816 	3.2804e-05
1.11206 	0.0186547 	0.00473239 	3.30711e-05
1.11356 	0.0186714 	0.00472661 	3.33382e-05
1.11506 	0.0186881 	0.00472083 	3.36053e-05
1.11656 	0.0187048 	0.00471505 	3.38724e-05
1.11806 	0.0187174 	0.00470668 	3.42362e-05
1.11956 	0.0187264 	0.00469608 	3.46834e-05
1.12106 	0.0187354 	0.00468547 	3.51306e-05
1.12256 	0.0187444 	0.00467487 	3.55778e-05
1.12406 	0.0187534 	0.00466426 	3.6025e-05
1.12556 	0.0187624 	0.00465366 	3.64723e-05
1.12706 	0.0187714 	0.00464306 	3.69195e-05
1.12856 	0.0187805 	0.00463245 	3.73667e-05
1.13007 	0.0187895 	0.00462185 	3.78139e-05
1.13157 	0.0188127 	0.00462051 	3.81453e-05
1.13307 	0.0188371 	0.00462001 	3.84663e-05
1.13457 	0.0188616 	0.00461951 	3.87872e-05
1.13607 	0.0188861 	0.00461901 	3.91082e-05
1.13757 	0.0189106 	0.0046185 	3.94292e-05
1.13907 	0.0189351 	0.004618 	3.97501e-05
1.14057 	0.0189596 	0.0046175 	4.00711e-05
1.14207 	0.0189841 	0.004617 	4.0392e-05
1.14357 	0.0190028 	0.00461278 	4.07992e-05
1.14507 	0.0190192 	0.00460703 	4.12419e-05
1.14657 	0.0190356 	0.00460128 	4.16847e-05
1.14807 	0.019052 	0.00459553 	4.21274e-05
1.14957 	0.0190684 	0.00458978 	4.25702e-05
1.15108 	0.0190848 	0.00458402 	4.30129e-05
1.15258 	0.0191012 	0.00457827 	4.34556e-05
1.15408 	0.0191176 	0.00457252 	4.38984e-05
1.15558 	0.019134 	0.00456677 	4.43411e-05
1.15708 	0.0191504 	0.00456102 	4.47838e-05
1.15858 	0.0191668 	0.00455526 	4.52266e-05
1.16008 	0.0191832 	0.00454951 	4.56693e-05
1.16158 	0.0191996 	0.00454376 	4.61121e-05
1.16308 	0.019216 	0.00453801 	4.65548e-05
1.16458 	0.0192324 	0.00453226 	4.69975e-05
1.16608 	0.0192488 	0.0045265 	4.74403e-05
1.16758 	0.0192652 	0.00452075 	4.7883e-05
1.16908 	0.0192816 	0.004515 	4.83257e-05
1.17059 	0.0192933 	0.00450654 	4.88746e-05
1.17209 	0.0193023 	0.0044966 	4.94818e-05
1.17359 	0.0193114 	0.00448666 	5.00889e-05
1.17509 	0.0193205 	0.00447671 	5.0696e-05
1.17659 	0.0193296 	0.00446677 	5.13032e-05
1.17809 	0.0193386 	0.00445683 	5.19103e-05
1.17959 	0.0193477 	0.00444689 	5.25174e-05
1.18109 	0.01936 	0.00443887 	5.30735e-05
1.18259 	0.0193836 	0.00443776 	5.34467e-05
1.18409 	0.0194073 	0.00443666 	5.382e-05
1.18559 	0.019431 	0.00443555 	5.41932e-05
1.18709 	0.0194546 	0.00443444 	5.45665e-05
1.18859 	0.0194783 	0.00443334 	5.49397e-05
1.1901 	0.019502 	0.00443223 	5.53129e-05
1.1916 	0.0195242 	0.00443027 	5.56987e-05
1.1931 	0.0195403 	0.00442461 	5.61394e-05
1.1946 	0.0195563 	0.00441895 	5.658e-05
1.1961 	0.0195724 	0.00441329 	5.70207e-05
1.1976 	0.0195885 	0.00440763 	5.74613e-05
1.1991 	0.0196045 	0.00440197 	5.7902e-05
1.2006 	0.0196206 	0.00439631 	5.83426e-05
1.2021 	0.0196367 	0.00439064 	5.87833e-05
1.2036 	0.0196527 	0.00438498 	5.92239e-05
1.2051 	0.0196688 	0.00437932 	5.96645e-05
1.2066 	0.0196848 	0.00437366 	6.01052e-05
1.2081 	0.0197009 	0.004368 	6.05458e-05
1.2096 	0.019717 	0.00436234 	6.09865e-05
1.21111 	0.019733 	0.00435667 	6.14271e-05
1.21261 	0.0197491 	0.00435101 	6.18678e-05
1.21411 	0.0197652 	0.00434535 	6.23084e-05
1.21561 	0.0197812 	0.00433969 	6.27491e-05
1.21711 	0.0197973 	0.00433403 	6.31897e-05
1.21861 	0.0198133 	0.00432837 	6.36304e-05
1.22011 	0.0198294 	0.00432271 	6.4071e-05
1.22161 	0.0198455 	0.00431704 	6.45117e-05
1.22311 	0.0198615 	0.00431138 	6.49523e-05
1.22461 	0.0198742 	0.00430396 	6.54064e-05
1.22611 	0.0198834 	0.00429472 	6.58742e-05
1.22761 	0.0198927 	0.00428548 	6.6342e-05
1.22911 	0.0199019 	0.00427624 	6.68098e-05
1.23062 	0.0199111 	0.00426701 	6.72776e-05
1.23212 	0.0199204 	0.00425777 	6.77454e-05
1.23362 	0.0199354 	0.00425176 	6.81468e-05
1.23512 	0.0199584 	0.00425011 	6.84585e-05
1.23662 	0.0199814 	0.00424846 	6.87702e-05
1.23812 	0.0200044 	0.00424681 	6.90818e-05
1.23962 	0.0200274 	0.00424516 	6.93935e-05
1.24112 	0.0200504 	0.00424351 	6.97051e-05
1.24262 	0.0200682 	0.00423909 	6.99519e-05
1.24412 	0.020084 	0.00423354 	7.01725e-05
1.24562 	0.0200997 	0.004228 	7.03931e-05
1.24712 	0.0201155 	0.00422246 	7.06137e-05
1.24862 	0.0201312 	0.00421692 	7.08343e-05
1.25013 	0.0201469 	0.00421137 	7.1055e-05
1.25163 	0.0201627 	0.00420583 	7.12756e-05
1.25313 	0.0201784 	0.00420029 	7.14962e-05
1.25463 	0.0201942 	0.00419475 	7.17168e-05
1.25613 	0.0202099 	0.00418921 	7.19374e-05
1.25763 	0.0202256 	0.00418366 	7.2158e-05
1.25913 	0.0202414 	0.00417812 	7.23787e-05
1.26063 	0.0202571 	0.00417258 	7.25993e-05
1.26213 	0.0202729 	0.00416704 	7.28199e-05
1.26363 	0.0202886 	0.00416149 	7.30405e-05
1.26513 	0.0203043 	0.00415595 	7.32611e-05
1.26663 	0.0203201 	0.00415041 	7.34818e-05
1.26813 	0.0203358 	0.00414487 	7.37024e-05
1.26963 	0.0203516 	0.00413933 	7.3923e-05
1.27114 	0.0203673 	0.00413378 	7.41436e-05
1.27264 	0.0203831 	0.00412824 	7.43642e-05
1.27414 	0.0203988 	0.0041227 	7.45848e-05
1.27564 	0.0204145 	0.00411716 	7.48055e-05
1.27714 	0.0204303 	0.00411161 	7.50261e-05
1.27864 	0.020446 	0.00410607 	7.52467e-05
1.28014 	0.0204607 	0.00410003 	7.54466e-05
1.28164 	0.0204699 	0.00409148 	7.55425e-05
1.28314 	0.0204791 	0.00408293 	7.56384e-05
1.28464 	0.0204884 	0.00407438 	7.57343e-05
1.28614 	0.0204976 	0.00406584 	7.58302e-05
1.28764 	0.0205149 	0.00406123 	7.59058e-05
1.28914 	0.0205373 	0.00405908 	7.59689e-05
1.29065 	0.0205596 	0.00405692 	7.6032e-05
1.29215 	0.020582 	0.00405477 	7.60951e-05
1.29365 	0.0206018 	0.00405145 	7.61137e-05
1.29515 	0.020617 	0.00404605 	7.60534e-05
1.29665 	0.0206323 	0.00404065 	7.59931e-05
1.29815 	0.0206476 	0.00403525 	7.59328e-05
1.29965 	0.0206628 	0.00402985 	7.58724e-05
1.30115 	0.0206781 	0.00402445 	7.58121e-05
1.30265 	0.0206933 	0.00401905 	7.57518e-05
1.30415 	0.0207086 	0.00401365 	7.56915e-05
1.30565 	0.0207239 	0.00400826 	7.56312e-05
1.30715 	0.0207391 	0.00400286 	7.55708e-05
1.30865 	0.0207544 	0.00399746 	7.55105e-05
1.31016 	0.0207696 	0.00399206 	7.54502e-05
1.31166 	0.0207849 	0.00398666 	7.53899e-05
1.31316 	0.0208002 	0.00398126 	7.53295e-05
1.31466 	0.0208154 	0.00397586 	7.52692e-05
1.31616 	0.0208307 	0.00397046 	7.52089e-05
1.31766 	0.0208459 	0.00396506 	7.51486e-05
1.31916 	0.0208612 	0.00395966 	7.50882e-05
1.32066 	0.0208765 	0.00395427 	7.50279e-05
1.32216 	0.0208917 	0.00394887 	7.49676e-05
1.32366 	0.020907 	0.00394347 	7.49073e-05
1.32516 	0.0209222 	0.00393807 	7.48469e-05
1.32666 	0.0209375 	0.00393267 	7.47866e-05
1.32816 	0.0209528 	0.00392727 	7.47263e-05
1.32966 	0.020968 	0.00392187 	7.4666e-05
1.33117 	0.0209833 	0.00391647 	7.46056e-05
1.33267 	0.0209985 	0.00391107 	7.45453e-05
1.33417 	0.0210138 	0.00390568 	7.4485e-05
1.33567 	0.0210291 	0.00390028 	7.44247e-05
1.33717 	0.0210443 	0.00389488 	7.43643e-05
1.33867 	0.021054 	0.00388783 	7.42271e-05
1.34017 	0.0210619 	0.0038803 	7.40669e-05
1.34167 	0.0210699 	0.00387276 	7.39067e-05
1.34317 	0.0210909 	0.00386932 	7.37324e-05
1.34467 	0.0211135 	0.00386639 	7.35563e-05
1.34617 	0.0211345 	0.00386299 	7.33662e-05
1.34767 	0.0211491 	0.00385778 	7.3122e-05
1.34917 	0.0211638 	0.00385257 	7.28778e-05
1.35068 	0.0211785 	0.00384736 	7.26336e-05
1.35218 	0.0211932 	0.00384216 	7.23894e-05
1.35368 	0.0212078 	0.00383695 	7.21452e-05
1.35518 	0.0212225 	0.00383174 	7.1901e-05
1.35668 	0.0212372 	0.00382653 	7.16568e-05
1.35818 	0.0212519 	0.00382132 	7.14126e-05
1.35968 	0.0212665 	0.00381611 	7.11684e-05
1.36118 	0.0212812 	0.00381091 	7.09242e-05
1.36268 	0.0212959 	0.0038057 	7.068e-05
1.36418 	0.0213106 	0.00380049 	7.04358e-05
1.36568 	0.0213252 	0.00379528 	7.01916e-05
1.36718 	0.0213399 	0.00379007 	6.99474e-05
1.36868 	0.0213546 	0.00378486 	6.97032e-05
1.37019 	0.0213693 	0.00377966 	6.9459e-05
1.37169 	0.0213839 	0.00377445 	6.92148e-05
1.37319 	0.0213986 	0.00376924 	6.89706e-05
1.37469 	0.0214133 	0.00376403 	6.87264e-05
1.37619 	0.021428 	0.00375882 	6.84822e-05
1.37769 	0.0214426 	0.00375361 	6.82379e-05
1.37919 	0.0214573 	0.00374841 	6.79937e-05
1.38069 	0.021472 	0.0037432 	6.77495e-05
1.38219 	0.0214867 	0.00373799 	6.75053e-05
1.38369 	0.0215013 	0.00373278 	6.72611e-05
1.38519 	0.021516 	0.00372757 	6.70169e-05
1.38669 	0.0215307 	0.00372236 	6.67727e-05
1.38819 	0.0215453 	0.00371716 	6.65285e-05
1.38969 	0.02156 	0.00371195 	6.62843e-05
1.3912 	0.0215747 	0.00370674 	6.60401e-05
1.3927 	0.0215894 	0.00370153 	6.57959e-05
1.3942 	0.021604 	0.00369632 	6.55517e-05
1.3957 	0.0216187 	0.00369111 	6.53075e-05
1.3972 	0.0216301 	0.00368534 	6.50481e-05
1.3987 	0.0216423 	0.00367981 	6.47489e-05
1.4002 	0.0216621 	0.00367577 	6.44478e-05
1.4017 	0.0216763 	0.0036708 	6.42144e-05
1.4032 	0.0216906 	0.00366582 	6.39809e-05
1.4047 	0.0217048 	0.00366085 	6.37475e-05
1.4062 	0.021719 	0.00365588 	6.3514e-05
1.4077 	0.0217333 	0.0036509 	6.32806e-05
1.4092 	0.0217475 	0.00364593 	6.30472e-05
1.41071 	0.0217617 	0.00364096 	6.28137e-05
1.41221 	0.021776 	0.00363599 	6.25803e-05
1.41371 	0.0217902 	0.00363101 	6.23468e-05
1.41521 	0.0218044 	0.00362604 	6.21134e-05
1.41671 	0.0218187 	0.00362107 	6.188e-05
1.41821 	0.0218329 	0.00361609 	6.16465e-05
1.41971 	0.0218471 	0.00361112 	6.14131e-05
1.42121 	0.0218614 	0.00360615 	6.11796e-05
1.42271 	0.0218756 	0.00360117 	6.09462e-05
1.42421 	0.0218898 	0.0035962 	6.07128e-05
1.42571 	0.0219041 	0.00359123 	6.04793e-05
1.42721 	0.0219183 	0.00358626 	6.02459e-05
1.42871 	0.0219325 	0.00358128 	6.00124e-05
1.43022 	0.0219468 	0.00357631 	5.9779e-05
1.43172 	0.021961 	0.00357133 	5.95419e-05
1.43322 	0.0219752 	0.00356635 	5.93017e-05
1.43472 	0.0219895 	0.00356137 	5.90615e-05
1.43622 	0.0220037 	0.00355639 	5.88213e-05
1.43772 	0.0220179 	0.00355141 	5.85811e-05
1.43922 	0.0220322 	0.00354643 	5.83409e-05
1.44072 	0.0220464 	0.00354145 	5.81006e-05
1.44222 	0.0220606 	0.00353647 	5.78604e-05
1.44372 	0.0220749 	0.00353149 	5.76202e-05
1.44522 	0.0220891 	0.00352651 	5.738e-05
1.44672 	0.0221034 	0.00352153 	5.71398e-05
1.44822 	0.0221176 	0.00351655 	5.68996e-05
1.44972 	0.0221318 	0.00351157 	5.66594e-05
1.45123 	0.0221461 	0.00350659 	5.64192e-05
1.45273 	0.0221603 	0.00350161 	5.61789e-05
1.45423 	0.0221745 	0.00349663 	5.59387e-05
1.45573 	0.0221929 	0.00349286 	5.57818e-05
1.45723 	0.0222023 	0.00348709 	5.56159e-05
1.45873 	0.0222147 	0.00348291 	5.55259e-05
1.46023 	0.0222271 	0.00347873 	5.54358e-05
1.46173 	0.0222395 	0.00347454 	5.53457e-05
1.46323 	0.0222519 	0.00347036 	5.52557e-05
1.46473 	0.0222643 	0.00346618 	5.51656e-05
1.46623 	0.0222767 	0.003462 	5.50756e-05
1.46773 	0.0222891 	0.00345782 	5.49855e-05
1.46923 	0.0223015 	0.00345363 	5.48955e-05
1.47074 	0.0223139 	0.00344945 	5.48054e-05
1.47224 	0.0223263 	0.00344527 	5.47154e-05
1.47374 	0.0223387 	0.00344109 	5.46253e-05
1.47524 	0.0223511 	0.00343691 	5.45353e-05
1.47674 	0.0223635 	0.00343272 	5.44452e-05
1.47824 	0.0223759 	0.00342854 	5.43552e-05
1.47974 	0.0223883 	0.00342436 	5.42651e-05
1.48124 	0.0224007 	0.00342018 	5.41751e-05
1.48274 	0.0224131 	0.003416 	5.4085e-05
1.48424 	0.0224255 	0.00341181 	5.3995e-05
1.48574 	0.0224379 	0.00340763 	5.39049e-05
1.48724 	0.0224503 	0.00340345 	5.38149e-05
1.48874 	0.0224627 	0.00339927 	5.37248e-05
1.49025 	0.0224752 	0.00339508 	5.36348e-05
1.49175 	0.0224876 	0.0033909 	5.35447e-05
1.49325 	0.0225 	0.00338672 	5.34546e-05
1.49475 	0.0225124 	0.00338254 	5.33646e-05
1.49625 	0.0225248 	0.00337836 	5.32745e-05
1.49775 	0.0225372 	0.00337417 	5.31845e-05
1.49925 	0.0225496 	0.00336999 	5.30944e-05
1.50075 	0.022562 	0.00336581 	5.30044e-05
1.50225 	0.0225744 	0.00336163 	5.29143e-05
1.50375 	0.0225868 	0.00335745 	5.28243e-05
1.50525 	0.0225992 	0.00335326 	5.27342e-05
1.50675 	0.0226116 	0.00334908 	5.26442e-05
1.50825 	0.022624 	0.0033449 	5.25541e-05
1.50975 	0.0226364 	0.00334072 	5.24641e-05
1.51126 	0.0226535 	0.00333767 	5.24412e-05
1.51276 	0.0226715 	0.00333482 	5.24302e-05
1.51426 	0.0226874 	0.00333108 	5.24255e-05
1.51576 	0.0226972 	0.00332484 	5.24381e-05
1.51726 	0.022707 	0.0033186 	5.24508e-05
1.51876 	0.0227167 	0.00331302 	5.24547e-05
1.52026 	0.0227262 	0.00330855 	5.24444e-05
1.52176 	0.0227356 	0.00330408 	5.24341e-05
1.52326 	0.0227451 	0.0032996 	5.24237e-05
1.52476 	0.0227545 	0.00329513 	5.24134e-05
1.52626 	0.022764 	0.00329066 	5.2403e-05
1.52776 	0.0227735 	0.00328618 	5.23927e-05
1.52926 	0.0227829 	0.00328171 	5.23824e-05
1.53077 	0.0227924 	0.00327724 	5.2372e-05
1.53227 	0.0228019 	0.00327277 	5.23617e-05
1.53377 	0.0228113 	0.00326829 	5.23513e-05
1.53527 	0.0228208 	0.00326382 	5.2341e-05
1.53677 	0.0228303 	0.00325935 	5.23307e-05
1.53827 	0.0228397 	0.00325487 	5.23203e-05
1.53977 	0.0228492 	0.0032504 	5.231e-05
1.54127 	0.0228586 	0.00324593 	5.22996e-05
1.54277 	0.0228681 	0.00324146 	5.22893e-05
1.54427 	0.0228776 	0.00323698 	5.2279e-05
1.54577 	0.022887 	0.00323251 	5.22686e-05
1.54727 	0.0228965 	0.00322804 	5.22583e-05
1.54877 	0.022906 	0.00322356 	5.22479e-05
1.55028 	0.0229154 	0.00321909 	5.22376e-05
1.55178 	0.0229249 	0.00321462 	5.22273e-05
1.55328 	0.0229344 	0.00321015 	5.22169e-05
1.55478 	0.0229438 	0.00320567 	5.22066e-05
1.55628 	0.0229533 	0.0032012 	5.21962e-05
1.55778 	0.0229628 	0.00319673 	5.21859e-05
1.55928 	0.0229722 	0.00319225 	5.21755e-05
1.56078 	0.0229817 	0.00318778 	5.21652e-05
1.56228 	0.0229911 	0.00318331 	5.21549e-05
1.56378 	0.0230006 	0.00317884 	5.21445e-05
1.56528 	0.0230101 	0.00317436 	5.21342e-05
1.56678 	0.0230207 	0.00317075 	5.20934e-05
1.56828 	0.0230327 	0.00316817 	5.2016e-05
1.56978 	0.0230448 	0.00316558 	5.19387e-05
1.57129 	0.0230568 	0.003163 	5.18613e-05
1.57279 	0.0230689 	0.00316042 	5.17839e-05
1.57429 	0.0230767 	0.00315682 	5.17878e-05
1.57579 	0.0230846 	0.00315321 	5.17924e-05
1.57729 	0.0230924 	0.0031496 	5.17971e-05
1.57879 	0.0231002 	0.00314598 	5.18017e-05
1.58029 	0.0231081 	0.00314236 	5.18034e-05
1.58179 	0.0231185 	0.00313788 	5.16716e-05
1.58329 	0.0231289 	0.00313341 	5.15398e-05
1.58479 	0.0231393 	0.00312894 	5.1408e-05
1.58629 	0.0231497 	0.00312447 	5.12762e-05
1.58779 	0.0231601 	0.00312 	5.11444e-05
1.58929 	0.0231705 	0.00311553 	5.10126e-05
1.5908 	0.0231809 	0.00311106 	5.08808e-05
1.5923 	0.0231913 	0.00310659 	5.0749e-05
1.5938 	0.0232017 	0.00310212 	5.06172e-05
1.5953 	0.0232121 	0.00309765 	5.04854e-05
1.5968 	0.0232225 	0.00309318 	5.03536e-05
1.5983 	0.023233 	0.00308871 	5.02218e-05
1.5998 	0.0232434 	0.00308424 	5.009e-05
1.6013 	0.0232538 	0.00307977 	4.99582e-05
1.6028 	0.0232642 	0.0030753 	4.98264e-05
1.6043 	0.0232746 	0.00307083 	4.96946e-05
1.6058 	0.023285 	0.00306636 	4.95628e-05
1.6073 	0.0232954 	0.00306189 	4.9431e-05
1.6088 	0.0233058 	0.00305742 	4.92992e-05
1.61031 	0.0233162 	0.00305294 	4.91675e-05
1.61181 	0.0233266 	0.00304847 	4.90357e-05
1.61331 	0.023337 	0.003044 	4.89039e-05
1.61481 	0.0233474 	0.00303953 	4.87721e-05
1.61631 	0.0233578 	0.00303506 	4.86403e-05
1.61781 	0.0233682 	0.00303059 	4.85085e-05
1.61931 	0.0233786 	0.00302612 	4.83767e-05
1.62081 	0.0233891 	0.00302165 	4.82449e-05
1.62231 	0.0233995 	0.00301718 	4.81131e-05
1.62381 	0.0234132 	0.00301217 	4.78589e-05
1.62531 	0.0234279 	0.00300701 	4.75707e-05
1.62681 	0.0234426 	0.00300185 	4.72825e-05
1.62831 	0.0234572 	0.00299669 	4.69943e-05
1.62981 	0.0234719 	0.00299153 	4.67061e-05
1.63132 	0.0234866 	0.00298638 	4.64179e-05
1.63282 	0.0234996 	0.00298204 	4.61642e-05
1.63432 	0.0235102 	0.00297889 	4.59596e-05
1.63582 	0.0235209 	0.00297574 	4.5755e-05
1.63732 	0.0235315 	0.00297258 	4.55503e-05
1.63882 	0.0235421 	0.00296943 	4.53457e-05
1.64032 	0.0235527 	0.00296627 	4.51411e-05
1.64182 	0.0235634 	0.00296312 	4.49364e-05
1.64332 	0.0235747 	0.00295969 	4.47005e-05
1.64482 	0.0235874 	0.00295575 	4.44055e-05
1.64632 	0.0236001 	0.00295181 	4.41104e-05
1.64782 	0.0236128 	0.00294787 	4.38154e-05
1.64932 	0.0236255 	0.00294393 	4.35204e-05
1.65083 	0.0236381 	0.00294 	4.32253e-05
1.65233 	0.0236508 	0.00293606 	4.29303e-05
1.65383 	0.0236635 	0.00293212 	4.26353e-05
1.65533 	0.0236762 	0.00292818 	4.23402e-05
1.65683 	0.0236889 	0.00292424 	4.20452e-05
1.65833 	0.0237016 	0.0029203 	4.17502e-05
1.65983 	0.0237142 	0.00291636 	4.14551e-05
1.66133 	0.0237269 	0.00291242 	4.11601e-05
1.66283 	0.0237396 	0.00290848 	4.08651e-05
1.66433 	0.0237523 	0.00290454 	4.057e-05
1.66583 	0.023765 	0.0029006 	4.0275e-05
1.66733 	0.0237777 	0.00289667 	3.998e-05
1.66883 	0.0237904 	0.00289273 	3.96849e-05
1.67034 	0.023803 	0.00288879 	3.93899e-05
1.67184 	0.0238157 	0.00288485 	3.90949e-05
1.67334 	0.0238284 	0.00288091 	3.87998e-05
1.67484 	0.0238411 	0.00287697 	3.85048e-05
1.67634 	0.0238538 	0.00287303 	3.82098e-05
1.67784 	0.0238665 	0.00286909 	3.79147e-05
1.67934 	0.0238792 	0.00286515 	3.76197e-05
1.68084 	0.0238923 	0.00286048 	3.72903e-05
1.68234 	0.0239055 	0.00285577 	3.69591e-05
1.68384 	0.0239186 	0.00285105 	3.66278e-05
1.68534 	0.0239318 	0.00284634 	3.62966e-05
1.68684 	0.023945 	0.00284163 	3.59654e-05
1.68834 	0.0239581 	0.00283691 	3.56341e-05
1.68984 	0.0239713 	0.0028322 	3.53029e-05
1.69135 	0.0239845 	0.00282749 	3.49717e-05
1.69285 	0.0239961 	0.00282373 	3.46719e-05
1.69435 	0.0240069 	0.00282043 	3.43873e-05
1.69585 	0.0240178 	0.00281713 	3.41027e-05
1.69735 	0.0240286 	0.00281383 	3.38181e-05
1.69885 	0.0240395 	0.00281053 	3.35335e-05
1.70035 	0.0240504 	0.00280724 	3.32489e-05
1.70185 	0.0240612 	0.00280394 	3.29643e-05
1.70335 	0.0240721 	0.00280064 	3.26797e-05
1.70485 	0.0240829 	0.00279734 	3.23951e-05
1.70635 	0.0240945 	0.00279379 	3.20784e-05
1.70785 	0.0241066 	0.00279 	3.17327e-05
1.70935 	0.0241187 	0.00278622 	3.1387e-05
1.71086 	0.0241308 	0.00278244 	3.10413e-05
1.71236 	0.024143 	0.00277865 	3.06956e-05
1.71386 	0.0241551 	0.00277487 	3.03499e-05
1.71536 	0.0241672 	0.00277109 	3.00042e-05
1.71686 	0.0241793 	0.0027673 	2.96585e-05
1.71836 	0.0241914 	0.00276352 	2.93128e-05
1.71986 	0.0242036 	0.00275974 	2.89671e-05
1.72136 	0.0242157 	0.00275595 	2.86214e-05
1.72286 	0.0242278 	0.00275217 	2.82757e-05
1.72436 	0.0242399 	0.00274838 	2.793e-05
1.72586 	0.0242521 	0.0027446 	2.75843e-05
1.72736 	0.0242642 	0.00274082 	2.72386e-05
1.72886 	0.0242763 	0.00273703 	2.68929e-05
1.73037 	0.0242884 	0.00273325 	2.65472e-05
1.73187 	0.0243005 	0.00272947 	2.62015e-05
1.73337 	0.0243127 	0.00272568 	2.58558e-05
1.73487 	0.0243248 	0.0027219 	2.55101e-05
1.73637 	0.0243369 	0.00271809 	2.51644e-05
1.73787 	0.0243485 	0.00271393 	2.48191e-05
1.73937 	0.0243601 	0.00270977 	2.44738e-05
1.74087 	0.0243718 	0.00270562 	2.41285e-05
1.74237 	0.0243834 	0.00270146 	2.37832e-05
1.74387 	0.024395 	0.00269731 	2.34379e-05
1.74537 	0.0244066 	0.00269315 	2.30925e-05
1.74687 	0.0244183 	0.00268899 	2.27472e-05
1.74837 	0.0244299 	0.00268484 	2.24019e-05
1.74987 	0.0244415 	0.00268068 	2.20566e-05
1.75138 	0.0244532 	0.00267652 	2.17113e-05
1.75288 	0.0244647 	0.00267295 	2.13513e-05
1.75438 	0.0244762 	0.00266943 	2.09901e-05
1.75588 	0.0244877 	0.00266591 	2.0629e-05
1.75738 	0.0244993 	0.00266238 	2.02678e-05
1.75888 	0.0245108 	0.00265886 	1.99066e-05
1.76038 	0.0245223 	0.00265534 	1.95454e-05
1.76188 	0.0245338 	0.00265182 	1.91842e-05
1.76338 	0.0245454 	0.00264829 	1.8823e-05
1.76488 	0.0245569 	0.00264477 	1.84618e-05
1.76638 	0.0245684 	0.00264125 	1.81006e-05
1.76788 	0.0245799 	0.00263773 	1.77394e-05
1.76938 	0.0245915 	0.00263413 	1.74548e-05
1.77089 	0.0246031 	0.00263051 	1.71974e-05
1.77239 	0.0246147 	0.00262689 	1.69399e-05
1.77389 	0.0246263 	0.00262327 	1.66825e-05
1.77539 	0.0246378 	0.00261965 	1.6425e-05
1.77689 	0.0246494 	0.00261603 	1.61676e-05
1.77839 	0.024661 	0.00261241 	1.59101e-05
1.77989 	0.0246726 	0.00260879 	1.56527e-05
1.78139 	0.0246842 	0.00260517 	1.53952e-05
1.78289 	0.0246958 	0.00260155 	1.51378e-05
1.78439 	0.0247074 	0.00259793 	1.48803e-05
1.78589 	0.0247189 	0.00259431 	1.46229e-05
1.78739 	0.0247305 	0.00259069 	1.43654e-05
1.78889 	0.0247421 	0.00258707 	1.41079e-05
1.7904 	0.0247537 	0.00258345 	1.38505e-05
1.7919 	0.0247653 	0.00257983 	1.3593e-05
1.7934 	0.0247767 	0.00257607 	1.3367e-05
1.7949 	0.0247877 	0.00257198 	1.32215e-05
1.7964 	0.0247988 	0.00256788 	1.3076e-05
1.7979 	0.0248098 	0.00256379 	1.29305e-05
1.7994 	0.0248209 	0.00255969 	1.2785e-05
1.8009 	0.0248319 	0.00255559 	1.26395e-05
1.8024 	0.0248429 	0.0025515 	1.2494e-05
1.8039 	0.024854 	0.0025474 	1.23485e-05
1.8054 	0.024865 	0.0025433 	1.2203e-05
1.8069 	0.024876 	0.00253921 	1.20575e-05
1.8084 	0.0248871 	0.00253511 	1.1912e-05
1.8099 	0.0248981 	0.00253101 	1.17665e-05
1.81141 	0.0249091 	0.00252714 	1.16103e-05
1.81291 	0.0249202 	0.0025238 	1.14288e-05
1.81441 	0.0249312 	0.00252046 	1.12473e-05
1.81591 	0.0249423 	0.00251711 	1.10658e-05
1.81741 	0.0249533 	0.00251377 	1.08842e-05
1.81891 	0.0249644 	0.00251043 	1.07027e-05
1.82041 	0.0249754 	0.00250709 	1.05212e-05
1.82191 	0.0249865 	0.00250374 	1.03397e-05
1.82341 	0.0249975 	0.0025004 	1.01582e-05
1.82491 	0.0250086 	0.00249706 	9.97666e-06
1.82641 	0.0250196 	0.00249372 	9.79514e-06
1.82791 	0.0250307 	0.00249037 	9.61362e-06
1.82941 	0.0250417 	0.00248703 	9.43211e-06
1.83092 	0.0250527 	0.00248367 	9.27614e-06
1.83242 	0.0250636 	0.0024802 	9.25276e-06
1.83392 	0.0250745 	0.00247673 	9.22938e-06
1.83542 	0.0250855 	0.00247326 	9.20601e-06
1.83692 	0.0250964 	0.0024698 	9.18263e-06
1.83842 	0.0251073 	0.00246633 	9.15925e-06
1.83992 	0.0251182 	0.00246286 	9.13587e-06
1.84142 	0.0251291 	0.00245939 	9.11249e-06
1.84292 	0.02514 	0.00245592 	9.08911e-06
1.84442 	0.0251509 	0.00245246 	9.06573e-06
1.84592 	0.0251618 	0.00244899 	9.04235e-06
1.84742 	0.0251727 	0.00244552 	9.01897e-06
1.84892 	0.0251836 	0.00244205 	8.99559e-06
1.85043 	0.0251931 	0.00243811 	9.06306e-06
1.85193 	0.0252019 	0.00243394 	9.17282e-06
1.85343 	0.0252107 	0.00242978 	9.28257e-06
1.85493 	0.0252195 	0.00242562 	9.39232e-06
1.85643 	0.0252282 	0.00242145 	9.50208e-06
1.85793 	0.025237 	0.00241729 	9.61183e-06
1.85943 	0.0252458 	0.00241312 	9.72159e-06
1.86093 	0.0252546 	0.00240896 	9.83134e-06
1.86243 	0.0252634 	0.0024048 	9.94109e-06
1.86393 	0.0252722 	0.00240063 	1.00508e-05
1.86543 	0.025281 	0.00239647 	1.01606e-05
1.86693 	0.0252898 	0.0023923 	1.02704e-05
1.86843 	0.0252986 	0.00238814 	1.03801e-05
1.86993 	0.0253074 	0.00238398 	1.04899e-05
1.87144 	0.0253189 	0.00238096 	1.05716e-05
1.87294 	0.0253306 	0.00237801 	1.06518e-05
1.87444 	0.0253422 	0.00237505 	1.0732e-05
1.87594 	0.0253539 	0.0023721 	1.08123e-05
1.87744 	0.0253655 	0.00236915 	1.08925e-05
1.87894 	0.0253772 	0.00236619 	1.09728e-05
1.88044 	0.0253888 	0.00236324 	1.1053e-05
1.88194 	0.0254005 	0.00236029 	1.11333e-05
1.88344 	0.0254122 	0.00235733 	1.12135e-05
1.88494 	0.0254238 	0.00235438 	1.12938e-05
1.88644 	0.0254355 	0.00235142 	1.1374e-05
1.88794 	0.0254471 	0.00234847 	1.14543e-05
1.88944 	0.0254588 	0.00234552 	1.15345e-05
1.89095 	0.0254704 	0.00234256 	1.16147e-05
1.89245 	0.0254821 	0.00233961 	1.1695e-05
1.89395 	0.0254922 	0.00233628 	1.18568e-05
1.89545 	0.0255023 	0.00233294 	1.20214e-05
1.89695 	0.0255123 	0.00232961 	1.2186e-05
1.89845 	0.0255224 	0.00232627 	1.23505e-05
1.89995 	0.0255325 	0.00232293 	1.25151e-05
1.90145 	0.0255425 	0.00231959 	1.26797e-05
1.90295 	0.0255526 	0.00231625 	1.28442e-05
1.90445 	0.0255627 	0.00231291 	1.30088e-05
1.90595 	0.0255713 	0.0023092 	1.31975e-05
1.90745 	0.0255777 	0.00230493 	1.34228e-05
1.90895 	0.025584 	0.00230065 	1.36481e-05
1.91046 	0.0255904 	0.00229637 	1.38734e-05
1.91196 	0.0255968 	0.0022921 	1.40986e-05
1.91346 	0.0256032 	0.00228782 	1.43239e-05
1.91496 	0.0256096 	0.00228355 	1.45492e-05
1.91646 	0.025616 	0.00227927 	1.47745e-05
1.91796 	0.0256223 	0.002275 	1.49998e-05
1.91946 	0.0256287 	0.00227072 	1.52251e-05
1.92096 	0.0256351 	0.00226644 	1.54504e-05
1.92246 	0.0256415 	0.00226217 	1.56757e-05
1.92396 	0.0256479 	0.00225789 	1.5901e-05
1.92546 	0.0256543 	0.00225362 	1.61263e-05
1.92696 	0.0256606 	0.00224934 	1.63516e-05
1.92846 	0.0256671 	0.0022451 	1.65766e-05
1.92996 	0.0256792 	0.00224248 	1.67896e-05
1.93147 	0.0256913 	0.00223986 	1.70027e-05
1.93297 	0.0257034 	0.00223724 	1.72157e-05
1.93447 	0.0257154 	0.00223462 	1.74287e-05
1.93597 	0.0257275 	0.002232 	1.76417e-05
1.93747 	0.0257396 	0.00222938 	1.78548e-05
1.93897 	0.0257517 	0.00222676 	1.80678e-05
1.94047 	0.0257638 	0.00222414 	1.82808e-05
1.94197 	0.0257758 	0.00222152 	1.84938e-05
1.94347 	0.0257879 	0.0022189 	1.87069e-05
1.94497 	0.0258 	0.00221628 	1.89199e-05
1.94647 	0.0258121 	0.00221366 	1.91329e-05
1.94797 	0.0258241 	0.00221104 	1.9346e-05
1.94947 	0.0258362 	0.00220842 	1.9559e-05
1.95098 	0.0258483 	0.0022058 	1.9772e-05
1.95248 	0.0258604 	0.00220319 	1.9985e-05
1.95398 	0.0258712 	0.00220045 	2.018e-05
1.95548 	0.0258796 	0.00219746 	2.03372e-05
1.95698 	0.0258879 	0.00219448 	2.04944e-05
1.95848 	0.0258963 	0.0021915 	2.06517e-05
1.95998 	0.0259047 	0.00218851 	2.08089e-05
1.96148 	0.0259111 	0.00218503 	2.09302e-05
1.96298 	0.0259159 	0.00218113 	2.1021e-05
1.96448 	0.0259207 	0.00217723 	2.11117e-05
1.96598 	0.0259255 	0.00217333 	2.12024e-05
1.96748 	0.0259303 	0.00216943 	2.12932e-05
1.96898 	0.0259351 	0.00216553 	2.13839e-05
1.97049 	0.0259398 	0.00216163 	2.14747e-05
1.97199 	0.0259446 	0.00215773 	2.15654e-05
1.97349 	0.0259494 	0.00215383 	2.16561e-05
1.97499 	0.0259542 	0.00214993 	2.17469e-05
1.97649 	0.025959 	0.00214603 	2.18376e-05
1.97799 	0.0259638 	0.00214213 	2.19283e-05
1.97949 	0.0259686 	0.00213823 	2.20191e-05
1.98099 	0.0259734 	0.00213433 	2.21098e-05
1.98249 	0.0259782 	0.00213043 	2.22006e-05
1.98399 	0.025983 	0.00212652 	2.22913e-05
1.98549 	0.0259878 	0.00212262 	2.2382e-05
1.98699 	0.025997 	0.00211933 	2.24735e-05
1.98849 	0.0260087 	0.00211638 	2.25655e-05
1.98999 	0.0260203 	0.00211343 	2.26574e-05
1.9915 	0.026032 	0.00211048 	2.27493e-05
1.993 	0.0260437 	0.00210753 	2.28412e-05
1.9945 	0.0260554 	0.00210458 	2.29331e-05
1.996 	0.0260671 	0.00210163 	2.3025e-05
1.9975 	0.0260788 	0.00209868 	2.31169e-05
1.999 	0.0260905 	0.00209573 	2.32088e-05
2.0005 	0.0261022 	0.00209278 	2.33008e-05
2.002 	0.0261138 	0.00208983 	2.33927e-05
2.0035 	0.0261255 	0.00208688 	2.34846e-05
2.005 	0.0261372 	0.00208392 	2.35765e-05
2.0065 	0.0261489 	0.00208097 	2.36684e-05
2.008 	0.0261606 	0.00207802 	2.37603e-05
2.0095 	0.0261723 	0.00207507 	2.38522e-05
2.01101 	0.026184 	0.00207212 	2.39442e-05
2.01251 	0.0261957 	0.00206917 	2.40361e-05
2.01401 	0.0262056 	0.0020663 	2.41168e-05
2.01551 	0.0262116 	0.00206351 	2.41734e-05
2.01701 	0.0262139 	0.00206056 	2.4207e-05
2.01851 	0.0262163 	0.00205761 	2.42406e-05
2.02001 	0.0262186 	0.00205466 	2.42742e-05
2.02151 	0.0262209 	0.00205171 	2.43078e-05
2.02301 	0.0262233 	0.00204875 	2.43413e-05
2.02451 	0.0262256 	0.0020458 	2.43749e-05
2.02601 	0.0262279 	0.00204285 	2.44085e-05
2.02751 	0.0262303 	0.0020399 	2.44421e-05
2.02901 	0.0262326 	0.00203695 	2.44757e-05
2.03052 	0.0262349 	0.002034 	2.45092e-05
2.03202 	0.0262373 	0.00203105 	2.45428e-05
2.03352 	0.0262396 	0.0020281 	2.45764e-05
2.03502 	0.0262419 	0.00202514 	2.461e-05
2.03652 	0.0262443 	0.00202219 	2.46436e-05
2.03802 	0.0262466 	0.00201924 	2.46772e-05
2.03952 	0.0262489 	0.00201629 	2.47107e-05
2.04102 	0.0262513 	0.00201334 	2.47443e-05
2.04252 	0.0262536 	0.00201039 	2.47779e-05
2.04402 	0.0262611 	0.0020088 	2.47939e-05
2.04552 	0.0262691 	0.00200731 	2.48087e-05
2.04702 	0.026277 	0.00200582 	2.48234e-05
2.04852 	0.0262849 	0.00200433 	2.48382e-05
2.05003 	0.0262928 	0.00200284 	2.4853e-05
2.05153 	0.0263007 	0.00200134 	2.48677e-05
2.05303 	0.0263087 	0.00199985 	2.48825e-05
2.05453 	0.0263166 	0.00199836 	2.48973e-05
2.05603 	0.0263245 	0.00199687 	2.4912e-05
2.05753 	0.0263324 	0.00199538 	2.49268e-05
2.05903 	0.0263403 	0.00199389 	2.49416e-05
2.06053 	0.0263483 	0.0019924 	2.49563e-05
2.06203 	0.0263562 	0.00199091 	2.49711e-05
2.06353 	0.0263641 	0.00198942 	2.49859e-05
2.06503 	0.026372 	0.00198792 	2.50006e-05
2.06653 	0.0263799 	0.00198643 	2.50154e-05
2.06803 	0.0263879 	0.00198494 	2.50302e-05
2.06953 	0.0263947 	0.00198276 	2.5085e-05
2.07104 	0.0264007 	0.00197992 	2.51775e-05
2.07254 	0.0264062 	0.00197663 	2.52925e-05
2.07404 	0.0264112 	0.00197238 	2.54546e-05
2.07554 	0.0264161 	0.00196813 	2.56166e-05
2.07704 	0.026421 	0.00196388 	2.57787e-05
2.07854 	0.0264259 	0.00195962 	2.59407e-05
2.08004 	0.0264309 	0.00195537 	2.61028e-05
2.08154 	0.0264358 	0.00195112 	2.62648e-05
2.08304 	0.0264407 	0.00194687 	2.64268e-05
2.08454 	0.0264456 	0.00194262 	2.65889e-05
2.08604 	0.0264505 	0.00193837 	2.67509e-05
2.08754 	0.0264555 	0.00193412 	2.6913e-05
2.08904 	0.0264604 	0.00192987 	2.7075e-05
2.09055 	0.0264653 	0.00192562 	2.72371e-05
2.09205 	0.0264702 	0.00192137 	2.73991e-05
2.09355 	0.0264751 	0.00191712 	2.75612e-05
2.09505 	0.0264801 	0.00191287 	2.77232e-05
2.09655 	0.026485 	0.00190862 	2.78852e-05
2.09805 	0.02649 	0.00190441 	2.80466e-05
2.09955 	0.0264992 	0.001902 	2.81789e-05
2.10105 	0.0265084 	0.00189958 	2.83112e-05
2.10255 	0.0265176 	0.00189717 	2.84434e-05
2.10405 	0.0265267 	0.00189476 	2.85757e-05
2.10555 	0.0265359 	0.00189235 	2.8708e-05
2.10705 	0.0265451 	0.00188994 	2.88403e-05
2.10855 	0.0265543 	0.00188752 	2.89726e-05
2.11006 	0.0265635 	0.00188511 	2.91049e-05
2.11156 	0.0265727 	0.0018827 	2.92372e-05
2.11306 	0.0265819 	0.00188029 	2.93694e-05
2.11456 	0.0265911 	0.00187788 	2.95017e-05
2.11606 	0.0266002 	0.00187546 	2.9634e-05
2.11756 	0.0266094 	0.00187305 	2.97663e-05
2.11906 	0.0266186 	0.00187064 	2.98986e-05
2.12056 	0.0266278 	0.00186823 	3.00309e-05
2.12206 	0.0266352 	0.0018655 	3.02293e-05
2.12356 	0.0266409 	0.0018625 	3.04841e-05
2.12506 	0.0266467 	0.0018595 	3.0739e-05
2.12656 	0.0266525 	0.0018565 	3.09938e-05
2.12806 	0.0266583 	0.0018535 	3.12487e-05
2.12956 	0.0266635 	0.00185031 	3.15309e-05
2.13107 	0.026667 	0.00184656 	3.18937e-05
2.13257 	0.0266706 	0.00184281 	3.22565e-05
2.13407 	0.0266741 	0.00183906 	3.26193e-05
2.13557 	0.0266776 	0.00183531 	3.29821e-05
2.13707 	0.0266811 	0.00183156 	3.33449e-05
2.13857 	0.0266847 	0.0018278 	3.37077e-05
2.14007 	0.0266882 	0.00182405 	3.40705e-05
2.14157 	0.0266917 	0.0018203 	3.44333e-05
2.14307 	0.0266952 	0.00181655 	3.47961e-05
2.14457 	0.0266988 	0.0018128 	3.51589e-05
2.14607 	0.0267023 	0.00180905 	3.55217e-05
2.14757 	0.0267058 	0.0018053 	3.58845e-05
2.14907 	0.0267093 	0.00180155 	3.62473e-05
2.15058 	0.0267129 	0.0017978 	3.66101e-05
2.15208 	0.0267165 	0.00179407 	3.69728e-05
2.15358 	0.0267256 	0.00179128 	3.73298e-05
2.15508 	0.0267346 	0.0017885 	3.76867e-05
2.15658 	0.0267437 	0.00178572 	3.80436e-05
2.15808 	0.0267528 	0.00178294 	3.84005e-05
2.15958 	0.0267618 	0.00178016 	3.87575e-05
2.16108 	0.0267709 	0.00177737 	3.91144e-05
2.16258 	0.02678 	0.00177459 	3.94713e-05
2.16408 	0.026789 	0.00177181 	3.98283e-05
2.16558 	0.0267981 	0.00176903 	4.01852e-05
2.16708 	0.0268072 	0.00176625 	4.05421e-05
2.16858 	0.0268163 	0.00176347 	4.0899e-05
2.17009 	0.0268253 	0.00176068 	4.1256e-05
2.17159 	0.0268344 	0.0017579 	4.16129e-05
2.17309 	0.0268422 	0.00175492 	4.19441e-05
2.17459 	0.0268479 	0.00175162 	4.22345e-05
2.17609 	0.0268536 	0.00174832 	4.25249e-05
2.17759 	0.0268593 	0.00174502 	4.28153e-05
2.17909 	0.026865 	0.00174172 	4.31058e-05
2.18059 	0.0268707 	0.00173842 	4.33962e-05
2.18209 	0.0268764 	0.00173512 	4.36866e-05
2.18359 	0.0268821 	0.00173182 	4.3977e-05
2.18509 	0.026887 	0.00172842 	4.42493e-05
2.18659 	0.0268898 	0.00172479 	4.44742e-05
2.18809 	0.0268926 	0.00172116 	4.46991e-05
2.18959 	0.0268953 	0.00171752 	4.49239e-05
2.1911 	0.0268981 	0.00171389 	4.51488e-05
2.1926 	0.0269008 	0.00171025 	4.53737e-05
2.1941 	0.0269036 	0.00170662 	4.55986e-05
2.1956 	0.0269063 	0.00170298 	4.58235e-05
2.1971 	0.0269091 	0.00169935 	4.60483e-05
2.1986 	0.0269118 	0.00169572 	4.62732e-05
2.2001 	0.0269146 	0.00169208 	4.64981e-05
2.2016 	0.0269173 	0.00168845 	4.6723e-05
2.2031 	0.0269201 	0.00168481 	4.69479e-05
2.2046 	0.0269229 	0.00168118 	4.71727e-05
2.2061 	0.026931 	0.00167836 	4.73959e-05
2.2076 	0.0269392 	0.00167553 	4.7619e-05
2.2091 	0.0269474 	0.00167271 	4.78422e-05
2.21061 	0.0269556 	0.00166989 	4.80653e-05
2.21211 	0.0269638 	0.00166707 	4.82885e-05
2.21361 	0.026972 	0.00166425 	4.85116e-05
2.21511 	0.0269802 	0.00166142 	4.87348e-05
2.21661 	0.0269884 	0.0016586 	4.89579e-05
2.21811 	0.0269966 	0.00165578 	4.91811e-05
2.21961 	0.0270048 	0.00165296 	4.94043e-05
2.22111 	0.027013 	0.00165014 	4.96274e-05
2.22261 	0.0270207 	0.00164726 	4.98405e-05
2.22411 	0.0270255 	0.00164401 	4.99912e-05
2.22561 	0.0270304 	0.00164076 	5.01419e-05
2.22711 	0.0270352 	0.00163751 	5.02926e-05
2.22861 	0.0270401 	0.00163426 	5.04433e-05
2.23012 	0.0270449 	0.00163101 	5.0594e-05
2.23162 	0.0270498 	0.00162776 	5.07447e-05
2.23312 	0.0270546 	0.00162452 	5.08954e-05
2.23462 	0.0270595 	0.00162127 	5.10461e-05
2.23612 	0.0270643 	0.00161802 	5.11968e-05
2.23762 	0.0270692 	0.00161477 	5.13475e-05
2.23912 	0.0270726 	0.0016114 	5.14651e-05
2.24062 	0.0270745 	0.0016079 	5.15485e-05
2.24212 	0.0270764 	0.0016044 	5.16319e-05
2.24362 	0.0270783 	0.0016009 	5.17153e-05
2.24512 	0.0270801 	0.0015974 	5.17986e-05
2.24662 	0.027082 	0.00159391 	5.1882e-05
2.24812 	0.0270839 	0.00159041 	5.19654e-05
2.24962 	0.0270858 	0.00158691 	5.20487e-05
2.25113 	0.0270877 	0.00158341 	5.21321e-05
2.25263 	0.0270896 	0.00157991 	5.22155e-05
2.25413 	0.0270914 	0.00157641 	5.22988e-05
2.25563 	0.0270937 	0.00157295 	5.23826e-05
2.25713 	0.0271011 	0.00157002 	5.24716e-05
2.25863 	0.0271084 	0.00156709 	5.25607e-05
2.26013 	0.0271158 	0.00156416 	5.26497e-05
2.26163 	0.0271231 	0.00156122 	5.27388e-05
2.26313 	0.0271305 	0.00155829 	5.28278e-05
2.26463 	0.0271378 	0.00155536 	5.29169e-05
2.26613 	0.0271452 	0.00155243 	5.30059e-05
2.26763 	0.0271525 	0.0015495 	5.3095e-05
2.26913 	0.0271599 	0.00154656 	5.3184e-05
2.27064 	0.0271672 	0.00154363 	5.32731e-05
2.27214 	0.0271714 	0.00154078 	5.3363e-05
2.27364 	0.027175 	0.00153794 	5.34531e-05
2.27514 	0.0271786 	0.0015351 	5.35432e-05
2.27664 	0.0271823 	0.00153226 	5.36332e-05
2.27814 	0.0271859 	0.00152942 	5.37233e-05
2.27964 	0.0271895 	0.00152658 	5.38134e-05
2.28114 	0.0271932 	0.00152374 	5.39035e-05
2.28264 	0.0271968 	0.0015209 	5.39936e-05
2.28414 	0.0272004 	0.00151806 	5.40836e-05
2.28564 	0.0272041 	0.00151522 	5.41737e-05
2.28714 	0.0272077 	0.00151238 	5.42638e-05
2.28864 	0.0272113 	0.00150954 	5.43539e-05
2.29015 	0.027215 	0.0015067 	5.44439e-05
2.29165 	0.0272151 	0.00150427 	5.45189e-05
2.29315 	0.0272152 	0.00150185 	5.45935e-05
2.29465 	0.0272153 	0.00149943 	5.46681e-05
2.29615 	0.0272154 	0.001497 	5.47428e-05
2.29765 	0.0272154 	0.00149458 	5.48174e-05
2.29915 	0.0272155 	0.00149216 	5.4892e-05
2.30065 	0.0272156 	0.00148973 	5.49666e-05
2.30215 	0.0272157 	0.00148731 	5.50413e-05
2.30365 	0.0272158 	0.00148489 	5.51159e-05
2.30515 	0.0272171 	0.00148281 	5.51836e-05
2.30665 	0.0272218 	0.0014816 	5.52338e-05
2.30815 	0.0272265 	0.0014804 	5.52839e-05
2.30965 	0.0272312 	0.00147919 	5.53341e-05
2.31116 	0.0272359 	0.00147799 	5.53843e-05
2.31266 	0.0272406 	0.00147678 	5.54344e-05
2.31416 	0.0272453 	0.00147558 	5.54846e-05
2.31566 	0.0272499 	0.00147437 	5.55347e-05
2.31716 	0.0272546 	0.00147317 	5.55849e-05
2.31866 	0.0272581 	0.0014711 	5.56835e-05
2.32016 	0.0272609 	0.00146851 	5.58116e-05
2.32166 	0.0272636 	0.00146591 	5.59397e-05
2.32316 	0.0272664 	0.00146332 	5.60678e-05
2.32466 	0.0272691 	0.00146072 	5.6196e-05
2.32616 	0.0272719 	0.00145813 	5.63241e-05
2.32766 	0.0272746 	0.00145553 	5.64522e-05
2.32916 	0.0272774 	0.00145294 	5.65803e-05
2.33067 	0.0272801 	0.00145034 	5.67084e-05
2.33217 	0.0272829 	0.00144775 	5.68365e-05
2.33367 	0.0272856 	0.00144515 	5.69646e-05
2.33517 	0.0272884 	0.00144256 	5.70927e-05
2.33667 	0.0272912 	0.00143997 	5.72208e-05
2.33817 	0.0272939 	0.00143737 	5.73489e-05
2.33967 	0.0272967 	0.00143478 	5.7477e-05
2.34117 	0.0272981 	0.00143119 	5.76633e-05
2.34267 	0.0272993 	0.00142737 	5.78636e-05
2.34417 	0.0273004 	0.00142355 	5.80639e-05
2.34567 	0.0273015 	0.00141973 	5.82642e-05
2.34717 	0.0273027 	0.00141591 	5.84645e-05
2.34867 	0.0273038 	0.00141209 	5.86648e-05
2.35018 	0.0273049 	0.00140827 	5.88651e-05
2.35168 	0.0273061 	0.00140445 	5.90654e-05
2.35318 	0.0273102 	0.00140154 	5.92403e-05
2.35468 	0.0273157 	0.00139902 	5.94045e-05
2.35618 	0.0273211 	0.0013965 	5.95687e-05
2.35768 	0.0273266 	0.00139398 	5.97328e-05
2.35918 	0.027332 	0.00139146 	5.9897e-05
2.36068 	0.0273375 	0.00138894 	6.00611e-05
2.36218 	0.0273429 	0.00138642 	6.02253e-05
2.36368 	0.0273469 	0.00138374 	6.04168e-05
2.36518 	0.0273492 	0.00138087 	6.06395e-05
2.36668 	0.0273514 	0.00137801 	6.08622e-05
2.36818 	0.0273537 	0.00137515 	6.10849e-05
2.36968 	0.027356 	0.00137228 	6.13076e-05
2.37119 	0.0273583 	0.00136942 	6.15303e-05
2.37269 	0.0273606 	0.00136656 	6.1753e-05
2.37419 	0.0273628 	0.0013637 	6.19757e-05
2.37569 	0.0273651 	0.00136083 	6.21984e-05
2.37719 	0.0273674 	0.00135797 	6.24211e-05
2.37869 	0.0273697 	0.00135511 	6.26438e-05
2.38019 	0.027372 	0.00135224 	6.28665e-05
2.38169 	0.0273742 	0.00134938 	6.30892e-05
2.38319 	0.0273765 	0.00134652 	6.33119e-05
2.38469 	0.0273788 	0.00134365 	6.35346e-05
2.38619 	0.0273811 	0.00134079 	6.37573e-05
2.38769 	0.0273833 	0.00133792 	6.39814e-05
2.38919 	0.0273831 	0.00133454 	6.42713e-05
2.3907 	0.0273829 	0.00133117 	6.45612e-05
2.3922 	0.0273827 	0.00132779 	6.48511e-05
2.3937 	0.0273825 	0.00132441 	6.51411e-05
2.3952 	0.0273823 	0.00132104 	6.5431e-05
2.3967 	0.0273821 	0.00131766 	6.57209e-05
2.3982 	0.0273837 	0.00131446 	6.60091e-05
2.3997 	0.0273884 	0.00131154 	6.62944e-05
2.4012 	0.0273931 	0.00130862 	6.65797e-05
2.4027 	0.0273978 	0.00130571 	6.68651e-05
2.4042 	0.0274025 	0.00130279 	6.71504e-05
2.4057 	0.0274071 	0.00129987 	6.74357e-05
2.4072 	0.0274104 	0.00129686 	6.77626e-05
2.4087 	0.0274118 	0.00129373 	6.81429e-05
2.41021 	0.0274132 	0.00129059 	6.85232e-05
2.41171 	0.0274145 	0.00128746 	6.89035e-05
2.41321 	0.0274159 	0.00128432 	6.92839e-05
2.41471 	0.0274173 	0.00128119 	6.96642e-05
2.41621 	0.0274187 	0.00127806 	7.00445e-05
2.41771 	0.0274201 	0.00127492 	7.04248e-05
2.41921 	0.0274215 	0.00127179 	7.08051e-05
2.42071 	0.0274228 	0.00126865 	7.11855e-05
2.42221 	0.0274242 	0.00126552 	7.15658e-05
2.42371 	0.0274256 	0.00126239 	7.19461e-05
2.42521 	0.027427 	0.00125925 	7.23264e-05
2.42671 	0.0274284 	0.00125612 	7.27067e-05
2.42821 	0.0274298 	0.00125298 	7.30871e-05
2.42971 	0.0274311 	0.00124985 	7.34674e-05
2.43122 	0.0274325 	0.00124672 	7.38477e-05
2.43272 	0.0274339 	0.00124358 	7.4228e-05
2.43422 	0.0274334 	0.00124037 	7.46584e-05
2.43572 	0.0274318 	0.00123713 	7.51146e-05
2.43722 	0.0274303 	0.00123388 	7.55708e-05
2.43872 	0.0274288 	0.00123063 	7.60271e-05
2.44022 	0.0274272 	0.00122738 	7.64833e-05
2.44172 	0.0274273 	0.00122419 	7.69497e-05
2.44322 	0.0274305 	0.00122112 	7.74368e-05
2.44472 	0.0274338 	0.00121806 	7.7924e-05
2.44622 	0.027437 	0.00121499 	7.84111e-05
2.44772 	0.0274403 	0.00121192 	7.88982e-05
2.44922 	0.0274411 	0.00120898 	7.93666e-05
2.45073 	0.02744 	0.00120615 	7.98207e-05
2.45223 	0.027439 	0.00120331 	8.02748e-05
2.45373 	0.027438 	0.00120048 	8.0729e-05
2.45523 	0.0274369 	0.00119764 	8.11831e-05
2.45673 	0.0274359 	0.00119481 	8.16372e-05
2.45823 	0.0274348 	0.00119197 	8.20914e-05
2.45973 	0.0274338 	0.00118914 	8.25455e-05
2.46123 	0.0274328 	0.0011863 	8.29996e-05
2.46273 	0.0274317 	0.00118347 	8.34537e-05
2.46423 	0.0274307 	0.00118063 	8.39079e-05
2.46573 	0.0274296 	0.0011778 	8.4362e-05
2.46723 	0.0274286 	0.00117496 	8.48161e-05
2.46873 	0.0274276 	0.00117213 	8.52703e-05
2.47024 	0.0274265 	0.0011693 	8.57244e-05
2.47174 	0.0274255 	0.00116646 	8.61785e-05
2.47324 	0.0274245 	0.00116363 	8.66326e-05
2.47474 	0.0274234 	0.00116079 	8.70868e-05
2.47624 	0.0274224 	0.00115796 	8.75409e-05
2.47774 	0.0274186 	0.00115551 	8.79309e-05
2.47924 	0.0274138 	0.00115319 	8.82981e-05
2.48074 	0.027409 	0.00115088 	8.86653e-05
2.48224 	0.0274042 	0.00114857 	8.90326e-05
2.48374 	0.0273995 	0.00114656 	8.93412e-05
2.48524 	0.0273948 	0.00114476 	8.96092e-05
2.48674 	0.0273902 	0.00114296 	8.98772e-05
2.48824 	0.0273855 	0.00114116 	9.01452e-05
2.48974 	0.0273833 	0.00113863 	9.05787e-05
2.49125 	0.0273814 	0.001136 	9.10347e-05
2.49275 	0.0273795 	0.00113337 	9.14907e-05
2.49425 	0.0273776 	0.00113074 	9.19467e-05
2.49575 	0.0273757 	0.0011281 	9.24027e-05
2.49725 	0.0273738 	0.00112547 	9.28587e-05
2.49875 	0.027372 	0.00112284 	9.33147e-05
2.50025 	0.0273701 	0.00112021 	9.37707e-05
2.50175 	0.0273682 	0.00111758 	9.42267e-05
2.50325 	0.0273663 	0.00111495 	9.46827e-05
2.50475 	0.0273644 	0.00111232 	9.51387e-05
2.50625 	0.0273625 	0.00110969 	9.55947e-05
2.50775 	0.0273606 	0.00110706 	9.60507e-05
2.50925 	0.0273587 	0.00110443 	9.65067e-05
2.51076 	0.0273568 	0.0011018 	9.69627e-05
2.51226 	0.0273549 	0.00109917 	9.74187e-05
2.51376 	0.027353 	0.00109654 	9.78747e-05
2.51526 	0.0273511 	0.00109391 	9.83307e-05
2.51676 	0.0273492 	0.00109127 	9.87867e-05
2.51826 	0.0273481 	0.00108845 	9.92843e-05
2.51976 	0.0273489 	0.0010851 	9.9897e-05
2.52126 	0.0273497 	0.00108175 	0.00010051
2.52276 	0.0273498 	0.00107845 	0.000101098
2.52426 	0.0273461 	0.00107545 	0.000101561
2.52576 	0.0273424 	0.00107244 	0.000102023
2.52726 	0.0273392 	0.00106948 	0.000102488
2.52876 	0.027337 	0.00106659 	0.000102957
2.53027 	0.0273348 	0.0010637 	0.000103425
2.53177 	0.0273326 	0.00106081 	0.000103893
2.53327 	0.0273304 	0.00105792 	0.000104362
2.53477 	0.0273282 	0.00105502 	0.00010483
2.53627 	0.027326 	0.00105213 	0.000105298
2.53777 	0.0273238 	0.00104924 	0.000105767
2.53927 	0.0273216 	0.00104635 	0.000106235
2.54077 	0.0273194 	0.00104346 	0.000106703
2.54227 	0.0273172 	0.00104057 	0.000107171
2.54377 	0.027315 	0.00103767 	0.00010764
2.54527 	0.0273128 	0.00103478 	0.000108108
2.54677 	0.0273106 	0.00103189 	0.000108576
2.54827 	0.0273084 	0.001029 	0.000109045
2.54977 	0.0273062 	0.00102611 	0.000109513
2.55128 	0.027304 	0.00102322 	0.000109981
2.55278 	0.0273018 	0.00102032 	0.00011045
2.55428 	0.0272997 	0.00101743 	0.000110918
2.55578 	0.0272975 	0.00101454 	0.000111386
2.55728 	0.0272956 	0.00101163 	0.000111863
2.55878 	0.0272949 	0.00100864 	0.000112365
2.56028 	0.027294 	0.00100563 	0.000112866
2.56178 	0.027288 	0.00100223 	0.000113332
2.56328 	0.0272822 	0.000998852 	0.000113794
2.56478 	0.027278 	0.000995682 	0.000114215
2.56628 	0.0272738 	0.000992512 	0.000114635
2.56778 	0.0272696 	0.000989343 	0.000115056
2.56928 	0.0272654 	0.000986173 	0.000115477
2.57079 	0.0272612 	0.000983003 	0.000115898
2.57229 	0.027257 	0.000979834 	0.000116319
2.57379 	0.0272528 	0.000976664 	0.00011674
2.57529 	0.0272486 	0.000973494 	0.000117161
2.57679 	0.0272444 	0.000970324 	0.000117582
2.57829 	0.0272402 	0.000967155 	0.000118003
2.57979 	0.027236 	0.000963985 	0.000118424
2.58129 	0.0272318 	0.000960815 	0.000118845
2.58279 	0.0272276 	0.000957646 	0.000119266
2.58429 	0.0272234 	0.000954476 	0.000119686
2.58579 	0.0272192 	0.000951306 	0.000120107
2.58729 	0.027215 	0.000948137 	0.000120528
2.58879 	0.0272108 	0.000944967 	0.000120949
2.5903 	0.0272066 	0.000941797 	0.00012137
2.5918 	0.0272024 	0.000938628 	0.000121791
2.5933 	0.0271982 	0.000935458 	0.000122212
2.5948 	0.0271951 	0.000932451 	0.000122611
2.5963 	0.0271913 	0.000929393 	0.000122996
2.5978 	0.0271828 	0.000925867 	0.000123376
2.5993 	0.0271781 	0.000923285 	0.000123624
2.6008 	0.0271734 	0.00092071 	0.000123872
2.6023 	0.0271687 	0.000918135 	0.00012412
2.6038 	0.027164 	0.00091556 	0.000124368
2.6053 	0.0271592 	0.000912984 	0.000124616
2.6068 	0.0271545 	0.000910409 	0.000124864
2.6083 	0.0271498 	0.000907834 	0.000125111
2.6098 	0.0271451 	0.000905259 	0.000125359
2.61131 	0.0271404 	0.000902683 	0.000125607
2.61281 	0.0271357 	0.000900108 	0.000125855
2.61431 	0.027131 	0.000897533 	0.000126103
2.61581 	0.0271262 	0.000894958 	0.000126351
2.61731 	0.0271215 	0.000892382 	0.000126599
2.61881 	0.0271168 	0.000889807 	0.000126847
2.62031 	0.0271121 	0.000887232 	0.000127094
2.62181 	0.0271074 	0.000884657 	0.000127342
2.62331 	0.0271027 	0.000882082 	0.00012759
2.62481 	0.027098 	0.000879506 	0.000127838
2.62631 	0.0270932 	0.000876931 	0.000128086
2.62781 	0.0270885 	0.000874356 	0.000128334
2.62931 	0.0270854 	0.000872201 	0.000128536
2.63082 	0.0270803 	0.000870307 	0.000128671
2.63232 	0.0270737 	0.000867688 	0.000128782
2.63382 	0.0270672 	0.000865068 	0.000128893
2.63532 	0.0270607 	0.000862448 	0.000129005
2.63682 	0.0270542 	0.000859828 	0.000129116
2.63832 	0.0270477 	0.000857208 	0.000129227
2.63982 	0.0270412 	0.000854589 	0.000129339
2.64132 	0.0270347 	0.000851969 	0.00012945
2.64282 	0.0270282 	0.000849349 	0.000129562
2.64432 	0.0270217 	0.000846729 	0.000129673
2.64582 	0.0270152 	0.000844109 	0.000129784
2.64732 	0.0270087 	0.00084149 	0.000129896
2.64882 	0.0270022 	0.00083887 	0.000130007
2.65033 	0.0269957 	0.00083625 	0.000130118
2.65183 	0.0269892 	0.00083363 	0.00013023
2.65333 	0.0269826 	0.00083101 	0.000130341
2.65483 	0.0269761 	0.000828391 	0.000130452
2.65633 	0.0269696 	0.000825771 	0.000130564
2.65783 	0.0269631 	0.000823151 	0.000130675
2.65933 	0.0269566 	0.000820531 	0.000130786
2.66083 	0.0269501 	0.000817911 	0.000130898
2.66233 	0.0269418 	0.000814879 	0.000130984
2.66383 	0.0269318 	0.000811554 	0.000131021
2.66533 	0.0269218 	0.000808229 	0.000131059
2.66683 	0.0269118 	0.000804904 	0.000131096
2.66833 	0.0269018 	0.000801579 	0.000131133
2.66983 	0.0268918 	0.000798254 	0.000131171
2.67134 	0.0268818 	0.000794928 	0.00013121
2.67284 	0.0268719 	0.000791602 	0.00013125
2.67434 	0.0268619 	0.000788275 	0.000131289
2.67584 	0.0268519 	0.000784949 	0.000131328
2.67734 	0.026842 	0.000781623 	0.000131368
2.67884 	0.026832 	0.000778297 	0.000131407
2.68034 	0.0268221 	0.000774971 	0.000131447
2.68184 	0.0268121 	0.000771645 	0.000131486
2.68334 	0.0268021 	0.000768318 	0.000131525
2.68484 	0.0267922 	0.000764992 	0.000131565
2.68634 	0.0267822 	0.000761666 	0.000131604
2.68784 	0.0267723 	0.00075834 	0.000131644
2.68934 	0.0267623 	0.000755014 	0.000131683
2.69085 	0.0267523 	0.000751688 	0.000131723
2.69235 	0.0267417 	0.000748371 	0.000131727
2.69385 	0.026732 	0.000745593 	0.000131695
2.69535 	0.0267223 	0.000742816 	0.000131663
2.69685 	0.0267126 	0.000740039 	0.000131632
2.69835 	0.026703 	0.000737262 	0.0001316
2.69985 	0.0266933 	0.000734485 	0.000131568
2.70135 	0.0266836 	0.000731708 	0.000131537
2.70285 	0.0266739 	0.000728931 	0.000131505
2.70435 	0.0266643 	0.000726153 	0.000131473
2.70585 	0.0266546 	0.000723376 	0.000131441
2.70735 	0.0266449 	0.000720599 	0.00013141
2.70885 	0.0266352 	0.000717822 	0.000131378
2.71036 	0.0266256 	0.000715045 	0.000131346
2.71186 	0.0266159 	0.000712268 	0.000131315
2.71336 	0.0266062 	0.000709491 	0.000131283
2.71486 	0.0265965 	0.000706713 	0.000131251
2.71636 	0.0265869 	0.000703936 	0.000131219
2.71786 	0.0265772 	0.000701159 	0.000131188
2.71936 	0.0265679 	0.000698505 	0.000131151
2.72086 	0.0265593 	0.000696205 	0.000131103
2.72236 	0.0265481 	0.000693483 	0.000130958
2.72386 	0.0265367 	0.000690689 	0.000130798
2.72536 	0.0265252 	0.000687895 	0.000130638
2.72686 	0.0265138 	0.000685101 	0.000130478
2.72836 	0.0265024 	0.000682307 	0.000130318
2.72986 	0.0264909 	0.000679513 	0.000130158
2.73137 	0.0264795 	0.000676719 	0.000129998
2.73287 	0.0264681 	0.000673925 	0.000129838
2.73437 	0.0264566 	0.000671131 	0.000129678
2.73587 	0.0264452 	0.000668337 	0.000129518
2.73737 	0.0264337 	0.000665543 	0.000129358
2.73887 	0.0264223 	0.000662749 	0.000129198
2.74037 	0.0264109 	0.000659955 	0.000129038
2.74187 	0.0263994 	0.000657161 	0.000128878
2.74337 	0.026388 	0.000654366 	0.000128718
2.74487 	0.0263765 	0.000651572 	0.000128558
2.74637 	0.0263627 	0.000648175 	0.000128298
2.74787 	0.0263472 	0.00064463 	0.000128028
2.74937 	0.0263308 	0.000641044 	0.000127717
2.75088 	0.0263144 	0.000637455 	0.000127401
2.75238 	0.0262979 	0.000633866 	0.000127085
2.75388 	0.0262815 	0.000630277 	0.000126769
2.75538 	0.026265 	0.000626687 	0.000126453
2.75688 	0.0262486 	0.000623098 	0.000126137
2.75838 	0.0262321 	0.000619509 	0.000125821
2.75988 	0.0262156 	0.00061592 	0.000125505
2.76138 	0.0261992 	0.000612331 	0.000125189
2.76288 	0.0261827 	0.000608741 	0.000124873
2.76438 	0.0261663 	0.000605152 	0.000124557
2.76588 	0.0261498 	0.000601563 	0.000124241
2.76738 	0.0261334 	0.000597974 	0.000123925
2.76888 	0.0261169 	0.000594385 	0.000123609
2.77039 	0.0260998 	0.000590703 	0.000123271
2.77189 	0.0260826 	0.000587077 	0.000122922
2.77339 	0.0260659 	0.000583726 	0.000122586
2.77489 	0.0260509 	0.000580751 	0.000122335
2.77639 	0.0260359 	0.000577775 	0.000122083
2.77789 	0.0260209 	0.0005748 	0.000121831
2.77939 	0.0260058 	0.000571825 	0.00012158
2.78089 	0.0259908 	0.00056885 	0.000121328
2.78239 	0.0259758 	0.000565875 	0.000121076
2.78389 	0.0259608 	0.0005629 	0.000120824
2.78539 	0.0259457 	0.000559925 	0.000120573
2.78689 	0.0259307 	0.000556949 	0.000120321
2.78839 	0.0259157 	0.000553974 	0.000120069
2.78989 	0.0259007 	0.000550999 	0.000119818
2.7914 	0.0258856 	0.000548024 	0.000119566
2.7929 	0.0258711 	0.000545149 	0.000119346
2.7944 	0.0258579 	0.000542523 	0.000119207
2.7959 	0.0258452 	0.00054018 	0.000119074
2.7974 	0.025831 	0.000537612 	0.000118948
2.7989 	0.0258138 	0.000534567 	0.00011883
2.8004 	0.0257966 	0.000531521 	0.000118713
2.8019 	0.0257794 	0.000528475 	0.000118596
2.8034 	0.0257623 	0.00052543 	0.000118478
2.8049 	0.0257451 	0.000522384 	0.000118361
2.8064 	0.0257279 	0.000519339 	0.000118244
2.8079 	0.0257108 	0.000516293 	0.000118126
2.8094 	0.0256936 	0.000513247 	0.000118009
2.81091 	0.0256764 	0.000510202 	0.000117891
2.81241 	0.0256592 	0.000507156 	0.000117774
2.81391 	0.0256421 	0.00050411 	0.000117657
2.81541 	0.0256203 	0.00050025 	0.000117566
2.81691 	0.0255982 	0.000496367 	0.000117475
2.81841 	0.0255759 	0.000492548 	0.000117382
2.81991 	0.0255561 	0.000489213 	0.000117314
2.82141 	0.0255371 	0.000486038 	0.000117254
2.82291 	0.0255181 	0.000482862 	0.000117195
2.82441 	0.0254991 	0.000479687 	0.000117135
2.82591 	0.0254801 	0.000476512 	0.000117075
2.82741 	0.0254611 	0.000473336 	0.000117015
2.82891 	0.0254422 	0.000470161 	0.000116955
2.83042 	0.0254232 	0.000466986 	0.000116896
2.83192 	0.0254042 	0.00046381 	0.000116836
2.83342 	0.0253852 	0.000460635 	0.000116776
2.83492 	0.0253667 	0.000457803 	0.000116728
2.83642 	0.0253488 	0.000455292 	0.000116692
2.83792 	0.0253349 	0.00045279 	0.000116682
2.83942 	0.025321 	0.000450187 	0.000116678
2.84092 	0.0252994 	0.000446926 	0.000116664
2.84242 	0.0252779 	0.000443665 	0.00011665
2.84392 	0.0252564 	0.000440404 	0.000116637
2.84542 	0.0252348 	0.000437143 	0.000116623
2.84692 	0.0252133 	0.000433882 	0.000116609
2.84842 	0.0251918 	0.000430622 	0.000116595
2.84992 	0.0251703 	0.000427361 	0.000116581
2.85143 	0.0251487 	0.0004241 	0.000116567
2.85293 	0.0251272 	0.000420839 	0.000116553
2.85443 	0.0250942 	0.000416821 	0.000116509
2.85593 	0.0250629 	0.000412715 	0.000116475
2.85743 	0.0250398 	0.00040831 	0.000116488
2.85893 	0.0250163 	0.000404376 	0.000116479
2.86043 	0.0249923 	0.000400961 	0.000116445
2.86193 	0.0249683 	0.000397546 	0.000116412
2.86343 	0.0249444 	0.000394132 	0.000116378
2.86493 	0.0249204 	0.000390717 	0.000116345
2.86643 	0.0248964 	0.000387302 	0.000116312
2.86793 	0.0248724 	0.000383888 	0.000116278
2.86943 	0.0248485 	0.000380473 	0.000116245
2.87094 	0.0248242 	0.000377324 	0.000116195
2.87244 	0.0247993 	0.000374863 	0.000116106
2.87394 	0.0247799 	0.000372279 	0.000116037
2.87544 	0.0247674 	0.000369547 	0.000115994
2.87694 	0.0247439 	0.000366262 	0.000115866
2.87844 	0.0247161 	0.000362757 	0.000115705
2.87994 	0.0246883 	0.000359251 	0.000115543
2.88144 	0.0246605 	0.000355746 	0.000115382
2.88294 	0.0246327 	0.000352241 	0.00011522
2.88444 	0.0246049 	0.000348735 	0.000115059
2.88594 	0.0245771 	0.00034523 	0.000114897
2.88744 	0.0245433 	0.000341399 	0.000114681
2.88894 	0.0244997 	0.000337032 	0.000114373
2.89045 	0.0244629 	0.000332391 	0.000114069
2.89195 	0.0244316 	0.000327522 	0.000113768
2.89345 	0.0244001 	0.000323608 	0.000113502
2.89495 	0.0243684 	0.00031993 	0.000113244
2.89645 	0.0243368 	0.000316252 	0.000112985
2.89795 	0.0243051 	0.000312573 	0.000112727
2.89945 	0.0242735 	0.000308895 	0.000112469
2.90095 	0.0242418 	0.000305216 	0.00011221
2.90245 	0.02421 	0.000301805 	0.000111956
2.90395 	0.0241777 	0.000299275 	0.000111715
2.90545 	0.0241516 	0.000296599 	0.000111464
2.90695 	0.0241346 	0.000293711 	0.000111197
2.90845 	0.0241026 	0.000290223 	0.000110859
2.90995 	0.0240638 	0.000286457 	0.000110487
2.91146 	0.0240249 	0.000282691 	0.000110115
2.91296 	0.023986 	0.000278926 	0.000109743
2.91446 	0.0239472 	0.00027516 	0.000109371
2.91596 	0.0239083 	0.000271394 	0.000108999
2.91746 	0.0238512 	0.000266861 	0.00010853
2.91896 	0.0237896 	0.000262129 	0.000108037
2.92046 	0.0237429 	0.000256814 	0.000107481
2.92196 	0.0236963 	0.000251921 	0.000106966
2.92346 	0.0236503 	0.00024797 	0.000106539
2.92496 	0.0236042 	0.000244018 	0.000106112
2.92646 	0.0235582 	0.000240067 	0.000105685
2.92796 	0.0235122 	0.000236116 	0.000105258
2.92946 	0.0234661 	0.00023221 	0.000104836
2.93097 	0.0234202 	0.000229582 	0.000104539
2.93247 	0.0233797 	0.000226834 	0.000104231
2.93397 	0.0233523 	0.000223786 	0.000103896
2.93547 	0.0233168 	0.000220859 	0.000103554
2.93697 	0.0232765 	0.000218002 	0.000103209
2.93847 	0.0232362 	0.000215144 	0.000102864
2.93997 	0.0231959 	0.000212287 	0.000102519
2.94147 	0.0231556 	0.00020943 	0.000102174
2.94297 	0.0231035 	0.000206756 	0.000101837
2.94447 	0.023054 	0.000203988 	0.000101495
2.94597 	0.0230192 	0.000200778 	0.000101132
2.94747 	0.0229593 	0.000196966 	0.000100643
2.94897 	0.0228834 	0.000192765 	0.000100072
2.95048 	0.0228074 	0.000188564 	9.95013e-05
2.95198 	0.0227315 	0.000184363 	9.89306e-05
2.95348 	0.0226399 	0.000179774 	9.82899e-05
2.95498 	0.0225205 	0.000174498 	9.75253e-05
2.95648 	0.0224124 	0.000168653 	9.67552e-05
2.95798 	0.0223098 	0.000162908 	9.60075e-05
2.95948 	0.0222133 	0.000158508 	9.53643e-05
2.96098 	0.0221168 	0.000154108 	9.47211e-05
2.96248 	0.0220204 	0.000149708 	9.4078e-05
2.96398 	0.021926 	0.000145912 	9.34865e-05
2.96548 	0.0218352 	0.000143126 	9.29818e-05
2.96698 	0.0217607 	0.000139879 	9.25263e-05
2.96848 	0.0216829 	0.000136602 	9.20606e-05
2.96998 	0.0215907 	0.000133487 	9.15511e-05
2.97149 	0.0214986 	0.000130372 	9.10415e-05
2.97299 	0.0214065 	0.000127257 	9.0532e-05
2.97449 	0.0212944 	0.000124374 	8.99596e-05
2.97599 	0.0211884 	0.000121264 	8.94055e-05
2.97749 	0.0210935 	0.000117784 	8.88847e-05
2.97899 	0.0208999 	0.000113231 	8.79444e-05
2.98049 	0.0207063 	0.000108678 	8.70041e-05
2.98199 	0.0205128 	0.000104125 	8.60638e-05
2.98349 	0.020222 	9.85068e-05 	8.46948e-05
2.98499 	0.0199258 	9.23702e-05 	8.3276e-05
2.98649 	0.0196379 	8.61171e-05 	8.18787e-05
2.98799 	0.0193775 	8.14452e-05 	8.06553e-05
2.98949 	0.019117 	7.67733e-05 	7.94318e-05
2.991 	0.0188671 	7.28225e-05 	7.82714e-05
2.9925 	0.0186341 	6.99879e-05 	7.72093e-05
2.994 	0.0184124 	6.65714e-05 	7.61177e-05
2.9955 	0.0155124 	5.50014e-05 	6.40511e-05
2.997 	0.0118505 	4.1112e-05 	4.88625e-05
2.9985 	0.00721379 	2.43512e-05 	2.96929e-05
3 	-2.13464e-15 	-7.20581e-18 	-8.78648e-18
