0.990495 	0.000109142 	3.71392e-05 	1.14838e-07
0.991996 	0.00110292 	0.000293119 	9.98059e-07
0.993497 	0.00225598 	0.000557368 	1.9581e-06
0.994997 	0.00340903 	0.000821616 	2.91814e-06
0.996498 	0.00472319 	0.00107768 	3.70469e-06
0.997999 	0.0058856 	0.00124901 	4.40758e-06
0.9995 	0.0072963 	0.00144908 	4.96726e-06
1.001 	0.00870701 	0.00164915 	5.52694e-06
1.0025 	0.0103537 	0.00191154 	5.87092e-06
1.004 	0.0116471 	0.00207172 	6.36322e-06
1.0055 	0.0130389 	0.00225537 	6.3126e-06
1.007 	0.0144307 	0.00243902 	6.26197e-06
1.0085 	0.0158225 	0.00262267 	6.21135e-06
1.01001 	0.0175305 	0.0029438 	5.54578e-06
1.01151 	0.0185484 	0.00301252 	5.38907e-06
1.01301 	0.0196427 	0.00318065 	4.56014e-06
1.01451 	0.020737 	0.00334877 	3.73121e-06
1.01601 	0.0218312 	0.0035169 	2.90228e-06
1.01751 	0.0230221 	0.00383319 	1.33956e-06
1.01901 	0.0237249 	0.00384448 	5.83172e-07
1.02051 	0.0243886 	0.00396111 	-7.209e-07
1.02201 	0.0250522 	0.00407774 	-2.02497e-06
1.02351 	0.0257159 	0.00419437 	-3.32904e-06
1.02501 	0.0263553 	0.00433692 	-4.74126e-06
1.02651 	0.0267105 	0.00441931 	-5.92237e-06
1.02801 	0.026962 	0.00441588 	-6.9807e-06
1.02951 	0.0272501 	0.00446909 	-8.36582e-06
1.03102 	0.0275382 	0.0045223 	-9.75094e-06
1.03252 	0.0278264 	0.00457551 	-1.11361e-05
1.03402 	0.0281264 	0.00467514 	-1.27597e-05
1.03552 	0.0283621 	0.00472459 	-1.43924e-05
1.03702 	0.0284921 	0.00470189 	-1.55011e-05
1.03852 	0.0286171 	0.00472636 	-1.66593e-05
1.04002 	0.0287421 	0.00475084 	-1.78175e-05
1.04152 	0.0288672 	0.00477531 	-1.89757e-05
1.04302 	0.0289922 	0.00479979 	-2.01339e-05
1.04452 	0.0290727 	0.00492555 	-2.12303e-05
1.04602 	0.0291224 	0.00482277 	-2.19476e-05
1.04752 	0.0291682 	0.00483153 	-2.28898e-05
1.04902 	0.0292139 	0.00484028 	-2.38321e-05
1.05053 	0.0292596 	0.00484903 	-2.47743e-05
1.05203 	0.0293053 	0.00485779 	-2.57165e-05
1.05353 	0.0293506 	0.00486883 	-2.66611e-05
1.05503 	0.0293753 	0.00496936 	-2.771e-05
1.05653 	0.0294057 	0.00487508 	-2.85993e-05
1.05803 	0.0294192 	0.00487684 	-2.93085e-05
1.05953 	0.0294327 	0.0048786 	-3.00177e-05
1.06103 	0.0294462 	0.00488037 	-3.07269e-05
1.06253 	0.0294597 	0.00488213 	-3.14361e-05
1.06403 	0.0294732 	0.00488389 	-3.21453e-05
1.06553 	0.0294691 	0.00494877 	-3.26617e-05
1.06703 	0.029473 	0.00491995 	-3.31437e-05
1.06853 	0.0294767 	0.00487825 	-3.35747e-05
1.07004 	0.0294732 	0.00487574 	-3.39409e-05
1.07154 	0.0294697 	0.00487323 	-3.43072e-05
1.07304 	0.0294662 	0.00487072 	-3.46734e-05
1.07454 	0.0294627 	0.00486821 	-3.50397e-05
1.07604 	0.0294593 	0.0048657 	-3.54059e-05
1.07754 	0.0294421 	0.00492014 	-3.56264e-05
1.07904 	0.0294372 	0.00490389 	-3.58863e-05
1.08054 	0.0294379 	0.0048527 	-3.61348e-05
1.08204 	0.0294283 	0.00484836 	-3.62642e-05
1.08354 	0.0294187 	0.00484403 	-3.63935e-05
1.08504 	0.0294091 	0.00483969 	-3.65229e-05
1.08654 	0.0293995 	0.00483536 	-3.66522e-05
1.08804 	0.0293899 	0.00483102 	-3.67816e-05
1.08954 	0.0293799 	0.00482819 	-3.69058e-05
1.09105 	0.0293489 	0.00490452 	-3.67586e-05
1.09255 	0.0293521 	0.00483719 	-3.68824e-05
1.09405 	0.0293452 	0.00480924 	-3.68365e-05
1.09555 	0.0293326 	0.00480374 	-3.67087e-05
1.09705 	0.02932 	0.00479824 	-3.6581e-05
1.09855 	0.0293074 	0.00479274 	-3.64533e-05
1.10005 	0.0292949 	0.00478724 	-3.63255e-05
1.10155 	0.0292823 	0.00478174 	-3.61978e-05
1.10305 	0.0292697 	0.00477624 	-3.60701e-05
1.10455 	0.0292403 	0.00482366 	-3.56715e-05
1.10605 	0.0292298 	0.00480901 	-3.54555e-05
1.10755 	0.0292308 	0.00475664 	-3.53286e-05
1.10905 	0.0292173 	0.00475038 	-3.49532e-05
1.11056 	0.0292038 	0.00474413 	-3.45777e-05
1.11206 	0.0291903 	0.00473788 	-3.42023e-05
1.11356 	0.0291768 	0.00473163 	-3.38268e-05
1.11506 	0.0291633 	0.00472538 	-3.34513e-05
1.11656 	0.0291498 	0.00471913 	-3.30759e-05
1.11806 	0.0291363 	0.00471288 	-3.27004e-05
1.11956 	0.0291039 	0.00475517 	-3.19945e-05
1.12106 	0.0290923 	0.00474302 	-3.15458e-05
1.12256 	0.0290959 	0.00469137 	-3.12847e-05
1.12406 	0.0290824 	0.00468463 	-3.07518e-05
1.12556 	0.0290689 	0.00467788 	-3.0219e-05
1.12706 	0.0290555 	0.00467114 	-2.96861e-05
1.12856 	0.029042 	0.00466439 	-2.91533e-05
1.13007 	0.0290285 	0.00465765 	-2.86205e-05
1.13157 	0.029015 	0.00465091 	-2.80876e-05
1.13307 	0.0290015 	0.00464416 	-2.75548e-05
1.13457 	0.0289839 	0.00464726 	-2.696e-05
1.13607 	0.0289495 	0.00468963 	-2.6118e-05
1.13757 	0.0289487 	0.00465298 	-2.57131e-05
1.13907 	0.0289487 	0.00461464 	-2.53091e-05
1.14057 	0.0289358 	0.00460749 	-2.4716e-05
1.14207 	0.0289229 	0.00460035 	-2.41229e-05
1.14357 	0.0289099 	0.0045932 	-2.35298e-05
1.14507 	0.028897 	0.00458606 	-2.29367e-05
1.14657 	0.0288841 	0.00457891 	-2.23436e-05
1.14807 	0.0288711 	0.00457176 	-2.17505e-05
1.14957 	0.0288582 	0.00456462 	-2.11574e-05
1.15108 	0.0288452 	0.00455747 	-2.05643e-05
1.15258 	0.0288168 	0.00458366 	-1.97654e-05
1.15408 	0.0287963 	0.0045928 	-1.90638e-05
1.15558 	0.0288024 	0.00454489 	-1.86965e-05
1.15708 	0.0287952 	0.00452634 	-1.8125e-05
1.15858 	0.028783 	0.0045189 	-1.74762e-05
1.16008 	0.0287707 	0.00451147 	-1.68274e-05
1.16158 	0.0287585 	0.00450403 	-1.61786e-05
1.16308 	0.0287463 	0.0044966 	-1.55298e-05
1.16458 	0.028734 	0.00448916 	-1.4881e-05
1.16608 	0.0287218 	0.00448173 	-1.42322e-05
1.16758 	0.0287095 	0.00447429 	-1.35834e-05
1.16908 	0.0286973 	0.00446686 	-1.29346e-05
1.17059 	0.0286744 	0.00448063 	-1.21302e-05
1.17209 	0.0286441 	0.00450904 	-1.12183e-05
1.17359 	0.0286495 	0.0044667 	-1.07621e-05
1.17509 	0.0286498 	0.00443502 	-1.02416e-05
1.17659 	0.0286383 	0.00442742 	-9.57586e-06
1.17809 	0.0286268 	0.00441983 	-8.91012e-06
1.17959 	0.0286153 	0.00441224 	-8.24437e-06
1.18109 	0.0286038 	0.00440465 	-7.57863e-06
1.18259 	0.0285923 	0.00439706 	-6.91288e-06
1.18409 	0.0285808 	0.00438947 	-6.24714e-06
1.18559 	0.0285693 	0.00438188 	-5.5814e-06
1.18709 	0.0285578 	0.00437429 	-4.91565e-06
1.18859 	0.0285463 	0.0043667 	-4.24991e-06
1.1901 	0.0285256 	0.00437608 	-3.48449e-06
1.1916 	0.0284975 	0.00439924 	-2.63823e-06
1.1931 	0.0284974 	0.00437053 	-2.11653e-06
1.1946 	0.0285014 	0.00433436 	-1.64646e-06
1.1961 	0.0284907 	0.00432667 	-1.10526e-06
1.1976 	0.02848 	0.00431898 	-5.6406e-07
1.1991 	0.0284692 	0.00431128 	-2.28579e-08
1.2006 	0.0284585 	0.00430359 	5.18344e-07
1.2021 	0.0284477 	0.0042959 	1.05955e-06
1.2036 	0.028437 	0.0042882 	1.60075e-06
1.2051 	0.0284263 	0.00428051 	2.14195e-06
1.2066 	0.0284155 	0.00427282 	2.68315e-06
1.2081 	0.0284048 	0.00426512 	3.22435e-06
1.2096 	0.028394 	0.00425743 	3.76555e-06
1.21111 	0.028374 	0.0042674 	4.31171e-06
1.21261 	0.0283489 	0.00428701 	4.86057e-06
1.21411 	0.0283475 	0.00426161 	5.24353e-06
1.21561 	0.0283509 	0.00422734 	5.59377e-06
1.21711 	0.0283422 	0.00421708 	5.90849e-06
1.21861 	0.0283322 	0.00420932 	6.21952e-06
1.22011 	0.0283223 	0.00420156 	6.53054e-06
1.22161 	0.0283124 	0.0041938 	6.84156e-06
1.22311 	0.0283024 	0.00418605 	7.15258e-06
1.22461 	0.0282925 	0.00417829 	7.46361e-06
1.22611 	0.0282825 	0.00417053 	7.77463e-06
1.22761 	0.0282726 	0.00416277 	8.08565e-06
1.22911 	0.0282626 	0.00415501 	8.39667e-06
1.23062 	0.0282527 	0.00414726 	8.70769e-06
1.23212 	0.0282427 	0.0041395 	9.01872e-06
1.23362 	0.0282226 	0.00415225 	9.25913e-06
1.23512 	0.0282005 	0.00416888 	9.48621e-06
1.23662 	0.0282005 	0.00414178 	9.65466e-06
1.23812 	0.0282028 	0.00411033 	9.81728e-06
1.23962 	0.0281954 	0.00409917 	9.93162e-06
1.24112 	0.0281864 	0.00409142 	1.00378e-05
1.24262 	0.0281774 	0.00408367 	1.01441e-05
1.24412 	0.0281684 	0.00407592 	1.02503e-05
1.24562 	0.0281594 	0.00406817 	1.03565e-05
1.24712 	0.0281504 	0.00406043 	1.04627e-05
1.24862 	0.0281414 	0.00405268 	1.0569e-05
1.25013 	0.0281325 	0.00404493 	1.06752e-05
1.25163 	0.0281235 	0.00403718 	1.07814e-05
1.25313 	0.0281145 	0.00402943 	1.08876e-05
1.25463 	0.0281055 	0.00402168 	1.09939e-05
1.25613 	0.0280954 	0.00401611 	1.10949e-05
1.25763 	0.0280756 	0.00402942 	1.11516e-05
1.25913 	0.0280569 	0.00404073 	1.12066e-05
1.26063 	0.0280591 	0.00401258 	1.12296e-05
1.26213 	0.0280613 	0.00398443 	1.12527e-05
1.26363 	0.0280548 	0.00397407 	1.13173e-05
1.26513 	0.028047 	0.00396644 	1.13882e-05
1.26663 	0.0280392 	0.0039588 	1.14592e-05
1.26813 	0.0280313 	0.00395117 	1.15301e-05
1.26963 	0.0280235 	0.00394354 	1.16011e-05
1.27114 	0.0280157 	0.00393591 	1.1672e-05
1.27264 	0.0280079 	0.00392828 	1.1743e-05
1.27414 	0.028 	0.00392065 	1.18139e-05
1.27564 	0.0279922 	0.00391301 	1.18849e-05
1.27714 	0.0279844 	0.00390538 	1.19558e-05
1.27864 	0.0279765 	0.00389775 	1.20268e-05
1.28014 	0.0279687 	0.00389012 	1.20977e-05
1.28164 	0.027957 	0.00388989 	1.21845e-05
1.28314 	0.0279396 	0.00390043 	1.22944e-05
1.28464 	0.0279266 	0.00390293 	1.2402e-05
1.28614 	0.0279291 	0.00387763 	1.25021e-05
1.28764 	0.0279315 	0.00385233 	1.26021e-05
1.28914 	0.0279258 	0.0038433 	1.27597e-05
1.29065 	0.0279193 	0.00383584 	1.29229e-05
1.29215 	0.0279128 	0.00382838 	1.30861e-05
1.29365 	0.0279063 	0.00382092 	1.32492e-05
1.29515 	0.0278998 	0.00381346 	1.34124e-05
1.29665 	0.0278933 	0.00380601 	1.35756e-05
1.29815 	0.0278868 	0.00379855 	1.37387e-05
1.29965 	0.0278803 	0.00379109 	1.39019e-05
1.30115 	0.0278738 	0.00378363 	1.4065e-05
1.30265 	0.0278673 	0.00377617 	1.42282e-05
1.30415 	0.0278608 	0.00376871 	1.43914e-05
1.30565 	0.0278542 	0.00376125 	1.45545e-05
1.30715 	0.0278477 	0.00375379 	1.47177e-05
1.30865 	0.027835 	0.0037578 	1.49085e-05
1.31016 	0.02782 	0.00376604 	1.51095e-05
1.31166 	0.0278124 	0.00376136 	1.53172e-05
1.31316 	0.0278154 	0.00373852 	1.55342e-05
1.31466 	0.0278183 	0.00371569 	1.57513e-05
1.31616 	0.0278134 	0.00370799 	1.59474e-05
1.31766 	0.0278082 	0.00370078 	1.61429e-05
1.31916 	0.0278031 	0.00369356 	1.63383e-05
1.32066 	0.0277979 	0.00368634 	1.65338e-05
1.32216 	0.0277928 	0.00367912 	1.67292e-05
1.32366 	0.0277876 	0.00367191 	1.69247e-05
1.32516 	0.0277824 	0.00366469 	1.71201e-05
1.32666 	0.0277773 	0.00365747 	1.73156e-05
1.32816 	0.0277721 	0.00365025 	1.7511e-05
1.32966 	0.027767 	0.00364304 	1.77065e-05
1.33117 	0.0277618 	0.00363582 	1.79019e-05
1.33267 	0.0277567 	0.0036286 	1.80974e-05
1.33417 	0.0277515 	0.00362138 	1.82928e-05
1.33567 	0.0277459 	0.00361491 	1.84873e-05
1.33717 	0.0277331 	0.00362136 	1.86649e-05
1.33867 	0.0277202 	0.0036278 	1.88425e-05
1.34017 	0.0277172 	0.00361785 	1.9035e-05
1.34167 	0.0277206 	0.0035972 	1.92371e-05
1.34317 	0.0277238 	0.00357687 	1.9439e-05
1.34467 	0.0277201 	0.00357032 	1.96353e-05
1.34617 	0.0277163 	0.00356378 	1.98316e-05
1.34767 	0.0277126 	0.00355723 	2.00279e-05
1.34917 	0.0277089 	0.00355068 	2.02242e-05
1.35068 	0.0277051 	0.00354414 	2.04205e-05
1.35218 	0.0277014 	0.00353759 	2.06168e-05
1.35368 	0.0276976 	0.00353104 	2.08131e-05
1.35518 	0.0276939 	0.00352449 	2.10094e-05
1.35668 	0.0276902 	0.00351795 	2.12057e-05
1.35818 	0.0276864 	0.0035114 	2.1402e-05
1.35968 	0.0276827 	0.00350485 	2.15983e-05
1.36118 	0.0276789 	0.0034983 	2.17946e-05
1.36268 	0.0276752 	0.00349176 	2.19909e-05
1.36418 	0.0276715 	0.00348521 	2.21872e-05
1.36568 	0.0276652 	0.00348304 	2.23942e-05
1.36718 	0.0276545 	0.00348845 	2.26197e-05
1.36868 	0.0276438 	0.00349385 	2.28452e-05
1.37019 	0.0276441 	0.00348 	2.31205e-05
1.37169 	0.0276476 	0.00346074 	2.34098e-05
1.37319 	0.0276507 	0.00344231 	2.36947e-05
1.37469 	0.0276481 	0.00343671 	2.39118e-05
1.37619 	0.0276456 	0.0034311 	2.41288e-05
1.37769 	0.0276431 	0.00342549 	2.43459e-05
1.37919 	0.0276405 	0.00341989 	2.45629e-05
1.38069 	0.027638 	0.00341428 	2.478e-05
1.38219 	0.0276354 	0.00340868 	2.49971e-05
1.38369 	0.0276329 	0.00340307 	2.52141e-05
1.38519 	0.0276304 	0.00339747 	2.54312e-05
1.38669 	0.0276278 	0.00339186 	2.56482e-05
1.38819 	0.0276253 	0.00338626 	2.58653e-05
1.38969 	0.0276227 	0.00338065 	2.60823e-05
1.3912 	0.0276202 	0.00337505 	2.62994e-05
1.3927 	0.0276177 	0.00336944 	2.65165e-05
1.3942 	0.0276151 	0.00336384 	2.67335e-05
1.3957 	0.0276126 	0.00335823 	2.69506e-05
1.3972 	0.0276063 	0.00336081 	2.71307e-05
1.3987 	0.0275981 	0.00336757 	2.7292e-05
1.4002 	0.0275899 	0.00337433 	2.74533e-05
1.4017 	0.0275945 	0.00336114 	2.76186e-05
1.4032 	0.0275998 	0.00334662 	2.77841e-05
1.4047 	0.0276046 	0.0033328 	2.79554e-05
1.4062 	0.0276024 	0.00332695 	2.81918e-05
1.4077 	0.0276003 	0.0033211 	2.84282e-05
1.4092 	0.0275981 	0.00331525 	2.86645e-05
1.41071 	0.027596 	0.0033094 	2.89009e-05
1.41221 	0.0275938 	0.00330355 	2.91373e-05
1.41371 	0.0275917 	0.0032977 	2.93737e-05
1.41521 	0.0275895 	0.00329185 	2.96101e-05
1.41671 	0.0275874 	0.003286 	2.98465e-05
1.41821 	0.0275852 	0.00328015 	3.00829e-05
1.41971 	0.0275831 	0.0032743 	3.03193e-05
1.42121 	0.0275809 	0.00326845 	3.05557e-05
1.42271 	0.0275788 	0.0032626 	3.07921e-05
1.42421 	0.0275766 	0.00325675 	3.10285e-05
1.42571 	0.0275745 	0.0032509 	3.12649e-05
1.42721 	0.0275723 	0.00324505 	3.15013e-05
1.42871 	0.0275702 	0.0032392 	3.17377e-05
1.43022 	0.0275615 	0.00324092 	3.20465e-05
1.43172 	0.0275525 	0.00324312 	3.236e-05
1.43322 	0.0275444 	0.00324396 	3.2664e-05
1.43472 	0.0275488 	0.00322886 	3.2859e-05
1.43622 	0.0275531 	0.00321376 	3.3054e-05
1.43772 	0.0275569 	0.00319941 	3.32446e-05
1.43922 	0.0275553 	0.00319314 	3.33883e-05
1.44072 	0.0275536 	0.00318686 	3.35319e-05
1.44222 	0.0275519 	0.00318058 	3.36755e-05
1.44372 	0.0275503 	0.00317431 	3.38192e-05
1.44522 	0.0275486 	0.00316803 	3.39628e-05
1.44672 	0.0275469 	0.00316175 	3.41064e-05
1.44822 	0.0275453 	0.00315548 	3.42501e-05
1.44972 	0.0275436 	0.0031492 	3.43937e-05
1.45123 	0.0275419 	0.00314292 	3.45373e-05
1.45273 	0.0275403 	0.00313665 	3.4681e-05
1.45423 	0.0275386 	0.00313037 	3.48246e-05
1.45573 	0.0275369 	0.00312409 	3.49682e-05
1.45723 	0.0275353 	0.00311782 	3.51119e-05
1.45873 	0.0275336 	0.00311154 	3.52555e-05
1.46023 	0.0275319 	0.00310526 	3.53991e-05
1.46173 	0.0275303 	0.00309899 	3.55428e-05
1.46323 	0.0275274 	0.00309439 	3.56813e-05
1.46473 	0.0275202 	0.00309595 	3.58013e-05
1.46623 	0.027513 	0.00309751 	3.59212e-05
1.46773 	0.0275084 	0.00309578 	3.60144e-05
1.46923 	0.0275131 	0.00308202 	3.60101e-05
1.47074 	0.0275178 	0.00306826 	3.60057e-05
1.47224 	0.0275221 	0.00305517 	3.60086e-05
1.47374 	0.0275215 	0.00304926 	3.60896e-05
1.47524 	0.027521 	0.00304335 	3.61705e-05
1.47674 	0.0275205 	0.00303744 	3.62514e-05
1.47824 	0.02752 	0.00303154 	3.63324e-05
1.47974 	0.0275194 	0.00302563 	3.64133e-05
1.48124 	0.0275189 	0.00301972 	3.64942e-05
1.48274 	0.0275184 	0.00301381 	3.65751e-05
1.48424 	0.0275179 	0.0030079 	3.66561e-05
1.48574 	0.0275173 	0.00300199 	3.6737e-05
1.48724 	0.0275168 	0.00299609 	3.68179e-05
1.48874 	0.0275163 	0.00299018 	3.68989e-05
1.49025 	0.0275158 	0.00298427 	3.69798e-05
1.49175 	0.0275153 	0.00297836 	3.70607e-05
1.49325 	0.0275147 	0.00297245 	3.71417e-05
1.49475 	0.0275142 	0.00296654 	3.72226e-05
1.49625 	0.0275137 	0.00296064 	3.73035e-05
1.49775 	0.0275132 	0.00295473 	3.73844e-05
1.49925 	0.0275102 	0.00295226 	3.75117e-05
1.50075 	0.0275049 	0.00295325 	3.76853e-05
1.50225 	0.0274996 	0.00295424 	3.78589e-05
1.50375 	0.0274982 	0.00295028 	3.79958e-05
1.50525 	0.0275037 	0.00293772 	3.80685e-05
1.50675 	0.0275091 	0.00292516 	3.81412e-05
1.50825 	0.0275141 	0.00291332 	3.82325e-05
1.50975 	0.0275147 	0.00290781 	3.84862e-05
1.51126 	0.0275154 	0.00290229 	3.87399e-05
1.51276 	0.027516 	0.00289678 	3.89936e-05
1.51426 	0.0275166 	0.00289126 	3.92473e-05
1.51576 	0.0275173 	0.00288575 	3.9501e-05
1.51726 	0.0275179 	0.00288023 	3.97547e-05
1.51876 	0.0275186 	0.00287472 	4.00084e-05
1.52026 	0.0275192 	0.0028692 	4.02622e-05
1.52176 	0.0275199 	0.00286368 	4.05159e-05
1.52326 	0.0275205 	0.00285817 	4.07696e-05
1.52476 	0.0275212 	0.00285265 	4.10233e-05
1.52626 	0.0275218 	0.00284714 	4.1277e-05
1.52776 	0.0275224 	0.00284162 	4.15307e-05
1.52926 	0.0275231 	0.00283611 	4.17844e-05
1.53077 	0.0275237 	0.00283059 	4.20381e-05
1.53227 	0.0275244 	0.00282508 	4.22918e-05
1.53377 	0.027525 	0.00281956 	4.25455e-05
1.53527 	0.0275257 	0.00281405 	4.27992e-05
1.53677 	0.0275226 	0.00281357 	4.31723e-05
1.53827 	0.0275189 	0.00281416 	4.35708e-05
1.53977 	0.0275151 	0.00281476 	4.39694e-05
1.54127 	0.0275168 	0.00280858 	4.43574e-05
1.54277 	0.027523 	0.00279701 	4.47372e-05
1.54427 	0.0275291 	0.00278544 	4.51169e-05
1.54577 	0.0275344 	0.00277508 	4.54932e-05
1.54727 	0.0275356 	0.00277076 	4.58527e-05
1.54877 	0.0275368 	0.00276644 	4.62122e-05
1.55028 	0.027538 	0.00276212 	4.65717e-05
1.55178 	0.0275392 	0.0027578 	4.69312e-05
1.55328 	0.0275404 	0.00275348 	4.72907e-05
1.55478 	0.0275416 	0.00274917 	4.76502e-05
1.55628 	0.0275428 	0.00274485 	4.80096e-05
1.55778 	0.027544 	0.00274053 	4.83691e-05
1.55928 	0.0275452 	0.00273621 	4.87286e-05
1.56078 	0.0275464 	0.00273189 	4.90881e-05
1.56228 	0.0275476 	0.00272757 	4.94476e-05
1.56378 	0.0275488 	0.00272325 	4.98071e-05
1.56528 	0.02755 	0.00271894 	5.01666e-05
1.56678 	0.0275512 	0.00271462 	5.0526e-05
1.56828 	0.0275524 	0.0027103 	5.08855e-05
1.56978 	0.0275536 	0.00270598 	5.1245e-05
1.57129 	0.0275548 	0.00270166 	5.16045e-05
1.57279 	0.027556 	0.00269734 	5.1964e-05
1.57429 	0.0275561 	0.00269441 	5.23175e-05
1.57579 	0.0275528 	0.00269624 	5.26507e-05
1.57729 	0.0275496 	0.00269806 	5.29838e-05
1.57879 	0.0275463 	0.00269988 	5.33169e-05
1.58029 	0.0275503 	0.00269365 	5.35801e-05
1.58179 	0.0275559 	0.00268576 	5.3829e-05
1.58329 	0.0275615 	0.00267787 	5.40779e-05
1.58479 	0.0275659 	0.00267118 	5.43444e-05
1.58629 	0.0275677 	0.00266707 	5.46492e-05
1.58779 	0.0275695 	0.00266296 	5.4954e-05
1.58929 	0.0275713 	0.00265885 	5.52588e-05
1.5908 	0.0275731 	0.00265474 	5.55636e-05
1.5923 	0.0275749 	0.00265063 	5.58684e-05
1.5938 	0.0275767 	0.00264652 	5.61732e-05
1.5953 	0.0275784 	0.00264242 	5.6478e-05
1.5968 	0.0275802 	0.00263831 	5.67828e-05
1.5983 	0.027582 	0.0026342 	5.70875e-05
1.5998 	0.0275838 	0.00263009 	5.73923e-05
1.6013 	0.0275856 	0.00262598 	5.76971e-05
1.6028 	0.0275874 	0.00262187 	5.80019e-05
1.6043 	0.0275892 	0.00261776 	5.83067e-05
1.6058 	0.027591 	0.00261365 	5.86115e-05
1.6073 	0.0275928 	0.00260955 	5.89163e-05
1.6088 	0.0275946 	0.00260544 	5.92211e-05
1.61031 	0.0275964 	0.00260133 	5.95259e-05
1.61181 	0.0275981 	0.00259722 	5.98307e-05
1.61331 	0.0275999 	0.00259311 	6.01355e-05
1.61481 	0.0275991 	0.00259147 	6.04795e-05
1.61631 	0.0275973 	0.00259064 	6.08365e-05
1.61781 	0.0275955 	0.00258981 	6.11936e-05
1.61931 	0.0275956 	0.00258707 	6.15208e-05
1.62081 	0.027602 	0.00257802 	6.17495e-05
1.62231 	0.0276084 	0.00256896 	6.19782e-05
1.62381 	0.0276148 	0.0025599 	6.22069e-05
1.62531 	0.0276189 	0.00255346 	6.23419e-05
1.62681 	0.0276216 	0.00254872 	6.24154e-05
1.62831 	0.0276243 	0.00254399 	6.24888e-05
1.62981 	0.027627 	0.00253926 	6.25622e-05
1.63132 	0.0276297 	0.00253452 	6.26356e-05
1.63282 	0.0276324 	0.00252979 	6.2709e-05
1.63432 	0.0276351 	0.00252505 	6.27825e-05
1.63582 	0.0276378 	0.00252032 	6.28559e-05
1.63732 	0.0276405 	0.00251559 	6.29293e-05
1.63882 	0.0276432 	0.00251085 	6.30027e-05
1.64032 	0.0276459 	0.00250612 	6.30762e-05
1.64182 	0.0276486 	0.00250139 	6.31496e-05
1.64332 	0.0276513 	0.00249665 	6.3223e-05
1.64482 	0.027654 	0.00249192 	6.32964e-05
1.64632 	0.0276567 	0.00248719 	6.33698e-05
1.64782 	0.0276594 	0.00248245 	6.34433e-05
1.64932 	0.0276621 	0.00247772 	6.35167e-05
1.65083 	0.0276648 	0.00247299 	6.35901e-05
1.65233 	0.0276675 	0.00246825 	6.36635e-05
1.65383 	0.0276702 	0.00246352 	6.3737e-05
1.65533 	0.0276712 	0.0024607 	6.37328e-05
1.65683 	0.0276703 	0.00246016 	6.36364e-05
1.65833 	0.0276694 	0.00245962 	6.35399e-05
1.65983 	0.0276686 	0.00245908 	6.34435e-05
1.66133 	0.0276741 	0.00245178 	6.33083e-05
1.66283 	0.027681 	0.00244301 	6.31647e-05
1.66433 	0.027688 	0.00243425 	6.30211e-05
1.66583 	0.0276946 	0.00242585 	6.28712e-05
1.66733 	0.0276978 	0.00242138 	6.26548e-05
1.66883 	0.0277011 	0.00241691 	6.24384e-05
1.67034 	0.0277044 	0.00241245 	6.2222e-05
1.67184 	0.0277077 	0.00240798 	6.20056e-05
1.67334 	0.0277109 	0.00240352 	6.17891e-05
1.67484 	0.0277142 	0.00239905 	6.15727e-05
1.67634 	0.0277175 	0.00239458 	6.13563e-05
1.67784 	0.0277207 	0.00239012 	6.11399e-05
1.67934 	0.027724 	0.00238565 	6.09235e-05
1.68084 	0.0277273 	0.00238118 	6.07071e-05
1.68234 	0.0277306 	0.00237672 	6.04906e-05
1.68384 	0.0277338 	0.00237225 	6.02742e-05
1.68534 	0.0277371 	0.00236779 	6.00578e-05
1.68684 	0.0277404 	0.00236332 	5.98414e-05
1.68834 	0.0277436 	0.00235885 	5.9625e-05
1.68984 	0.0277469 	0.00235439 	5.94085e-05
1.69135 	0.0277502 	0.00234992 	5.91921e-05
1.69285 	0.0277535 	0.00234545 	5.89757e-05
1.69435 	0.0277567 	0.00234099 	5.87593e-05
1.69585 	0.02776 	0.00233652 	5.85429e-05
1.69735 	0.0277619 	0.00233361 	5.8295e-05
1.69885 	0.0277618 	0.00233295 	5.80019e-05
1.70035 	0.0277617 	0.00233228 	5.77088e-05
1.70185 	0.0277616 	0.00233162 	5.74157e-05
1.70335 	0.0277664 	0.00232598 	5.71086e-05
1.70485 	0.0277736 	0.00231785 	5.67944e-05
1.70635 	0.0277808 	0.00230972 	5.64802e-05
1.70785 	0.027788 	0.00230159 	5.6166e-05
1.70935 	0.0277924 	0.00229678 	5.59179e-05
1.71086 	0.0277961 	0.00229262 	5.56831e-05
1.71236 	0.0277998 	0.00228847 	5.54484e-05
1.71386 	0.0278035 	0.00228432 	5.52137e-05
1.71536 	0.0278073 	0.00228016 	5.49789e-05
1.71686 	0.027811 	0.00227601 	5.47442e-05
1.71836 	0.0278147 	0.00227186 	5.45094e-05
1.71986 	0.0278184 	0.0022677 	5.42747e-05
1.72136 	0.0278222 	0.00226355 	5.40399e-05
1.72286 	0.0278259 	0.0022594 	5.38052e-05
1.72436 	0.0278296 	0.00225525 	5.35705e-05
1.72586 	0.0278333 	0.00225109 	5.33357e-05
1.72736 	0.0278371 	0.00224694 	5.3101e-05
1.72886 	0.0278408 	0.00224279 	5.28662e-05
1.73037 	0.0278445 	0.00223863 	5.26315e-05
1.73187 	0.0278482 	0.00223448 	5.23967e-05
1.73337 	0.027852 	0.00223033 	5.2162e-05
1.73487 	0.0278557 	0.00222618 	5.19273e-05
1.73637 	0.0278594 	0.00222202 	5.16925e-05
1.73787 	0.0278631 	0.00221787 	5.14578e-05
1.73937 	0.0278669 	0.00221372 	5.1223e-05
1.74087 	0.0278684 	0.00221195 	5.10372e-05
1.74237 	0.027869 	0.00221128 	5.08737e-05
1.74387 	0.0278695 	0.00221061 	5.07103e-05
1.74537 	0.0278701 	0.00220994 	5.05469e-05
1.74687 	0.0278766 	0.00220339 	5.03814e-05
1.74837 	0.0278843 	0.00219576 	5.02155e-05
1.74987 	0.0278919 	0.00218812 	5.00495e-05
1.75138 	0.0278996 	0.00218049 	4.98836e-05
1.75288 	0.0279032 	0.00217692 	4.97828e-05
1.75438 	0.0279066 	0.00217369 	4.96874e-05
1.75588 	0.0279099 	0.00217046 	4.95921e-05
1.75738 	0.0279132 	0.00216724 	4.94967e-05
1.75888 	0.0279166 	0.00216401 	4.94013e-05
1.76038 	0.0279199 	0.00216078 	4.9306e-05
1.76188 	0.0279232 	0.00215755 	4.92106e-05
1.76338 	0.0279266 	0.00215432 	4.91152e-05
1.76488 	0.0279299 	0.00215109 	4.90199e-05
1.76638 	0.0279332 	0.00214787 	4.89245e-05
1.76788 	0.0279366 	0.00214464 	4.88292e-05
1.76938 	0.0279399 	0.00214141 	4.87338e-05
1.77089 	0.0279432 	0.00213818 	4.86384e-05
1.77239 	0.0279466 	0.00213495 	4.85431e-05
1.77389 	0.0279499 	0.00213172 	4.84477e-05
1.77539 	0.0279533 	0.00212849 	4.83523e-05
1.77689 	0.0279566 	0.00212527 	4.8257e-05
1.77839 	0.0279599 	0.00212204 	4.81616e-05
1.77989 	0.0279633 	0.00211881 	4.80662e-05
1.78139 	0.0279666 	0.00211558 	4.79709e-05
1.78289 	0.0279699 	0.00211235 	4.78755e-05
1.78439 	0.0279718 	0.00211061 	4.7805e-05
1.78589 	0.027971 	0.00211143 	4.77769e-05
1.78739 	0.0279703 	0.00211224 	4.77489e-05
1.78889 	0.0279695 	0.00211306 	4.77208e-05
1.7904 	0.0279716 	0.00211116 	4.76932e-05
1.7919 	0.0279773 	0.00210583 	4.7666e-05
1.7934 	0.027983 	0.00210049 	4.76388e-05
1.7949 	0.0279887 	0.00209515 	4.76117e-05
1.7964 	0.0279935 	0.00209082 	4.75746e-05
1.7979 	0.027997 	0.00208775 	4.7525e-05
1.7994 	0.0280006 	0.00208468 	4.74755e-05
1.8009 	0.0280041 	0.00208161 	4.74259e-05
1.8024 	0.0280077 	0.00207855 	4.73764e-05
1.8039 	0.0280112 	0.00207548 	4.73268e-05
1.8054 	0.0280147 	0.00207241 	4.72773e-05
1.8069 	0.0280183 	0.00206934 	4.72277e-05
1.8084 	0.0280218 	0.00206627 	4.71781e-05
1.8099 	0.0280254 	0.0020632 	4.71286e-05
1.81141 	0.0280289 	0.00206013 	4.7079e-05
1.81291 	0.0280324 	0.00205706 	4.70295e-05
1.81441 	0.028036 	0.002054 	4.69799e-05
1.81591 	0.0280395 	0.00205093 	4.69304e-05
1.81741 	0.0280431 	0.00204786 	4.68808e-05
1.81891 	0.0280466 	0.00204479 	4.68313e-05
1.82041 	0.0280501 	0.00204172 	4.67817e-05
1.82191 	0.0280537 	0.00203865 	4.67322e-05
1.82341 	0.0280572 	0.00203558 	4.66826e-05
1.82491 	0.0280608 	0.00203251 	4.66331e-05
1.82641 	0.0280643 	0.00202944 	4.65835e-05
1.82791 	0.0280679 	0.00202638 	4.6534e-05
1.82941 	0.0280703 	0.00202441 	4.6468e-05
1.83092 	0.0280718 	0.00202334 	4.63889e-05
1.83242 	0.0280734 	0.00202226 	4.63097e-05
1.83392 	0.0280749 	0.00202119 	4.62306e-05
1.83542 	0.0280796 	0.00201718 	4.61581e-05
1.83692 	0.0280868 	0.00201078 	4.60911e-05
1.83842 	0.0280941 	0.00200438 	4.60241e-05
1.83992 	0.0281013 	0.00199798 	4.59571e-05
1.84142 	0.0281072 	0.00199296 	4.58638e-05
1.84292 	0.0281116 	0.00198937 	4.57433e-05
1.84442 	0.028116 	0.00198578 	4.56227e-05
1.84592 	0.0281204 	0.00198219 	4.55022e-05
1.84742 	0.0281248 	0.0019786 	4.53816e-05
1.84892 	0.0281292 	0.001975 	4.52611e-05
1.85043 	0.0281337 	0.00197141 	4.51405e-05
1.85193 	0.0281381 	0.00196782 	4.502e-05
1.85343 	0.0281425 	0.00196423 	4.48994e-05
1.85493 	0.0281469 	0.00196064 	4.47789e-05
1.85643 	0.0281513 	0.00195705 	4.46583e-05
1.85793 	0.0281557 	0.00195346 	4.45378e-05
1.85943 	0.0281601 	0.00194987 	4.44172e-05
1.86093 	0.0281645 	0.00194628 	4.42967e-05
1.86243 	0.0281689 	0.00194269 	4.41761e-05
1.86393 	0.0281733 	0.0019391 	4.40556e-05
1.86543 	0.0281778 	0.00193551 	4.39351e-05
1.86693 	0.0281822 	0.00193192 	4.38145e-05
1.86843 	0.0281866 	0.00192833 	4.3694e-05
1.86993 	0.028191 	0.00192474 	4.35734e-05
1.87144 	0.0281954 	0.00192115 	4.34529e-05
1.87294 	0.0281998 	0.00191756 	4.33323e-05
1.87444 	0.0282033 	0.00191482 	4.31902e-05
1.87594 	0.0282051 	0.00191377 	4.3006e-05
1.87744 	0.0282068 	0.00191271 	4.28217e-05
1.87894 	0.0282086 	0.00191165 	4.26374e-05
1.88044 	0.0282118 	0.00190923 	4.24613e-05
1.88194 	0.0282191 	0.00190315 	4.2307e-05
1.88344 	0.0282264 	0.00189708 	4.21527e-05
1.88494 	0.0282337 	0.001891 	4.19984e-05
1.88644 	0.0282406 	0.00188537 	4.1844e-05
1.88794 	0.0282452 	0.00188198 	4.16895e-05
1.88944 	0.0282498 	0.00187859 	4.15349e-05
1.89095 	0.0282544 	0.0018752 	4.13803e-05
1.89245 	0.028259 	0.00187181 	4.12258e-05
1.89395 	0.0282636 	0.00186842 	4.10712e-05
1.89545 	0.0282682 	0.00186503 	4.09166e-05
1.89695 	0.0282728 	0.00186164 	4.07621e-05
1.89845 	0.0282774 	0.00185825 	4.06075e-05
1.89995 	0.028282 	0.00185486 	4.0453e-05
1.90145 	0.0282866 	0.00185147 	4.02984e-05
1.90295 	0.0282912 	0.00184808 	4.01438e-05
1.90445 	0.0282958 	0.00184469 	3.99893e-05
1.90595 	0.0283004 	0.0018413 	3.98347e-05
1.90745 	0.028305 	0.00183791 	3.96801e-05
1.90895 	0.0283096 	0.00183452 	3.95256e-05
1.91046 	0.0283142 	0.00183113 	3.9371e-05
1.91196 	0.0283188 	0.00182774 	3.92165e-05
1.91346 	0.0283234 	0.00182434 	3.90619e-05
1.91496 	0.028328 	0.00182095 	3.89073e-05
1.91646 	0.0283326 	0.00181756 	3.87528e-05
1.91796 	0.0283372 	0.00181417 	3.85982e-05
1.91946 	0.0283418 	0.00181078 	3.84437e-05
1.92096 	0.0283444 	0.00180939 	3.8281e-05
1.92246 	0.0283465 	0.0018084 	3.81168e-05
1.92396 	0.0283486 	0.00180741 	3.79525e-05
1.92546 	0.0283507 	0.00180642 	3.77882e-05
1.92696 	0.0283568 	0.00180204 	3.76511e-05
1.92846 	0.0283644 	0.00179631 	3.75247e-05
1.92996 	0.028372 	0.00179058 	3.73984e-05
1.93147 	0.0283796 	0.00178485 	3.7272e-05
1.93297 	0.028385 	0.0017809 	3.71447e-05
1.93447 	0.0283889 	0.00177828 	3.70165e-05
1.93597 	0.0283928 	0.00177566 	3.68884e-05
1.93747 	0.0283966 	0.00177304 	3.67602e-05
1.93897 	0.0284005 	0.00177042 	3.66321e-05
1.94047 	0.0284044 	0.00176779 	3.65039e-05
1.94197 	0.0284083 	0.00176517 	3.63758e-05
1.94347 	0.0284121 	0.00176255 	3.62476e-05
1.94497 	0.028416 	0.00175993 	3.61195e-05
1.94647 	0.0284199 	0.00175731 	3.59913e-05
1.94797 	0.0284238 	0.00175469 	3.58632e-05
1.94947 	0.0284276 	0.00175207 	3.57351e-05
1.95098 	0.0284315 	0.00174944 	3.56069e-05
1.95248 	0.0284354 	0.00174682 	3.54788e-05
1.95398 	0.0284393 	0.0017442 	3.53506e-05
1.95548 	0.0284431 	0.00174158 	3.52225e-05
1.95698 	0.028447 	0.00173896 	3.50943e-05
1.95848 	0.0284509 	0.00173634 	3.49662e-05
1.95998 	0.0284548 	0.00173372 	3.4838e-05
1.96148 	0.0284586 	0.00173109 	3.47099e-05
1.96298 	0.0284625 	0.00172847 	3.45818e-05
1.96448 	0.0284664 	0.00172585 	3.44536e-05
1.96598 	0.0284698 	0.00172362 	3.43267e-05
1.96748 	0.0284701 	0.00172387 	3.42079e-05
1.96898 	0.0284705 	0.00172411 	3.40892e-05
1.97049 	0.0284708 	0.00172436 	3.39704e-05
1.97199 	0.0284712 	0.00172461 	3.38516e-05
1.97349 	0.0284764 	0.0017207 	3.37673e-05
1.97499 	0.0284816 	0.00171675 	3.36834e-05
1.97649 	0.0284869 	0.00171279 	3.35996e-05
1.97799 	0.0284921 	0.00170884 	3.35157e-05
1.97949 	0.0284962 	0.00170609 	3.33784e-05
1.98099 	0.0285 	0.00170358 	3.323e-05
1.98249 	0.0285038 	0.00170108 	3.30817e-05
1.98399 	0.0285076 	0.00169858 	3.29333e-05
1.98549 	0.0285114 	0.00169608 	3.2785e-05
1.98699 	0.0285153 	0.00169357 	3.26367e-05
1.98849 	0.0285191 	0.00169107 	3.24883e-05
1.98999 	0.0285229 	0.00168857 	3.234e-05
1.9915 	0.0285267 	0.00168606 	3.21916e-05
1.993 	0.0285305 	0.00168356 	3.20433e-05
1.9945 	0.0285344 	0.00168106 	3.1895e-05
1.996 	0.0285382 	0.00167856 	3.17466e-05
1.9975 	0.028542 	0.00167605 	3.15983e-05
1.999 	0.0285458 	0.00167355 	3.14499e-05
2.0005 	0.0285496 	0.00167105 	3.13016e-05
2.002 	0.0285534 	0.00166854 	3.11533e-05
2.0035 	0.0285573 	0.00166604 	3.10049e-05
2.005 	0.0285611 	0.00166354 	3.08566e-05
2.0065 	0.0285649 	0.00166103 	3.07082e-05
2.008 	0.0285687 	0.00165853 	3.05599e-05
2.0095 	0.0285725 	0.00165603 	3.04115e-05
2.01101 	0.0285764 	0.00165353 	3.02632e-05
2.01251 	0.0285797 	0.00165149 	3.01009e-05
2.01401 	0.0285822 	0.00165024 	2.9915e-05
2.01551 	0.0285847 	0.001649 	2.9729e-05
2.01701 	0.0285872 	0.00164775 	2.9543e-05
2.01851 	0.0285906 	0.00164575 	2.93601e-05
2.02001 	0.0285975 	0.00164076 	2.91894e-05
2.02151 	0.0286045 	0.00163577 	2.90187e-05
2.02301 	0.0286114 	0.00163078 	2.8848e-05
2.02451 	0.0286182 	0.00162588 	2.86792e-05
2.02601 	0.0286227 	0.00162288 	2.85523e-05
2.02751 	0.0286272 	0.00161988 	2.84254e-05
2.02901 	0.0286317 	0.00161688 	2.82985e-05
2.03052 	0.0286361 	0.00161388 	2.81716e-05
2.03202 	0.0286406 	0.00161088 	2.80447e-05
2.03352 	0.0286451 	0.00160788 	2.79178e-05
2.03502 	0.0286495 	0.00160488 	2.77909e-05
2.03652 	0.028654 	0.00160188 	2.7664e-05
2.03802 	0.0286585 	0.00159888 	2.75371e-05
2.03952 	0.028663 	0.00159588 	2.74102e-05
2.04102 	0.0286674 	0.00159288 	2.72833e-05
2.04252 	0.0286719 	0.00158988 	2.71564e-05
2.04402 	0.0286764 	0.00158688 	2.70295e-05
2.04552 	0.0286809 	0.00158388 	2.69026e-05
2.04702 	0.0286853 	0.00158088 	2.67757e-05
2.04852 	0.0286898 	0.00157788 	2.66488e-05
2.05003 	0.0286943 	0.00157488 	2.65219e-05
2.05153 	0.0286987 	0.00157188 	2.6395e-05
2.05303 	0.0287032 	0.00156888 	2.62682e-05
2.05453 	0.0287077 	0.00156588 	2.61413e-05
2.05603 	0.0287122 	0.00156288 	2.60144e-05
2.05753 	0.0287166 	0.00155988 	2.58875e-05
2.05903 	0.0287196 	0.00155804 	2.57972e-05
2.06053 	0.0287217 	0.00155684 	2.57269e-05
2.06203 	0.0287238 	0.00155564 	2.56567e-05
2.06353 	0.0287259 	0.00155444 	2.55864e-05
2.06503 	0.0287302 	0.00155148 	2.55089e-05
2.06653 	0.0287369 	0.00154659 	2.54235e-05
2.06803 	0.0287436 	0.00154171 	2.5338e-05
2.06953 	0.0287503 	0.00153682 	2.52525e-05
2.07104 	0.0287562 	0.00153258 	2.51999e-05
2.07254 	0.0287604 	0.00152964 	2.52148e-05
2.07404 	0.0287646 	0.00152671 	2.52296e-05
2.07554 	0.0287688 	0.00152378 	2.52444e-05
2.07704 	0.028773 	0.00152085 	2.52593e-05
2.07854 	0.0287772 	0.00151792 	2.52741e-05
2.08004 	0.0287814 	0.00151499 	2.5289e-05
2.08154 	0.0287856 	0.00151205 	2.53038e-05
2.08304 	0.0287899 	0.00150912 	2.53186e-05
2.08454 	0.0287941 	0.00150619 	2.53335e-05
2.08604 	0.0287983 	0.00150326 	2.53483e-05
2.08754 	0.0288025 	0.00150033 	2.53631e-05
2.08904 	0.0288067 	0.00149739 	2.5378e-05
2.09055 	0.0288109 	0.00149446 	2.53928e-05
2.09205 	0.0288151 	0.00149153 	2.54077e-05
2.09355 	0.0288194 	0.0014886 	2.54225e-05
2.09505 	0.0288236 	0.00148567 	2.54373e-05
2.09655 	0.0288278 	0.00148273 	2.54522e-05
2.09805 	0.028832 	0.0014798 	2.5467e-05
2.09955 	0.0288362 	0.00147687 	2.54818e-05
2.10105 	0.0288404 	0.00147394 	2.54967e-05
2.10255 	0.0288446 	0.00147101 	2.55115e-05
2.10405 	0.0288487 	0.00146821 	2.55332e-05
2.10555 	0.0288505 	0.00146705 	2.5638e-05
2.10705 	0.0288524 	0.00146589 	2.57428e-05
2.10855 	0.0288542 	0.00146474 	2.58476e-05
2.11006 	0.0288561 	0.00146358 	2.59524e-05
2.11156 	0.0288623 	0.00145912 	2.60566e-05
2.11306 	0.0288688 	0.00145438 	2.61607e-05
2.11456 	0.0288753 	0.00144963 	2.62647e-05
2.11606 	0.0288819 	0.00144488 	2.63688e-05
2.11756 	0.0288858 	0.00144208 	2.64862e-05
2.11906 	0.0288891 	0.00143977 	2.66069e-05
2.12056 	0.0288924 	0.00143746 	2.67277e-05
2.12206 	0.0288957 	0.00143515 	2.68484e-05
2.12356 	0.028899 	0.00143283 	2.69692e-05
2.12506 	0.0289023 	0.00143052 	2.70899e-05
2.12656 	0.0289056 	0.00142821 	2.72106e-05
2.12806 	0.0289089 	0.0014259 	2.73314e-05
2.12956 	0.0289123 	0.00142359 	2.74521e-05
2.13107 	0.0289156 	0.00142128 	2.75728e-05
2.13257 	0.0289189 	0.00141896 	2.76936e-05
2.13407 	0.0289222 	0.00141665 	2.78143e-05
2.13557 	0.0289255 	0.00141434 	2.79351e-05
2.13707 	0.0289288 	0.00141203 	2.80558e-05
2.13857 	0.0289321 	0.00140972 	2.81765e-05
2.14007 	0.0289354 	0.00140741 	2.82973e-05
2.14157 	0.0289387 	0.00140509 	2.8418e-05
2.14307 	0.028942 	0.00140278 	2.85387e-05
2.14457 	0.0289453 	0.00140047 	2.86595e-05
2.14607 	0.0289486 	0.00139816 	2.87802e-05
2.14757 	0.0289519 	0.00139585 	2.8901e-05
2.14907 	0.0289552 	0.00139354 	2.90217e-05
2.15058 	0.0289563 	0.00139282 	2.91427e-05
2.15208 	0.0289568 	0.00139258 	2.92637e-05
2.15358 	0.0289573 	0.00139234 	2.93847e-05
2.15508 	0.0289577 	0.00139209 	2.95058e-05
2.15658 	0.0289606 	0.00139007 	2.9621e-05
2.15808 	0.0289648 	0.00138705 	2.9733e-05
2.15958 	0.0289691 	0.00138403 	2.9845e-05
2.16108 	0.0289733 	0.00138101 	2.9957e-05
2.16258 	0.0289768 	0.00137844 	3.00966e-05
2.16408 	0.0289799 	0.00137622 	3.02576e-05
2.16558 	0.028983 	0.00137399 	3.04187e-05
2.16708 	0.0289861 	0.00137177 	3.05797e-05
2.16858 	0.0289892 	0.00136955 	3.07408e-05
2.17009 	0.0289922 	0.00136733 	3.09018e-05
2.17159 	0.0289953 	0.0013651 	3.10629e-05
2.17309 	0.0289984 	0.00136288 	3.12239e-05
2.17459 	0.0290015 	0.00136066 	3.1385e-05
2.17609 	0.0290046 	0.00135844 	3.1546e-05
2.17759 	0.0290076 	0.00135621 	3.17071e-05
2.17909 	0.0290107 	0.00135399 	3.18681e-05
2.18059 	0.0290138 	0.00135177 	3.20292e-05
2.18209 	0.0290169 	0.00134955 	3.21902e-05
2.18359 	0.02902 	0.00134732 	3.23513e-05
2.18509 	0.029023 	0.0013451 	3.25123e-05
2.18659 	0.0290261 	0.00134288 	3.26734e-05
2.18809 	0.0290292 	0.00134066 	3.28344e-05
2.18959 	0.0290323 	0.00133843 	3.29955e-05
2.1911 	0.0290354 	0.00133621 	3.31565e-05
2.1926 	0.0290384 	0.00133399 	3.33176e-05
2.1941 	0.0290415 	0.00133177 	3.34786e-05
2.1956 	0.0290437 	0.0013301 	3.3663e-05
2.1971 	0.0290457 	0.00132854 	3.38519e-05
2.1986 	0.0290477 	0.00132699 	3.40409e-05
2.2001 	0.0290497 	0.00132543 	3.42298e-05
2.2016 	0.0290544 	0.00132199 	3.44274e-05
2.2031 	0.0290599 	0.00131793 	3.46279e-05
2.2046 	0.0290654 	0.00131386 	3.48284e-05
2.2061 	0.0290709 	0.0013098 	3.50289e-05
2.2076 	0.0290749 	0.00130672 	3.52212e-05
2.2091 	0.0290782 	0.00130401 	3.54105e-05
2.21061 	0.0290816 	0.0013013 	3.55998e-05
2.21211 	0.0290849 	0.00129859 	3.57891e-05
2.21361 	0.0290883 	0.00129588 	3.59784e-05
2.21511 	0.0290916 	0.00129317 	3.61677e-05
2.21661 	0.029095 	0.00129046 	3.6357e-05
2.21811 	0.0290983 	0.00128775 	3.65463e-05
2.21961 	0.0291017 	0.00128504 	3.67356e-05
2.22111 	0.029105 	0.00128233 	3.69249e-05
2.22261 	0.0291084 	0.00127962 	3.71142e-05
2.22411 	0.0291117 	0.00127691 	3.73035e-05
2.22561 	0.0291151 	0.0012742 	3.74928e-05
2.22711 	0.0291185 	0.00127149 	3.76821e-05
2.22861 	0.0291218 	0.00126878 	3.78714e-05
2.23012 	0.0291252 	0.00126607 	3.80607e-05
2.23162 	0.0291285 	0.00126336 	3.825e-05
2.23312 	0.0291319 	0.00126065 	3.84393e-05
2.23462 	0.0291352 	0.00125794 	3.86286e-05
2.23612 	0.0291386 	0.00125523 	3.88179e-05
2.23762 	0.0291419 	0.00125252 	3.90072e-05
2.23912 	0.0291444 	0.00125035 	3.91881e-05
2.24062 	0.0291454 	0.00124906 	3.93552e-05
2.24212 	0.0291464 	0.00124777 	3.95222e-05
2.24362 	0.0291473 	0.00124648 	3.96893e-05
2.24512 	0.0291498 	0.00124416 	3.98755e-05
2.24662 	0.0291551 	0.00123988 	4.0098e-05
2.24812 	0.0291604 	0.0012356 	4.03205e-05
2.24962 	0.0291656 	0.00123132 	4.0543e-05
2.25113 	0.0291699 	0.00122767 	4.07623e-05
2.25263 	0.0291727 	0.00122498 	4.09768e-05
2.25413 	0.0291755 	0.0012223 	4.11913e-05
2.25563 	0.0291783 	0.00121961 	4.14058e-05
2.25713 	0.029181 	0.00121693 	4.16203e-05
2.25863 	0.0291838 	0.00121424 	4.18348e-05
2.26013 	0.0291866 	0.00121156 	4.20493e-05
2.26163 	0.0291894 	0.00120888 	4.22638e-05
2.26313 	0.0291922 	0.00120619 	4.24783e-05
2.26463 	0.0291949 	0.00120351 	4.26928e-05
2.26613 	0.0291977 	0.00120082 	4.29073e-05
2.26763 	0.0292005 	0.00119814 	4.31218e-05
2.26913 	0.0292033 	0.00119545 	4.33363e-05
2.27064 	0.029206 	0.00119277 	4.35508e-05
2.27214 	0.0292088 	0.00119008 	4.37653e-05
2.27364 	0.0292116 	0.0011874 	4.39797e-05
2.27514 	0.0292144 	0.00118471 	4.41942e-05
2.27664 	0.0292172 	0.00118203 	4.44087e-05
2.27814 	0.0292199 	0.00117934 	4.46232e-05
2.27964 	0.0292227 	0.00117666 	4.48377e-05
2.28114 	0.0292255 	0.00117397 	4.50522e-05
2.28264 	0.0292271 	0.00117199 	4.52711e-05
2.28414 	0.0292275 	0.00117076 	4.54947e-05
2.28564 	0.0292279 	0.00116954 	4.57183e-05
2.28714 	0.0292282 	0.00116831 	4.59419e-05
2.28864 	0.0292309 	0.0011655 	4.61916e-05
2.29015 	0.0292357 	0.00116126 	4.64652e-05
2.29165 	0.0292405 	0.00115701 	4.67388e-05
2.29315 	0.0292453 	0.00115276 	4.70124e-05
2.29465 	0.0292482 	0.00114989 	4.72476e-05
2.29615 	0.0292501 	0.00114775 	4.74622e-05
2.29765 	0.0292519 	0.00114561 	4.76769e-05
2.29915 	0.0292538 	0.00114348 	4.78915e-05
2.30065 	0.0292557 	0.00114134 	4.81062e-05
2.30215 	0.0292575 	0.0011392 	4.83208e-05
2.30365 	0.0292594 	0.00113706 	4.85355e-05
2.30515 	0.0292613 	0.00113492 	4.87501e-05
2.30665 	0.0292631 	0.00113279 	4.89648e-05
2.30815 	0.029265 	0.00113065 	4.91794e-05
2.30965 	0.0292669 	0.00112851 	4.93941e-05
2.31116 	0.0292687 	0.00112637 	4.96087e-05
2.31266 	0.0292706 	0.00112423 	4.98234e-05
2.31416 	0.0292724 	0.0011221 	5.0038e-05
2.31566 	0.0292743 	0.00111996 	5.02527e-05
2.31716 	0.0292762 	0.00111782 	5.04673e-05
2.31866 	0.029278 	0.00111568 	5.0682e-05
2.32016 	0.0292799 	0.00111354 	5.08966e-05
2.32166 	0.0292818 	0.00111141 	5.11113e-05
2.32316 	0.0292836 	0.00110927 	5.13259e-05
2.32466 	0.0292848 	0.00110761 	5.15297e-05
2.32616 	0.0292838 	0.00110746 	5.16998e-05
2.32766 	0.0292828 	0.0011073 	5.18698e-05
2.32916 	0.0292819 	0.00110715 	5.20399e-05
2.33067 	0.0292825 	0.00110599 	5.2211e-05
2.33217 	0.0292858 	0.00110312 	5.23838e-05
2.33367 	0.0292892 	0.00110024 	5.25566e-05
2.33517 	0.0292925 	0.00109736 	5.27294e-05
2.33667 	0.0292947 	0.00109493 	5.2967e-05
2.33817 	0.029296 	0.00109282 	5.32499e-05
2.33967 	0.0292974 	0.0010907 	5.35328e-05
2.34117 	0.0292987 	0.00108859 	5.38156e-05
2.34267 	0.0293001 	0.00108648 	5.40985e-05
2.34417 	0.0293014 	0.00108436 	5.43814e-05
2.34567 	0.0293028 	0.00108225 	5.46643e-05
2.34717 	0.0293041 	0.00108014 	5.49471e-05
2.34867 	0.0293055 	0.00107803 	5.523e-05
2.35018 	0.0293068 	0.00107591 	5.55129e-05
2.35168 	0.0293081 	0.0010738 	5.57957e-05
2.35318 	0.0293095 	0.00107169 	5.60786e-05
2.35468 	0.0293108 	0.00106957 	5.63615e-05
2.35618 	0.0293122 	0.00106746 	5.66444e-05
2.35768 	0.0293135 	0.00106535 	5.69272e-05
2.35918 	0.0293149 	0.00106324 	5.72101e-05
2.36068 	0.0293162 	0.00106112 	5.7493e-05
2.36218 	0.0293176 	0.00105901 	5.77759e-05
2.36368 	0.0293189 	0.0010569 	5.80587e-05
2.36518 	0.0293203 	0.00105478 	5.83416e-05
2.36668 	0.0293202 	0.00105315 	5.87013e-05
2.36818 	0.0293195 	0.00105169 	5.90884e-05
2.36968 	0.0293189 	0.00105023 	5.94755e-05
2.37119 	0.0293183 	0.00104877 	5.98625e-05
2.37269 	0.0293218 	0.0010449 	6.02431e-05
2.37419 	0.0293254 	0.00104093 	6.06234e-05
2.37569 	0.0293291 	0.00103695 	6.10036e-05
2.37719 	0.029332 	0.00103334 	6.13739e-05
2.37869 	0.0293331 	0.00103071 	6.17187e-05
2.38019 	0.0293342 	0.00102808 	6.20635e-05
2.38169 	0.0293352 	0.00102544 	6.24084e-05
2.38319 	0.0293363 	0.00102281 	6.27532e-05
2.38469 	0.0293374 	0.00102017 	6.3098e-05
2.38619 	0.0293384 	0.00101754 	6.34428e-05
2.38769 	0.0293395 	0.00101491 	6.37876e-05
2.38919 	0.0293406 	0.00101227 	6.41324e-05
2.3907 	0.0293416 	0.00100964 	6.44772e-05
2.3922 	0.0293427 	0.001007 	6.4822e-05
2.3937 	0.0293438 	0.00100437 	6.51668e-05
2.3952 	0.0293449 	0.00100174 	6.55116e-05
2.3967 	0.0293459 	0.000999101 	6.58564e-05
2.3982 	0.029347 	0.000996467 	6.62012e-05
2.3997 	0.0293481 	0.000993833 	6.6546e-05
2.4012 	0.0293491 	0.000991199 	6.68908e-05
2.4027 	0.0293502 	0.000988565 	6.72356e-05
2.4042 	0.0293513 	0.000985931 	6.75804e-05
2.4057 	0.0293523 	0.00098334 	6.79234e-05
2.4072 	0.0293508 	0.000981937 	6.8215e-05
2.4087 	0.0293493 	0.000980534 	6.85066e-05
2.41021 	0.0293479 	0.000979131 	6.87982e-05
2.41171 	0.029348 	0.000976789 	6.91045e-05
2.41321 	0.0293509 	0.000972743 	6.94374e-05
2.41471 	0.0293538 	0.000968697 	6.97704e-05
2.41621 	0.0293568 	0.000964651 	7.01033e-05
2.41771 	0.0293575 	0.000961736 	7.0359e-05
2.41921 	0.0293576 	0.000959112 	7.05947e-05
2.42071 	0.0293578 	0.000956489 	7.08304e-05
2.42221 	0.0293579 	0.000953866 	7.10661e-05
2.42371 	0.0293581 	0.000951243 	7.13018e-05
2.42521 	0.0293582 	0.00094862 	7.15375e-05
2.42671 	0.0293584 	0.000945996 	7.17732e-05
2.42821 	0.0293585 	0.000943373 	7.20089e-05
2.42971 	0.0293587 	0.00094075 	7.22446e-05
2.43122 	0.0293588 	0.000938127 	7.24803e-05
2.43272 	0.0293589 	0.000935504 	7.2716e-05
2.43422 	0.0293591 	0.000932881 	7.29517e-05
2.43572 	0.0293592 	0.000930257 	7.31874e-05
2.43722 	0.0293594 	0.000927634 	7.34231e-05
2.43872 	0.0293595 	0.000925011 	7.36588e-05
2.44022 	0.0293597 	0.000922388 	7.38945e-05
2.44172 	0.0293598 	0.000919765 	7.41302e-05
2.44322 	0.02936 	0.000917141 	7.43659e-05
2.44472 	0.0293596 	0.00091477 	7.45806e-05
2.44622 	0.029357 	0.000913445 	7.47079e-05
2.44772 	0.0293544 	0.00091212 	7.48352e-05
2.44922 	0.0293518 	0.000910795 	7.49625e-05
2.45073 	0.029352 	0.000907702 	7.51384e-05
2.45223 	0.0293538 	0.000903558 	7.53432e-05
2.45373 	0.0293556 	0.000899414 	7.5548e-05
2.45523 	0.029357 	0.000895647 	7.5743e-05
2.45673 	0.0293564 	0.000893532 	7.58947e-05
2.45823 	0.0293558 	0.000891416 	7.60464e-05
2.45973 	0.0293552 	0.0008893 	7.61981e-05
2.46123 	0.0293545 	0.000887185 	7.63498e-05
2.46273 	0.0293539 	0.000885069 	7.65015e-05
2.46423 	0.0293533 	0.000882953 	7.66532e-05
2.46573 	0.0293527 	0.000880838 	7.6805e-05
2.46723 	0.0293521 	0.000878722 	7.69567e-05
2.46873 	0.0293515 	0.000876606 	7.71084e-05
2.47024 	0.0293509 	0.00087449 	7.72601e-05
2.47174 	0.0293503 	0.000872375 	7.74118e-05
2.47324 	0.0293497 	0.000870259 	7.75635e-05
2.47474 	0.0293491 	0.000868143 	7.77153e-05
2.47624 	0.0293485 	0.000866028 	7.7867e-05
2.47774 	0.0293479 	0.000863912 	7.80187e-05
2.47924 	0.0293473 	0.000861796 	7.81704e-05
2.48074 	0.0293467 	0.00085968 	7.83221e-05
2.48224 	0.0293455 	0.000858073 	7.84603e-05
2.48374 	0.0293425 	0.000857881 	7.8561e-05
2.48524 	0.0293395 	0.000857689 	7.86616e-05
2.48674 	0.0293366 	0.000857497 	7.87622e-05
2.48824 	0.0293373 	0.000855158 	7.89202e-05
2.48974 	0.0293389 	0.000852341 	7.9091e-05
2.49125 	0.0293405 	0.000849525 	7.92618e-05
2.49275 	0.0293406 	0.000847045 	7.94782e-05
2.49425 	0.029339 	0.000844897 	7.97395e-05
2.49575 	0.0293375 	0.00084275 	8.00009e-05
2.49725 	0.0293359 	0.000840602 	8.02623e-05
2.49875 	0.0293344 	0.000838455 	8.05236e-05
2.50025 	0.0293328 	0.000836307 	8.0785e-05
2.50175 	0.0293313 	0.000834159 	8.10464e-05
2.50325 	0.0293297 	0.000832012 	8.13077e-05
2.50475 	0.0293282 	0.000829864 	8.15691e-05
2.50625 	0.0293267 	0.000827717 	8.18304e-05
2.50775 	0.0293251 	0.000825569 	8.20918e-05
2.50925 	0.0293236 	0.000823422 	8.23532e-05
2.51076 	0.029322 	0.000821274 	8.26145e-05
2.51226 	0.0293205 	0.000819126 	8.28759e-05
2.51376 	0.0293189 	0.000816979 	8.31373e-05
2.51526 	0.0293174 	0.000814831 	8.33986e-05
2.51676 	0.0293159 	0.000812684 	8.366e-05
2.51826 	0.0293134 	0.000810709 	8.39526e-05
2.51976 	0.0293088 	0.000809164 	8.43232e-05
2.52126 	0.0293042 	0.00080762 	8.46938e-05
2.52276 	0.0292996 	0.000806075 	8.50644e-05
2.52426 	0.0292995 	0.000802192 	8.54775e-05
2.52576 	0.0292995 	0.000798228 	8.58921e-05
2.52726 	0.0292996 	0.000794263 	8.63066e-05
2.52876 	0.0292973 	0.000791332 	8.67539e-05
2.53027 	0.0292944 	0.000788689 	8.72104e-05
2.53177 	0.0292915 	0.000786045 	8.76668e-05
2.53327 	0.0292885 	0.000783401 	8.81232e-05
2.53477 	0.0292856 	0.000780758 	8.85797e-05
2.53627 	0.0292827 	0.000778114 	8.90361e-05
2.53777 	0.0292798 	0.00077547 	8.94926e-05
2.53927 	0.0292769 	0.000772826 	8.9949e-05
2.54077 	0.0292739 	0.000770183 	9.04055e-05
2.54227 	0.029271 	0.000767539 	9.08619e-05
2.54377 	0.0292681 	0.000764895 	9.13183e-05
2.54527 	0.0292652 	0.000762251 	9.17748e-05
2.54677 	0.0292623 	0.000759608 	9.22312e-05
2.54827 	0.0292593 	0.000756964 	9.26877e-05
2.54977 	0.0292564 	0.00075432 	9.31441e-05
2.55128 	0.0292535 	0.000751677 	9.36005e-05
2.55278 	0.0292497 	0.000749384 	9.40771e-05
2.55428 	0.0292439 	0.000747955 	9.4603e-05
2.55578 	0.0292381 	0.000746525 	9.5129e-05
2.55728 	0.0292327 	0.00074483 	9.56613e-05
2.55878 	0.0292312 	0.000740756 	9.62502e-05
2.56028 	0.0292298 	0.000736683 	9.68391e-05
2.56178 	0.0292282 	0.00073271 	9.7421e-05
2.56328 	0.029225 	0.000730587 	9.78726e-05
2.56478 	0.0292218 	0.000728464 	9.83242e-05
2.56628 	0.0292186 	0.000726342 	9.87758e-05
2.56778 	0.0292154 	0.000724219 	9.92274e-05
2.56928 	0.0292122 	0.000722097 	9.9679e-05
2.57079 	0.029209 	0.000719974 	0.000100131
2.57229 	0.0292058 	0.000717851 	0.000100582
2.57379 	0.0292026 	0.000715729 	0.000101034
2.57529 	0.0291994 	0.000713606 	0.000101485
2.57679 	0.0291962 	0.000711484 	0.000101937
2.57829 	0.029193 	0.000709361 	0.000102388
2.57979 	0.0291898 	0.000707239 	0.00010284
2.58129 	0.0291866 	0.000705116 	0.000103292
2.58279 	0.0291834 	0.000702993 	0.000103743
2.58429 	0.0291802 	0.000700871 	0.000104195
2.58579 	0.0291765 	0.000699295 	0.000104609
2.58729 	0.0291716 	0.000699032 	0.000104934
2.58879 	0.0291666 	0.000698769 	0.000105259
2.5903 	0.0291629 	0.000697912 	0.000105586
2.5918 	0.0291628 	0.000695177 	0.000105916
2.5933 	0.0291627 	0.000692443 	0.000106247
2.5948 	0.0291612 	0.000689898 	0.000106615
2.5963 	0.0291568 	0.000687743 	0.000107058
2.5978 	0.0291525 	0.000685588 	0.000107501
2.5993 	0.0291481 	0.000683433 	0.000107944
2.6008 	0.0291437 	0.000681278 	0.000108387
2.6023 	0.0291393 	0.000679123 	0.00010883
2.6038 	0.029135 	0.000676969 	0.000109273
2.6053 	0.0291306 	0.000674814 	0.000109716
2.6068 	0.0291262 	0.000672659 	0.000110159
2.6083 	0.0291218 	0.000670504 	0.000110603
2.6098 	0.0291175 	0.000668349 	0.000111046
2.61131 	0.0291131 	0.000666194 	0.000111489
2.61281 	0.0291087 	0.000664039 	0.000111932
2.61431 	0.0291043 	0.000661884 	0.000112375
2.61581 	0.0291 	0.000659729 	0.000112818
2.61731 	0.0290943 	0.000657734 	0.000113296
2.61881 	0.0290857 	0.000656091 	0.000113851
2.62031 	0.0290771 	0.000654447 	0.000114406
2.62181 	0.0290705 	0.000651876 	0.000114946
2.62331 	0.029067 	0.000647893 	0.000115462
2.62481 	0.0290635 	0.00064391 	0.000115979
2.62631 	0.029058 	0.000640721 	0.000116456
2.62781 	0.0290513 	0.000638017 	0.000116911
2.62931 	0.0290445 	0.000635314 	0.000117365
2.63082 	0.0290377 	0.00063261 	0.000117819
2.63232 	0.029031 	0.000629906 	0.000118273
2.63382 	0.0290242 	0.000627203 	0.000118727
2.63532 	0.0290174 	0.000624499 	0.000119181
2.63682 	0.0290106 	0.000621795 	0.000119635
2.63832 	0.0290039 	0.000619092 	0.000120089
2.63982 	0.0289971 	0.000616388 	0.000120543
2.64132 	0.0289903 	0.000613684 	0.000120997
2.64282 	0.0289836 	0.000610981 	0.000121451
2.64432 	0.0289768 	0.000608277 	0.000121905
2.64582 	0.02897 	0.000605574 	0.00012236
2.64732 	0.0289621 	0.000603276 	0.000122791
2.64882 	0.028952 	0.000601734 	0.00012318
2.65033 	0.0289419 	0.000600193 	0.000123569
2.65183 	0.0289343 	0.000597143 	0.000123963
2.65333 	0.0289286 	0.000592957 	0.000124361
2.65483 	0.0289229 	0.000588771 	0.000124759
2.65633 	0.0289163 	0.000586433 	0.000125034
2.65783 	0.0289097 	0.000584226 	0.0001253
2.65933 	0.0289031 	0.00058202 	0.000125566
2.66083 	0.0288965 	0.000579814 	0.000125831
2.66233 	0.0288899 	0.000577608 	0.000126097
2.66383 	0.0288833 	0.000575402 	0.000126363
2.66533 	0.0288767 	0.000573196 	0.000126629
2.66683 	0.0288701 	0.000570989 	0.000126895
2.66833 	0.0288634 	0.000568783 	0.000127161
2.66983 	0.0288568 	0.000566577 	0.000127427
2.67134 	0.0288502 	0.000564371 	0.000127693
2.67284 	0.0288436 	0.000562165 	0.000127959
2.67434 	0.028837 	0.000559959 	0.000128224
2.67584 	0.02883 	0.000558508 	0.000128432
2.67734 	0.0288225 	0.000558196 	0.000128554
2.67884 	0.028815 	0.000557883 	0.000128675
2.68034 	0.0288114 	0.000555676 	0.000128797
2.68184 	0.028809 	0.000552865 	0.00012892
2.68334 	0.0288051 	0.000550195 	0.000129033
2.68484 	0.0287969 	0.000547926 	0.000129119
2.68634 	0.0287886 	0.000545657 	0.000129206
2.68784 	0.0287804 	0.000543388 	0.000129292
2.68934 	0.0287722 	0.000541119 	0.000129378
2.69085 	0.028764 	0.00053885 	0.000129464
2.69235 	0.0287558 	0.000536581 	0.000129551
2.69385 	0.0287476 	0.000534312 	0.000129637
2.69535 	0.0287394 	0.000532043 	0.000129723
2.69685 	0.0287311 	0.000529774 	0.000129809
2.69835 	0.0287229 	0.000527505 	0.000129896
2.69985 	0.0287147 	0.000525236 	0.000129982
2.70135 	0.0287065 	0.000522967 	0.000130068
2.70285 	0.0286957 	0.000520918 	0.000130134
2.70435 	0.0286817 	0.000519137 	0.000130176
2.70585 	0.0286678 	0.000517355 	0.000130217
2.70735 	0.0286591 	0.000513285 	0.000130233
2.70885 	0.0286507 	0.000509091 	0.000130248
2.71036 	0.0286418 	0.00050599 	0.000130245
2.71186 	0.0286326 	0.000503672 	0.000130229
2.71336 	0.0286233 	0.000501353 	0.000130212
2.71486 	0.028614 	0.000499035 	0.000130195
2.71636 	0.0286048 	0.000496717 	0.000130179
2.71786 	0.0285955 	0.000494398 	0.000130162
2.71936 	0.0285862 	0.00049208 	0.000130146
2.72086 	0.028577 	0.000489761 	0.000130129
2.72236 	0.0285677 	0.000487443 	0.000130113
2.72386 	0.0285584 	0.000485125 	0.000130096
2.72536 	0.0285491 	0.000482806 	0.00013008
2.72686 	0.0285399 	0.000480488 	0.000130063
2.72836 	0.0285302 	0.000479059 	0.000130032
2.72986 	0.0285201 	0.00047855 	0.000129985
2.73137 	0.0285109 	0.000477765 	0.000129937
2.73287 	0.0285076 	0.000475031 	0.000129878
2.73437 	0.0285044 	0.000472297 	0.000129818
2.73587 	0.0284945 	0.000469902 	0.000129731
2.73737 	0.0284838 	0.00046755 	0.00012964
2.73887 	0.0284731 	0.000465197 	0.000129549
2.74037 	0.0284624 	0.000462845 	0.000129458
2.74187 	0.0284516 	0.000460492 	0.000129367
2.74337 	0.0284409 	0.00045814 	0.000129276
2.74487 	0.0284302 	0.000455787 	0.000129185
2.74637 	0.0284195 	0.000453435 	0.000129094
2.74787 	0.0284088 	0.000451082 	0.000129004
2.74937 	0.0283981 	0.00044873 	0.000128913
2.75088 	0.0283874 	0.000446377 	0.000128822
2.75238 	0.0283729 	0.000444174 	0.000128714
2.75388 	0.0283547 	0.000442121 	0.000128589
2.75538 	0.0283384 	0.000439488 	0.000128461
2.75688 	0.0283274 	0.000435211 	0.000128322
2.75838 	0.0283161 	0.000431159 	0.000128182
2.75988 	0.0283021 	0.000428326 	0.00012804
2.76138 	0.0282882 	0.000425493 	0.000127897
2.76288 	0.0282742 	0.00042266 	0.000127755
2.76438 	0.0282603 	0.000419827 	0.000127612
2.76588 	0.0282464 	0.000416994 	0.00012747
2.76738 	0.0282324 	0.000414161 	0.000127328
2.76888 	0.0282185 	0.000411328 	0.000127185
2.77039 	0.0282045 	0.000408495 	0.000127043
2.77189 	0.0281906 	0.000405662 	0.0001269
2.77339 	0.0281767 	0.000402829 	0.000126758
2.77489 	0.0281608 	0.000400482 	0.000126606
2.77639 	0.0281424 	0.000398752 	0.000126441
2.77789 	0.0281252 	0.000395994 	0.000126254
2.77939 	0.0281102 	0.000391182 	0.000126023
2.78089 	0.0280957 	0.000387189 	0.000125818
2.78239 	0.0280824 	0.00038469 	0.00012566
2.78389 	0.028069 	0.000382191 	0.000125502
2.78539 	0.0280556 	0.000379691 	0.000125345
2.78689 	0.0280422 	0.000377192 	0.000125187
2.78839 	0.0280289 	0.000374693 	0.000125029
2.78989 	0.0280155 	0.000372194 	0.000124872
2.7914 	0.0280021 	0.000369694 	0.000124714
2.7929 	0.0279888 	0.000367195 	0.000124556
2.7944 	0.0279754 	0.000364696 	0.000124399
2.7959 	0.0279625 	0.00036285 	0.000124263
2.7974 	0.0279507 	0.000362579 	0.000124178
2.7989 	0.0279403 	0.000361373 	0.000124077
2.8004 	0.027933 	0.000358108 	0.000123936
2.8019 	0.0279215 	0.000355062 	0.000123785
2.8034 	0.0279052 	0.000352279 	0.000123622
2.8049 	0.0278889 	0.000349496 	0.000123458
2.8064 	0.0278726 	0.000346713 	0.000123295
2.8079 	0.0278563 	0.00034393 	0.000123132
2.8094 	0.02784 	0.000341147 	0.000122969
2.81091 	0.0278237 	0.000338364 	0.000122805
2.81241 	0.0278074 	0.000335581 	0.000122642
2.81391 	0.0277911 	0.000332799 	0.000122479
2.81541 	0.0277746 	0.000330031 	0.000122316
2.81691 	0.0277504 	0.000327873 	0.000122152
2.81841 	0.0277274 	0.000325283 	0.000121984
2.81991 	0.0277101 	0.000320503 	0.000121788
2.82141 	0.0276932 	0.000316625 	0.000121619
2.82291 	0.0276766 	0.000313981 	0.000121486
2.82441 	0.02766 	0.000311337 	0.000121353
2.82591 	0.0276433 	0.000308692 	0.00012122
2.82741 	0.0276267 	0.000306048 	0.000121087
2.82891 	0.0276101 	0.000303404 	0.000120955
2.83042 	0.0275935 	0.000300759 	0.000120822
2.83192 	0.0275769 	0.000298115 	0.000120689
2.83342 	0.0275603 	0.000295471 	0.000120556
2.83492 	0.0275441 	0.000294051 	0.000120467
2.83642 	0.0275281 	0.000293457 	0.000120407
2.83792 	0.0275192 	0.000290706 	0.000120312
2.83942 	0.027509 	0.000287683 	0.000120208
2.84092 	0.0274901 	0.000284993 	0.000120101
2.84242 	0.0274712 	0.000282302 	0.000119993
2.84392 	0.0274522 	0.000279612 	0.000119885
2.84542 	0.0274333 	0.000276921 	0.000119777
2.84692 	0.0274144 	0.000274231 	0.000119669
2.84842 	0.0273955 	0.00027154 	0.000119561
2.84992 	0.0273766 	0.00026885 	0.000119453
2.85143 	0.0273577 	0.000266159 	0.000119346
2.85293 	0.0273277 	0.000263795 	0.00011923
2.85443 	0.0273002 	0.000260523 	0.0001191
2.85593 	0.0272779 	0.000255521 	0.000118941
2.85743 	0.0272566 	0.00025234 	0.000118834
2.85893 	0.0272355 	0.000249551 	0.000118738
2.86043 	0.0272144 	0.000246762 	0.000118642
2.86193 	0.0271933 	0.000243974 	0.000118546
2.86343 	0.0271722 	0.000241185 	0.000118449
2.86493 	0.0271511 	0.000238396 	0.000118353
2.86643 	0.02713 	0.000235607 	0.000118257
2.86793 	0.0271091 	0.000233085 	0.000118167
2.86943 	0.0270891 	0.000232416 	0.000118121
2.87094 	0.0270748 	0.000230195 	0.00011806
2.87244 	0.0270629 	0.000227151 	0.000117992
2.87394 	0.0270449 	0.00022502 	0.000117933
2.87544 	0.0270269 	0.000222889 	0.000117873
2.87694 	0.0270089 	0.000220758 	0.000117814
2.87844 	0.026991 	0.000218627 	0.000117755
2.87994 	0.026973 	0.000216497 	0.000117696
2.88144 	0.026955 	0.000214366 	0.000117636
2.88294 	0.026937 	0.000212242 	0.000117577
2.88444 	0.0269124 	0.000211248 	0.000117519
2.88594 	0.0268966 	0.000209051 	0.000117468
2.88744 	0.0268822 	0.000206032 	0.000117407
2.88894 	0.026854 	0.00020311 	0.000117309
2.89045 	0.0268258 	0.000200189 	0.00011721
2.89195 	0.0267977 	0.000197267 	0.000117111
2.89345 	0.0267695 	0.000194345 	0.000117012
2.89495 	0.0267413 	0.000191423 	0.000116914
2.89645 	0.0267131 	0.000188501 	0.000116815
2.89795 	0.0266741 	0.000185593 	0.000116681
2.89945 	0.0266308 	0.000182116 	0.000116524
2.90095 	0.0265978 	0.000177009 	0.000116376
2.90245 	0.0265655 	0.000174015 	0.000116222
2.90395 	0.0265331 	0.000171021 	0.000116067
2.90545 	0.0265008 	0.000168027 	0.000115913
2.90695 	0.0264685 	0.000165033 	0.000115759
2.90845 	0.0264361 	0.000162039 	0.000115605
2.90995 	0.0264038 	0.000159045 	0.000115451
2.91146 	0.026372 	0.000157696 	0.000115296
2.91296 	0.0263488 	0.000155407 	0.000115147
2.91446 	0.0263215 	0.000152266 	0.000114935
2.91596 	0.0262807 	0.000149269 	0.000114634
2.91746 	0.0262398 	0.000146271 	0.000114334
2.91896 	0.0261989 	0.000143274 	0.000114033
2.92046 	0.0261581 	0.000140277 	0.000113733
2.92196 	0.0261172 	0.00013728 	0.000113432
2.92346 	0.0260603 	0.000134352 	0.000113036
2.92496 	0.0260004 	0.000130142 	0.00011256
2.92646 	0.0259481 	0.000125756 	0.000112104
2.92796 	0.025899 	0.000122673 	0.000111708
2.92946 	0.0258499 	0.00011959 	0.000111313
2.93097 	0.0258008 	0.000116507 	0.000110917
2.93247 	0.0257517 	0.000113424 	0.000110522
2.93397 	0.0257032 	0.000110551 	0.000110138
2.93547 	0.02566 	0.000109615 	0.000109863
2.93697 	0.025626 	0.000106218 	0.0001095
2.93847 	0.0255805 	0.000103962 	0.000109137
2.93997 	0.0255349 	0.000101707 	0.000108775
2.94147 	0.0254894 	9.94509e-05 	0.000108412
2.94297 	0.0254439 	9.71951e-05 	0.000108049
2.94447 	0.0253976 	9.50273e-05 	0.000107688
2.94597 	0.0253433 	9.37541e-05 	0.000107337
2.94747 	0.0253017 	9.06178e-05 	0.000106941
2.94897 	0.0252449 	8.83388e-05 	0.000106518
2.95048 	0.0251881 	8.60598e-05 	0.000106095
2.95198 	0.0251313 	8.37809e-05 	0.000105671
2.95348 	0.0250745 	8.15019e-05 	0.000105248
2.95498 	0.025009 	7.97942e-05 	0.000104814
2.95648 	0.0249542 	7.72768e-05 	0.000104387
2.95798 	0.0248606 	7.41897e-05 	0.00010372
2.95948 	0.0247551 	7.11258e-05 	0.000102993
2.96098 	0.0246495 	6.80618e-05 	0.000102266
2.96248 	0.024544 	6.49979e-05 	0.000101538
2.96398 	0.0244053 	6.18826e-05 	0.000100635
2.96548 	0.0242454 	5.71778e-05 	9.95212e-05
2.96698 	0.0241082 	5.39307e-05 	9.86068e-05
2.96848 	0.0239729 	5.09015e-05 	9.77154e-05
2.96998 	0.0238377 	4.78723e-05 	9.6824e-05
2.97149 	0.0237025 	4.48431e-05 	9.59326e-05
2.97299 	0.0235868 	4.34397e-05 	9.52319e-05
2.97449 	0.0234624 	4.07505e-05 	9.44067e-05
2.97599 	0.023326 	3.86967e-05 	9.35557e-05
2.97749 	0.0231895 	3.66428e-05 	9.27048e-05
2.97899 	0.023053 	3.45889e-05 	9.18538e-05
2.98049 	0.0229026 	3.32405e-05 	9.09676e-05
2.98199 	0.0227421 	3.06622e-05 	8.99616e-05
2.98349 	0.0225619 	2.87262e-05 	8.88944e-05
2.98499 	0.0223817 	2.67903e-05 	8.78271e-05
2.98649 	0.0222004 	2.48954e-05 	8.67561e-05
2.98799 	0.0219984 	2.32561e-05 	8.5598e-05
2.98949 	0.021771 	2.12304e-05 	8.4309e-05
2.991 	0.0215316 	1.94619e-05 	8.29782e-05
2.9925 	0.0212923 	1.76934e-05 	8.16473e-05
2.994 	0.0210277 	1.64579e-05 	8.02271e-05
2.9955 	0.0185613 	1.33058e-05 	7.05703e-05
2.997 	0.0133235 	9.3611e-06 	5.05917e-05
2.9985 	0.00808574 	5.41644e-06 	3.06131e-05
3 	0 	0 	0
